0.0000000000000000
0.0000000000000000
0.0000000000000000
0.0000000000000000
0.0878719847945854
0.1438491226158078
0.1552807006718230
0.1426949604909445
0.1149129644028276
0.0775481191834342
0.0371092513895630
0.0000000000000000
0.0000000000000000
0.0000000000000000
0.0000000000000000
0.0000000000000000
0.0067809846870451
0.0056145762661274
0.0000000000000000
0.0000000000000000
0.0000000000000000
0.0000000000000000
0.0000000000000000
0.0000000000000000
0.0000000000000000
0.0000000000000000
0.0000000000000000
0.0000000000000000
0.0866903204762876
0.1434580933987612
0.1552198193483072
0.1428003639747546
0.1151066775149219
0.0777788001484463
0.0370869173336661
0.0000000000000000
0.0000000000000000
0.0000000000000000
0.0000000000000000
0.0000000000000000
0.0067929033064729
0.0056355096331253
0.0000000000000000
0.0000000000000000
0.0000000000000000
0.0000000000000000
0.0000000000000000
0.0000000000000000
0.0000000000000000
0.0000000000000000
0.0000000000000000
0.0000000000000000
0.0854587610166774
0.1430468563405085
0.1551468158247034
0.1428950569915375
0.1152889726290299
0.0779966727696989
0.0370626072751471
0.0000000000000000
0.0000000000000000
0.0000000000000000
0.0000000000000000
0.0000000000000000
0.0068028805564687
0.0056517410317352
0.0000000000000000
0.0000000000000000
0.0000000000000000
0.0000000000000000
0.0000000000000000
0.0000000000000000
0.0000000000000000
0.0000000000000000
0.0000000000000000
0.0000000000000000
0.0841768479964827
0.1426151987937193
0.1550615115619701
0.1429788129989681
0.1154595885043754
0.0782014698886289
0.0370363179986633
0.0000000000000000
0.0000000000000000
0.0000000000000000
0.0000000000000000
0.0000000000000000
0.0068108991199694
0.0056632395617897
0.0000000000000000
0.0000000000000000
0.0000000000000000
0.0000000000000000
0.0000000000000000
0.0000000000000000
0.0000000000000000
0.0000000000000000
0.0000000000000000
0.0000000000000000
0.0828441286590515
0.1421628984753884
0.1549637259608296
0.1430514070133713
0.1156182687285947
0.0783929323313633
0.0370080456121566
0.0000000000000000
0.0000000000000000
0.0000000000000000
0.0000000000000000
0.0000000000000000
0.0068169424146128
0.0056699760317433
0.0000000000000000
0.0000000000000000
0.0000000000000000
0.0000000000000000
0.0000000000000000
0.0000000000000000
0.0000000000000000
0.0000000000000000
0.0000000000000000
0.0000000000000000
0.0814601659592479
0.1416897246247152
0.1548532763494564
0.1431126148614765
0.1157647605041245
0.0785708073722771
0.0369777855635090
0.0000000000000000
0.0000000000000000
0.0000000000000000
0.0000000000000000
0.0000000000000000
0.0068209944459683
0.0056719225905950
0.0000000000000000
0.0000000000000000
0.0000000000000000
0.0000000000000000
0.0000000000000000
0.0000000000000000
0.0000000000000000
0.0000000000000000
0.0000000000000000
0.0000000000000000
0.0800245481379716
0.1411954387446165
0.1547299780787962
0.1431622128895959
0.1158988140772269
0.0787348480114356
0.0369455326523159
0.0000000000000000
0.0000000000000000
0.0000000000000000
0.0000000000000000
0.0000000000000000
0.0068230397378620
0.0056690525368268
0.0000000000000000
0.0000000000000000
0.0000000000000000
0.0000000000000000
0.0000000000000000
0.0000000000000000
0.0000000000000000
0.0000000000000000
0.0000000000000000
0.0000000000000000
0.0785368982412563
0.1406797950191297
0.1545936447201865
0.1431999780393991
0.1160201827676916
0.0788848129363689
0.0369112810421565
0.0000000000000000
0.0000000000000000
0.0000000000000000
0.0000000000000000
0.0000000000000000
0.0068230633280739
0.0056613402960611
0.0000000000000000
0.0000000000000000
0.0000000000000000
0.0000000000000000
0.0000000000000000
0.0000000000000000
0.0000000000000000
0.0000000000000000
0.0000000000000000
0.0000000000000000
0.0769968842428682
0.1401425405724360
0.1544440883694332
0.1432256882201209
0.1161286233802427
0.0790204669819468
0.0368750242843402
0.0000000000000000
0.0000000000000000
0.0000000000000000
0.0000000000000000
0.0000000000000000
0.0068210508143007
0.0056487615173377
0.0000000000000000
0.0000000000000000
0.0000000000000000
0.0000000000000000
0.0000000000000000
0.0000000000000000
0.0000000000000000
0.0000000000000000
0.0000000000000000
0.0000000000000000
0.0754042307357066
0.1395834158196974
0.1542811200553634
0.1432391228183862
0.1162238968251584
0.0791415817943482
0.0368367553593986
0.0000000000000000
0.0000000000000000
0.0000000000000000
0.0000000000000000
0.0000000000000000
0.0068169884186758
0.0056312932327227
0.0000000000000000
0.0000000000000000
0.0000000000000000
0.0000000000000000
0.0000000000000000
0.0000000000000000
0.0000000000000000
0.0000000000000000
0.0000000000000000
0.0000000000000000
0.0737587329875912
0.1390021551320848
0.1541045502392545
0.1432400631926901
0.1163057686329033
0.0792479363870442
0.0369013021029659
0.0000000000000000
0.0000000000000000
0.0000000000000000
0.0000000000000000
0.0000000000000000
0.0068108630408034
0.0056089139939986
0.0000000000000000
0.0000000000000000
0.0000000000000000
0.0000000000000000
0.0000000000000000
0.0000000000000000
0.0000000000000000
0.0000000000000000
0.0000000000000000
0.0000000000000000
0.0720602745082097
0.1383984880932616
0.1539141893941968
0.1432282929673211
0.1163740091083363
0.0793393171926829
0.0369761722988106
0.0000000000000000
0.0000000000000000
0.0000000000000000
0.0000000000000000
0.0000000000000000
0.0068026622602149
0.0055816039147701
0.0000000000000000
0.0000000000000000
0.0000000000000000
0.0000000000000000
0.0000000000000000
0.0000000000000000
0.0000000000000000
0.0000000000000000
0.0000000000000000
0.0000000000000000
0.0703088487797861
0.1377721415412758
0.1537098486729769
0.1432035980389045
0.1164283929502304
0.0794155174788331
0.0370347744477058
0.0000000000000000
0.0000000000000000
0.0000000000000000
0.0000000000000000
0.0000000000000000
0.0067923742818279
0.0055493445894173
0.0000000000000000
0.0000000000000000
0.0000000000000000
0.0000000000000000
0.0000000000000000
0.0000000000000000
0.0000000000000000
0.0000000000000000
0.0000000000000000
0.0000000000000000
0.0685045857051704
0.1371228425138667
0.1534913407220538
0.1431657663475585
0.1164686984306063
0.0794763361675384
0.0370769563955001
0.0000000000000000
0.0000000000000000
0.0000000000000000
0.0000000000000000
0.0000000000000000
0.0067799878411047
0.0055121189498625
0.0000000000000000
0.0000000000000000
0.0000000000000000
0.0000000000000000
0.0000000000000000
0.0000000000000000
0.0000000000000000
0.0000000000000000
0.0000000000000000
0.0000000000000000
0.0666477828166315
0.1364503220894668
0.1532584807492017
0.1431145876335731
0.1164947064047192
0.0795215764691229
0.0371025723942694
0.0000000000000000
0.0000000000000000
0.0000000000000000
0.0000000000000000
0.0000000000000000
0.0067654921141319
0.0054699111514284
0.0000000000000000
0.0000000000000000
0.0000000000000000
0.0000000000000000
0.0000000000000000
0.0000000000000000
0.0000000000000000
0.0000000000000000
0.0000000000000000
0.0000000000000000
0.0647389412282193
0.1357543201236788
0.1530110879403133
0.1430498533690045
0.1165061994783612
0.0795510446389211
0.0371114817693555
0.0000000000000000
0.0000000000000000
0.0000000000000000
0.0000000000000000
0.0000000000000000
0.0067488766607438
0.0054227065689500
0.0000000000000000
0.0000000000000000
0.0000000000000000
0.0000000000000000
0.0000000000000000
0.0000000000000000
0.0000000000000000
0.0000000000000000
0.0000000000000000
0.0000000000000000
0.0627788056350031
0.1350345905708635
0.1527489871777592
0.1429713569568666
0.1165029614133970
0.0795645490226558
0.0371035478457217
0.0000000000000000
0.0000000000000000
0.0000000000000000
0.0000000000000000
0.0000000000000000
0.0067301313934110
0.0053704918600130
0.0000000000000000
0.0000000000000000
0.0000000000000000
0.0000000000000000
0.0000000000000000
0.0000000000000000
0.0000000000000000
0.0000000000000000
0.0000000000000000
0.0000000000000000
0.0607684063698259
0.1342909066660170
0.1524720107566254
0.1428788940448378
0.1164847767581909
0.0795618993011503
0.0370786370506153
0.0000000000000000
0.0000000000000000
0.0000000000000000
0.0000000000000000
0.0000000000000000
0.0067092465303931
0.0053132550032580
0.0000000000000000
0.0000000000000000
0.0000000000000000
0.0000000000000000
0.0000000000000000
0.0000000000000000
0.0000000000000000
0.0000000000000000
0.0000000000000000
0.0000000000000000
0.0587090996926176
0.1335230645566353
0.1521799995880684
0.1427722628182085
0.1164514306321563
0.0795429059707985
0.0370366181613892
0.0000000000000000
0.0000000000000000
0.0000000000000000
0.0000000000000000
0.0000000000000000
0.0066862125117135
0.0052509852373535
0.0000000000000000
0.0000000000000000
0.0000000000000000
0.0000000000000000
0.0000000000000000
0.0000000000000000
0.0000000000000000
0.0000000000000000
0.0000000000000000
0.0000000000000000
0.0566026023042522
0.1327308838566272
0.1518728034352156
0.1426512642665871
0.1164027089761468
0.0795073804312849
0.0369773621541183
0.0000000000000000
0.0000000000000000
0.0000000000000000
0.0000000000000000
0.0000000000000000
0.0066610199117601
0.0051836730054941
0.0000000000000000
0.0000000000000000
0.0000000000000000
0.0000000000000000
0.0000000000000000
0.0000000000000000
0.0000000000000000
0.0000000000000000
0.0000000000000000
0.0000000000000000
0.0544510180301517
0.1319142044504657
0.1515502801387182
0.1425157027464809
0.1163383997777338
0.0794551364380625
0.0369007434768548
0.0000000000000000
0.0000000000000000
0.0000000000000000
0.0000000000000000
0.0000000000000000
0.0066336594580663
0.0051113101710023
0.0000000000000000
0.0000000000000000
0.0000000000000000
0.0000000000000000
0.0000000000000000
0.0000000000000000
0.0000000000000000
0.0000000000000000
0.0000000000000000
0.0000000000000000
0.0522568593360432
0.1310728803412737
0.1512122943453750
0.1423653872841473
0.1162582958063888
0.0793859934895388
0.0368066435352902
0.0000000000000000
0.0000000000000000
0.0000000000000000
0.0000000000000000
0.0000000000000000
0.0066041222622648
0.0050338908048860
0.0000000000000000
0.0000000000000000
0.0000000000000000
0.0000000000000000
0.0000000000000000
0.0000000000000000
0.0000000000000000
0.0000000000000000
0.0000000000000000
0.0000000000000000
0.0500230697828901
0.1302067728149098
0.1508587165762631
0.1422001339007950
0.1161621988785347
0.0792997821783568
0.0366949563561768
0.0000000000000000
0.0000000000000000
0.0000000000000000
0.0000000000000000
0.0000000000000000
0.0065724003037631
0.0049514126498821
0.0000000000000000
0.0000000000000000
0.0000000000000000
0.0000000000000000
0.0000000000000000
0.0000000000000000
0.0000000000000000
0.0000000000000000
0.0000000000000000
0.0000000000000000
0.0477530541446538
0.1293157451983344
0.1504894232477435
0.1420197687539460
0.1160499250149270
0.0791963505438535
0.0365655954989949
0.0000000000000000
0.0000000000000000
0.0000000000000000
0.0000000000000000
0.0000000000000000
0.0065384870715579
0.0048638790640381
0.0000000000000000
0.0000000000000000
0.0000000000000000
0.0000000000000000
0.0000000000000000
0.0000000000000000
0.0000000000000000
0.0000000000000000
0.0000000000000000
0.0000000000000000
0.0454507189542335
0.1283996603129221
0.1501042975987411
0.1418241314239087
0.1159213093392892
0.0790755700323881
0.0364185004920203
0.0000000000000000
0.0000000000000000
0.0000000000000000
0.0000000000000000
0.0000000000000000
0.0000000000000000
0.0047713009913112
0.0000000000000000
0.0000000000000000
0.0000000000000000
0.0000000000000000
0.0000000000000000
0.0000000000000000
0.0000000000000000
0.0000000000000000
0.0000000000000000
0.0000000000000000
0.0431205212468009
0.1274583798676246
0.1497032308404151
0.1416130774576959
0.1157762096354454
0.0789373396758178
0.0362536413206926
0.0000000000000000
0.0000000000000000
0.0000000000000000
0.0000000000000000
0.0000000000000000
0.0000000000000000
0.0046736985305061
0.0000000000000000
0.0000000000000000
0.0000000000000000
0.0000000000000000
0.0000000000000000
0.0000000000000000
0.0000000000000000
0.0000000000000000
0.0000000000000000
0.0000000000000000
0.0407675202595838
0.1264917641566249
0.1492861226914642
0.1413864795742413
0.1156145079370716
0.0787815878773607
0.0360710201880086
0.0000000000000000
0.0000000000000000
0.0000000000000000
0.0000000000000000
0.0000000000000000
0.0000000000000000
0.0045711018863162
0.0000000000000000
0.0000000000000000
0.0000000000000000
0.0000000000000000
0.0000000000000000
0.0000000000000000
0.0000000000000000
0.0000000000000000
0.0000000000000000
0.0000000000000000
0.0383974278979523
0.1254996708804096
0.1488528809178646
0.1411442274629439
0.1154361103048182
0.0786082719894124
0.0358706708417754
0.0000000000000000
0.0000000000000000
0.0000000000000000
0.0000000000000000
0.0000000000000000
0.0000000000000000
0.0044635518306080
0.0000000000000000
0.0000000000000000
0.0000000000000000
0.0000000000000000
0.0000000000000000
0.0000000000000000
0.0000000000000000
0.0000000000000000
0.0000000000000000
0.0000000000000000
0.0360166566379985
0.1244819532762375
0.1484034201492304
0.1408862266047135
0.1152409453457917
0.0784173764533115
0.0357177972466941
0.0000000000000000
0.0000000000000000
0.0000000000000000
0.0000000000000000
0.0000000000000000
0.0000000000000000
0.0043510999785822
0.0000000000000000
0.0000000000000000
0.0000000000000000
0.0000000000000000
0.0000000000000000
0.0000000000000000
0.0000000000000000
0.0000000000000000
0.0000000000000000
0.0000000000000000
0.0336323655533798
0.1234384586245622
0.1479376606276979
0.1406123967399252
0.1150289621947610
0.0782089102927309
0.0356378995583701
0.0000000000000000
0.0000000000000000
0.0000000000000000
0.0000000000000000
0.0000000000000000
0.0000000000000000
0.0042338091985261
0.0000000000000000
0.0000000000000000
0.0000000000000000
0.0000000000000000
0.0000000000000000
0.0000000000000000
0.0000000000000000
0.0000000000000000
0.0000000000000000
0.0000000000000000
0.0312525034860500
0.1223690281454775
0.1474555274001776
0.1403226704135128
0.1148001284438400
0.0779829045346906
0.0355558718014954
0.0000000000000000
0.0000000000000000
0.0000000000000000
0.0000000000000000
0.0000000000000000
0.0000000000000000
0.0041117543284669
0.0000000000000000
0.0000000000000000
0.0000000000000000
0.0000000000000000
0.0000000000000000
0.0000000000000000
