0.0000000000000000
0.0000000000000000
0.0000000000000000
0.0000000000000000
0.0000000000000000
0.0000000000000000
0.0000000000000000
0.0000000000000000
0.0574566349627939
0.0775484848444678
0.0371092534776019
0.0370451058247312
0.0352071006510873
0.0317082052265328
0.0267567204774788
0.0206231519967359
0.0135620175268367
0.0056146258016601
0.0000000000000000
0.0000000000000000
0.0000000000000000
0.0000000000000000
0.0000000000000000
0.0000000000000000
0.0000000000000000
0.0000000000000000
0.0000000000000000
0.0000000000000000
0.0000000000000000
0.0000000000000000
0.0000000000000000
0.0000000000000000
0.0575534912687746
0.0777791656706768
0.0370869193502056
0.0370366866117193
0.0352109194212822
0.0317218072586895
0.0267770603140328
0.0206468699396597
0.0135858548533434
0.0056355592938202
0.0000000000000000
0.0000000000000000
0.0000000000000000
0.0000000000000000
0.0000000000000000
0.0000000000000000
0.0000000000000000
0.0000000000000000
0.0000000000000000
0.0000000000000000
0.0000000000000000
0.0000000000000000
0.0000000000000000
0.0000000000000000
0.0576446385815813
0.0779970381652694
0.0370626092246771
0.0370261283705409
0.0352123675737241
0.0317327505619507
0.0267944063330627
0.0206672070120166
0.0136058094481003
0.0056517908257961
0.0000000000000000
0.0000000000000000
0.0000000000000000
0.0000000000000000
0.0000000000000000
0.0000000000000000
0.0000000000000000
0.0000000000000000
0.0000000000000000
0.0000000000000000
0.0000000000000000
0.0000000000000000
0.0000000000000000
0.0000000000000000
0.0577299462809406
0.0782018351696256
0.0370363198857448
0.0370134159744682
0.0352114200482315
0.0317410027741203
0.0268087219761596
0.0206841258512454
0.0136218466769047
0.0056632894974001
0.0000000000000000
0.0000000000000000
0.0000000000000000
0.0000000000000000
0.0000000000000000
0.0000000000000000
0.0000000000000000
0.0000000000000000
0.0000000000000000
0.0000000000000000
0.0000000000000000
0.0000000000000000
0.0000000000000000
0.0000000000000000
0.0578092861607696
0.0783932975097873
0.0370080474414174
0.0369985339181652
0.0352080517791495
0.0317465319505539
0.0268199715417443
0.0206975903491675
0.0136339333749555
0.0056700261170483
0.0000000000000000
0.0000000000000000
0.0000000000000000
0.0000000000000000
0.0000000000000000
0.0000000000000000
0.0000000000000000
0.0000000000000000
0.0000000000000000
0.0000000000000000
0.0000000000000000
0.0000000000000000
0.0000000000000000
0.0000000000000000
0.0578825318223737
0.0785711724600187
0.0369777873396412
0.0369814662754108
0.0352022375953282
0.0317493064087876
0.0268281199776968
0.0207075654039259
0.0136420375533156
0.0056719728336844
0.0000000000000000
0.0000000000000000
0.0000000000000000
0.0000000000000000
0.0000000000000000
0.0000000000000000
0.0000000000000000
0.0000000000000000
0.0000000000000000
0.0000000000000000
0.0000000000000000
0.0000000000000000
0.0000000000000000
0.0000000000000000
0.0579495583889581
0.0787352130202492
0.0369455343800726
0.0369621966850232
0.0351939521788622
0.0317492946613132
0.0268331327925302
0.0207140168050498
0.0136461282595615
0.0056691029457177
0.0000000000000000
0.0000000000000000
0.0000000000000000
0.0000000000000000
0.0000000000000000
0.0000000000000000
0.0000000000000000
0.0000000000000000
0.0000000000000000
0.0000000000000000
0.0000000000000000
0.0000000000000000
0.0000000000000000
0.0000000000000000
0.0580102425204801
0.0788851778778499
0.0369112827263493
0.0369407083646255
0.0351831700796594
0.0317464654296992
0.0268349760640584
0.0207169112394603
0.0136461755691786
0.0056613908786808
0.0000000000000000
0.0000000000000000
0.0000000000000000
0.0000000000000000
0.0000000000000000
0.0000000000000000
0.0000000000000000
0.0000000000000000
0.0000000000000000
0.0000000000000000
0.0000000000000000
0.0000000000000000
0.0000000000000000
0.0000000000000000
0.0580644626193526
0.0790208318675061
0.0368750259298363
0.0369169841527817
0.0351698657738307
0.0317407877158048
0.0268336165235244
0.0207162163786480
0.0136421506774864
0.0056488122815052
0.0000000000000000
0.0000000000000000
0.0000000000000000
0.0000000000000000
0.0000000000000000
0.0000000000000000
0.0000000000000000
0.0000000000000000
0.0000000000000000
0.0000000000000000
0.0000000000000000
0.0000000000000000
0.0000000000000000
0.0000000000000000
0.0581120991407533
0.0791419466351888
0.0368367569711177
0.0368910065729323
0.0351540137492284
0.0317322309069435
0.0268290216729345
0.0207119010090079
0.0136340260286789
0.0056313441861295
0.0000000000000000
0.0000000000000000
0.0000000000000000
0.0000000000000000
0.0000000000000000
0.0000000000000000
0.0000000000000000
0.0000000000000000
0.0000000000000000
0.0000000000000000
0.0000000000000000
0.0000000000000000
0.0000000000000000
0.0000000000000000
0.0581530348499400
0.0792483011941358
0.0369016921443134
0.0368627579108387
0.0351355885921761
0.0317207648696067
0.0268211598865387
0.0207039351330153
0.0136217754218926
0.0056089651441869
0.0000000000000000
0.0000000000000000
0.0000000000000000
0.0000000000000000
0.0000000000000000
0.0000000000000000
0.0000000000000000
0.0000000000000000
0.0000000000000000
0.0000000000000000
0.0000000000000000
0.0000000000000000
0.0000000000000000
0.0000000000000000
0.0581871548993558
0.0793396819767379
0.0369765625795476
0.0368322202938080
0.0351145650527885
0.0317063600000331
0.0268100004445835
0.0206922899927677
0.0136053740161190
0.0055816552691090
0.0000000000000000
0.0000000000000000
0.0000000000000000
0.0000000000000000
0.0000000000000000
0.0000000000000000
0.0000000000000000
0.0000000000000000
0.0000000000000000
0.0000000000000000
0.0000000000000000
0.0000000000000000
0.0000000000000000
0.0000000000000000
0.0582143466383893
0.0794158822502837
0.0370351649731253
0.0367993757679277
0.0350909180749985
0.0316889872108016
0.0267955134840627
0.0206769379860606
0.0135847982211229
0.0055493961550749
0.0000000000000000
0.0000000000000000
0.0000000000000000
0.0000000000000000
0.0000000000000000
0.0000000000000000
0.0000000000000000
0.0000000000000000
0.0000000000000000
0.0000000000000000
0.0000000000000000
0.0000000000000000
0.0000000000000000
0.0000000000000000
0.0582344992030442
0.0794767009365143
0.0370773471703598
0.0367642063821865
0.0350646228099739
0.0316686178780492
0.0267776698880093
0.0206578525151557
0.0135600255077592
0.0055121707337752
0.0000000000000000
0.0000000000000000
0.0000000000000000
0.0000000000000000
0.0000000000000000
0.0000000000000000
0.0000000000000000
0.0000000000000000
0.0000000000000000
0.0000000000000000
0.0000000000000000
0.0000000000000000
0.0000000000000000
0.0000000000000000
0.0582475030209333
0.0795219412454321
0.0371029634227712
0.0367266943014905
0.0350356546440407
0.0316452237959546
0.0267564411827743
0.0206350078377019
0.0135310342281312
0.0054699631602643
0.0000000000000000
0.0000000000000000
0.0000000000000000
0.0000000000000000
0.0000000000000000
0.0000000000000000
0.0000000000000000
0.0000000000000000
0.0000000000000000
0.0000000000000000
0.0000000000000000
0.0000000000000000
0.0000000000000000
0.0000000000000000
0.0582532493949336
0.0795514094320334
0.0371118730551235
0.0366868219647246
0.0350039892737356
0.0316187771797152
0.0267317994831971
0.0206083789776317
0.0134978035018382
0.0054227588090665
0.0000000000000000
0.0000000000000000
0.0000000000000000
0.0000000000000000
0.0000000000000000
0.0000000000000000
0.0000000000000000
0.0000000000000000
0.0000000000000000
0.0000000000000000
0.0000000000000000
0.0000000000000000
0.0000000000000000
0.0000000000000000
0.0582516302059556
0.0795649138416862
0.0371039393917814
0.0366445722739661
0.0349696028162856
0.0315892507101898
0.0267037174881673
0.0205779416832652
0.0134603131537518
0.0053705443374079
0.0000000000000000
0.0000000000000000
0.0000000000000000
0.0000000000000000
0.0000000000000000
0.0000000000000000
0.0000000000000000
0.0000000000000000
0.0000000000000000
0.0000000000000000
0.0000000000000000
0.0000000000000000
0.0000000000000000
0.0000000000000000
0.0582425377281587
0.0795622641548475
0.0370790288593737
0.0365999287567150
0.0349324719058865
0.0315566175703584
0.0266721684662518
0.0205436723754179
0.0134185436203204
0.0053133077235121
0.0000000000000000
0.0000000000000000
0.0000000000000000
0.0000000000000000
0.0000000000000000
0.0000000000000000
0.0000000000000000
0.0000000000000000
0.0000000000000000
0.0000000000000000
0.0000000000000000
0.0000000000000000
0.0000000000000000
0.0000000000000000
0.0582258645212278
0.0795432708675329
0.0370370102346155
0.0365528756268876
0.0348925737153797
0.0315208514269080
0.0266371261949927
0.0205055480366423
0.0133724757815209
0.0052510382055652
0.0000000000000000
0.0000000000000000
0.0000000000000000
0.0000000000000000
0.0000000000000000
0.0000000000000000
0.0000000000000000
0.0000000000000000
0.0000000000000000
0.0000000000000000
0.0000000000000000
0.0000000000000000
0.0000000000000000
0.0000000000000000
0.0582015035555692
0.0795077453790399
0.0369777544929286
0.0365033977048828
0.0348498858961450
0.0314819263747253
0.0265985648930703
0.0204635461122667
0.0133220907860607
0.0051837262262046
0.0000000000000000
0.0000000000000000
0.0000000000000000
0.0000000000000000
0.0000000000000000
0.0000000000000000
0.0000000000000000
0.0000000000000000
0.0000000000000000
0.0000000000000000
0.0000000000000000
0.0000000000000000
0.0000000000000000
0.0000000000000000
0.0581693488249480
0.0794555014444269
0.0369011360816979
0.0364514802437421
0.0348043865108290
0.0314398169527219
0.0265564592857932
0.0204176445832717
0.0132673700889412
0.0051113636481114
0.0000000000000000
0.0000000000000000
0.0000000000000000
0.0000000000000000
0.0000000000000000
0.0000000000000000
0.0000000000000000
0.0000000000000000
0.0000000000000000
0.0000000000000000
0.0000000000000000
0.0000000000000000
0.0000000000000000
0.0000000000000000
0.1162585926311529
0.0793863585616949
0.0368070364059389
0.0363971087843983
0.0347560540914444
0.0313944983712085
0.0265107849625304
0.0203678224065829
0.0132082959133672
0.0050339445415530
0.0000000000000000
0.0000000000000000
0.0000000000000000
0.0000000000000000
0.0000000000000000
0.0000000000000000
0.0000000000000000
0.0000000000000000
0.0000000000000000
0.0000000000000000
0.0000000000000000
0.0000000000000000
0.0000000000000000
0.0000000000000000
0.1161624954626323
0.0793001473230656
0.0366953494917168
0.0363402691716874
0.0347048679200194
0.0313459470311048
0.0264615190897076
0.0203140603745786
0.0131448522180984
0.0049514666484119
0.0000000000000000
0.0000000000000000
0.0000000000000000
0.0000000000000000
0.0000000000000000
0.0000000000000000
0.0000000000000000
0.0000000000000000
0.0000000000000000
0.0000000000000000
0.0000000000000000
0.0000000000000000
0.0000000000000000
0.0000000000000000
0.1160502213705270
0.0791967157674308
0.0365659888978131
0.0362809477773739
0.0346508085229860
0.0312941412639505
0.0264086413678090
0.0202563422492333
0.0130770259810774
0.0048639333257467
0.0000000000000000
0.0000000000000000
0.0000000000000000
0.0000000000000000
0.0000000000000000
0.0000000000000000
0.0000000000000000
0.0000000000000000
0.0000000000000000
0.0000000000000000
0.0000000000000000
0.0000000000000000
0.0000000000000000
0.0000000000000000
0.1159216054784129
0.0790759353406748
0.0364188941517927
0.0362191318507307
0.0345938582358583
0.0312390621001692
0.0263521349749650
0.0201946558581955
0.0130048084362484
0.0047713555163657
0.0000000000000000
0.0000000000000000
0.0000000000000000
0.0000000000000000
0.0000000000000000
0.0000000000000000
0.0000000000000000
0.0000000000000000
0.0000000000000000
0.0000000000000000
0.0000000000000000
0.0000000000000000
0.0000000000000000
0.0000000000000000
0.1157765055699146
0.0789377050741461
0.0362540352383682
0.0361548098361582
0.0345340016483994
0.0311806938281162
0.0262919872281580
0.0201289938363693
0.0129281958909402
0.0046737533177384
0.0000000000000000
0.0000000000000000
0.0000000000000000
0.0000000000000000
0.0000000000000000
0.0000000000000000
0.0000000000000000
0.0000000000000000
0.0000000000000000
0.0000000000000000
0.0000000000000000
0.0000000000000000
0.0000000000000000
0.0000000000000000
0.1156148036784529
0.0787819533705184
0.0360714143597954
0.0360879715214779
0.0344712257916343
0.0311190242111926
0.0262281898131612
0.0200593538600283
0.0128471899475301
0.0045711569330039
0.0000000000000000
0.0000000000000000
0.0000000000000000
0.0000000000000000
0.0000000000000000
0.0000000000000000
0.0000000000000000
0.0000000000000000
0.0000000000000000
0.0000000000000000
0.0000000000000000
0.0000000000000000
0.0000000000000000
0.0000000000000000
0.1154364058643681
0.0786086375816082
0.0358710652631272
0.0360186079854300
0.0344055200615644
0.0310540443733037
0.0261607386237319
0.0199857384224395
0.0127617972001419
0.0044636071322203
0.0000000000000000
0.0000000000000000
0.0000000000000000
0.0000000000000000
0.0000000000000000
0.0000000000000000
0.0000000000000000
0.0000000000000000
0.0000000000000000
0.0000000000000000
0.0000000000000000
0.0000000000000000
0.0000000000000000
0.0000000000000000
0.1152412407344052
0.0784177421481448
0.0357177992031919
0.0359467114233497
0.0343368759820336
0.0309857484884414
0.0260896333663475
0.0199081543514417
0.0126720286408799
0.0043511555284824
0.0000000000000000
0.0000000000000000
0.0000000000000000
0.0000000000000000
0.0000000000000000
0.0000000000000000
0.0000000000000000
0.0000000000000000
0.0000000000000000
0.0000000000000000
0.0000000000000000
0.0000000000000000
0.0000000000000000
0.0000000000000000
0.1150292574229244
0.0782092760931632
0.0356379015866313
0.0358722749650477
0.0342652869394181
0.0309141334240131
0.0260148771133700
0.0198266122658375
0.0125778990095049
0.0042338649876253
0.0000000000000000
0.0000000000000000
0.0000000000000000
0.0000000000000000
0.0000000000000000
0.0000000000000000
0.0000000000000000
0.0000000000000000
0.0000000000000000
0.0000000000000000
0.0000000000000000
0.0000000000000000
0.0000000000000000
0.0000000000000000
0.1148004235215891
0.0779832704430231
0.0355558739068422
0.0357952925580541
0.0341907479683702
0.0308391984299983
0.0259364758964950
0.0197411260847234
0.0124794262084160
0.0041118103448175
0.0000000000000000
0.0000000000000000
0.0000000000000000
0.0000000000000000
0.0000000000000000
0.0000000000000000
