0.0000000000000000
0.0000000000000000
0.0000000000000000
0.0000000000000000
0.0255082758301954
0.0642141253473611
0.0942843293581039
0.1128720204718494
0.1190141640769773
0.1127276149465851
0.0949455145429185
0.0674892681712339
0.0000000000000000
0.0000000000000000
0.0000000000000000
0.0000000000000000
0.0000000000000000
0.0000000000000000
0.0000000000000000
0.0000000000000000
0.0000000000000000
0.0000000000000000
0.0000000000000000
0.0000000000000000
0.0000000000000000
0.0000000000000000
0.0000000000000000
0.0000000000000000
0.0251411397036008
0.0640185861608712
0.0942443521482236
0.1129671589323644
0.1192278710875787
0.1130415181786494
0.0953373040570729
0.0679324061382614
0.0000000000000000
0.0000000000000000
0.0000000000000000
0.0000000000000000
0.0000000000000000
0.0000000000000000
0.0000000000000000
0.0000000000000000
0.0000000000000000
0.0000000000000000
0.0000000000000000
0.0000000000000000
0.0000000000000000
0.0000000000000000
0.0000000000000000
0.0000000000000000
0.0247688464815622
0.0638299563799176
0.0942172711426865
0.1130777541381771
0.1194577602024894
0.1133712017050136
0.0957437509341968
0.0683886626088594
0.0000000000000000
0.0000000000000000
0.0000000000000000
0.0000000000000000
0.0000000000000000
0.0000000000000000
0.0000000000000000
0.0000000000000000
0.0000000000000000
0.0000000000000000
0.0000000000000000
0.0000000000000000
0.0000000000000000
0.0000000000000000
0.0000000000000000
0.0000000000000000
0.0243909691203480
0.0636480494706199
0.0942029549783124
0.1132036340068218
0.1197035945900038
0.1137163659191429
0.0961645069122745
0.0688576614768664
0.0000000000000000
0.0000000000000000
0.0000000000000000
0.0000000000000000
0.0000000000000000
0.0000000000000000
0.0000000000000000
0.0000000000000000
0.0000000000000000
0.0000000000000000
0.0000000000000000
0.0000000000000000
0.0000000000000000
0.0000000000000000
0.0000000000000000
0.0000000000000000
0.0240070446464422
0.0634726533890702
0.0942012540373522
0.1133446110482480
0.1199651242875353
0.1140767005714622
0.0965992158305479
0.0693390215914502
0.0000000000000000
0.0000000000000000
0.0000000000000000
0.0000000000000000
0.0000000000000000
0.0000000000000000
0.0000000000000000
0.0000000000000000
0.0000000000000000
0.0000000000000000
0.0000000000000000
0.0000000000000000
0.0000000000000000
0.0000000000000000
0.0000000000000000
0.0000000000000000
0.0236165773678234
0.0633035322893261
0.0942120019668173
0.1135004834942288
0.1202420868829299
0.1144518850103824
0.0970475134808100
0.0698323562658387
0.0000000000000000
0.0000000000000000
0.0000000000000000
0.0000000000000000
0.0000000000000000
0.0000000000000000
0.0000000000000000
0.0000000000000000
0.0000000000000000
0.0000000000000000
0.0000000000000000
0.0000000000000000
0.0000000000000000
0.0000000000000000
0.0000000000000000
0.0000000000000000
0.0232190416506582
0.0631404275336601
0.0942350166823765
0.1136710361070633
0.1205342081106879
0.1148415885628488
0.0975090277770801
0.0703372732932851
0.0000000000000000
0.0000000000000000
0.0000000000000000
0.0000000000000000
0.0000000000000000
0.0000000000000000
0.0000000000000000
0.0000000000000000
0.0000000000000000
0.0000000000000000
0.0000000000000000
0.0000000000000000
0.0000000000000000
0.0000000000000000
0.0000000000000000
0.0000000000000000
0.0228138844469820
0.0629830580845917
0.0942701008632576
0.1138560406595777
0.1208412022899597
0.1152454709338647
0.0979833791267141
0.0708533752559265
0.0000000000000000
0.0000000000000000
0.0000000000000000
0.0000000000000000
0.0000000000000000
0.0000000000000000
0.0000000000000000
0.0000000000000000
0.0000000000000000
0.0000000000000000
0.0000000000000000
0.0000000000000000
0.0000000000000000
0.0000000000000000
0.0000000000000000
0.0000000000000000
0.0224005278415875
0.0628311204104973
0.0943170420315732
0.1140552560704994
0.1211627725342550
0.1156631824912460
0.0984701807704150
0.0713802599336085
0.0000000000000000
0.0000000000000000
0.0000000000000000
0.0000000000000000
0.0000000000000000
0.0000000000000000
0.0000000000000000
0.0000000000000000
0.0000000000000000
0.0000000000000000
0.0000000000000000
0.0000000000000000
0.0000000000000000
0.0000000000000000
0.0000000000000000
0.0000000000000000
0.0219783720341547
0.0626842881764511
0.0943756123518806
0.1142684282831724
0.1214986107194881
0.1160943643346109
0.0989690389561570
0.0719175205348668
0.0000000000000000
0.0000000000000000
0.0000000000000000
0.0000000000000000
0.0000000000000000
0.0000000000000000
0.0000000000000000
0.0000000000000000
0.0000000000000000
0.0000000000000000
0.0000000000000000
0.0000000000000000
0.0000000000000000
0.0000000000000000
0.0000000000000000
0.0000000000000000
0.0215467991237252
0.0625422120093880
0.0944455684202496
0.1144952900240776
0.1218483972600550
0.1165386481091106
0.0994795527815004
0.0724647455819082
0.0000000000000000
0.0000000000000000
0.0000000000000000
0.0000000000000000
0.0000000000000000
0.0000000000000000
0.0000000000000000
0.0000000000000000
0.0000000000000000
0.0000000000000000
0.0000000000000000
0.0000000000000000
0.0000000000000000
0.0000000000000000
0.0000000000000000
0.0000000000000000
0.0211051782128970
0.0624045197090306
0.0945266512816360
0.1147355606332871
0.1222118007784757
0.1169956555384769
0.1000013136213369
0.0730215182372397
0.0000000000000000
0.0000000000000000
0.0000000000000000
0.0000000000000000
0.0000000000000000
0.0000000000000000
0.0000000000000000
0.0000000000000000
0.0000000000000000
0.0000000000000000
0.0000000000000000
0.0000000000000000
0.0000000000000000
0.0000000000000000
0.0000000000000000
0.0000000000000000
0.0206528721239645
0.0622708171402383
0.0946185869085523
0.1149889460904838
0.1225884777353374
0.1174649977024367
0.1005339040876034
0.0735874150195530
0.0000000000000000
0.0000000000000000
0.0000000000000000
0.0000000000000000
0.0000000000000000
0.0000000000000000
0.0000000000000000
0.0000000000000000
0.0000000000000000
0.0000000000000000
0.0000000000000000
0.0000000000000000
0.0000000000000000
0.0000000000000000
0.0000000000000000
0.0000000000000000
0.0201892459276309
0.0621406898328310
0.0947210870781052
0.1152551392101382
0.1229780719898268
0.1179462740243969
0.1010768965340685
0.0741620039190125
0.0000000000000000
0.0000000000000000
0.0000000000000000
0.0000000000000000
0.0000000000000000
0.0000000000000000
0.0000000000000000
0.0000000000000000
0.0000000000000000
0.0000000000000000
0.0000000000000000
0.0000000000000000
0.0000000000000000
0.0000000000000000
0.0000000000000000
0.0000000000000000
0.0197136772321743
0.0620137050329490
0.0948338504386436
0.1155338197923771
0.1233802141521531
0.1184390709211313
0.1016298511056193
0.0747448420054805
0.0000000000000000
0.0000000000000000
0.0000000000000000
0.0000000000000000
0.0000000000000000
0.0000000000000000
0.0000000000000000
0.0000000000000000
0.0000000000000000
0.0000000000000000
0.0000000000000000
0.0000000000000000
0.0000000000000000
0.0000000000000000
0.0000000000000000
0.0000000000000000
0.0192255681997490
0.0618894139840570
0.0949565634874057
0.1158246545535032
0.1237945206208562
0.1189429600878549
0.1021923134244112
0.0753354726603345
0.0000000000000000
0.0000000000000000
0.0000000000000000
0.0000000000000000
0.0000000000000000
0.0000000000000000
0.0000000000000000
0.0000000000000000
0.0000000000000000
0.0000000000000000
0.0000000000000000
0.0000000000000000
0.0000000000000000
0.0000000000000000
0.0000000000000000
0.0000000000000000
0.0187243591820946
0.0617673542622859
0.0950889014530756
0.1161272969023915
0.1242205924940985
0.1194574967030274
0.1027638122349292
0.0759334228463958
0.0000000000000000
0.0000000000000000
0.0000000000000000
0.0000000000000000
0.0000000000000000
0.0000000000000000
0.0000000000000000
0.0000000000000000
0.0000000000000000
0.0000000000000000
0.0000000000000000
0.0000000000000000
0.0000000000000000
0.0000000000000000
0.0000000000000000
0.0000000000000000
0.0182095436431417
0.0616470521944821
0.0952305293386352
0.1164413870562944
0.1246580149738494
0.1199822182747613
0.1033438578208635
0.0765382012029642
0.0000000000000000
0.0000000000000000
0.0000000000000000
0.0000000000000000
0.0000000000000000
0.0000000000000000
0.0000000000000000
0.0000000000000000
0.0000000000000000
0.0000000000000000
0.0000000000000000
0.0000000000000000
0.0000000000000000
0.0000000000000000
0.0000000000000000
0.0000000000000000
0.0176806834802880
0.0615280251181639
0.0953811034095096
0.1167665530621550
0.1251063580796939
0.1205166451111571
0.1039319422678692
0.0771492981511040
0.0000000000000000
0.0000000000000000
0.0000000000000000
0.0000000000000000
0.0000000000000000
0.0000000000000000
0.0000000000000000
0.0000000000000000
0.0000000000000000
0.0000000000000000
0.0000000000000000
0.0000000000000000
0.0000000000000000
0.0000000000000000
0.0000000000000000
0.0000000000000000
0.0171374236160002
0.0614097828431597
0.0955402729467180
0.1171024129049623
0.1255651790830140
0.1210602830194289
0.1045275423430732
0.0777661888240435
0.0000000000000000
0.0000000000000000
0.0000000000000000
0.0000000000000000
0.0000000000000000
0.0000000000000000
0.0000000000000000
0.0000000000000000
0.0000000000000000
0.0000000000000000
0.0000000000000000
0.0000000000000000
0.0000000000000000
0.0000000000000000
0.0000000000000000
0.0000000000000000
0.0165795050026594
0.0612918274474330
0.0957076815309882
0.1174485770453391
0.1260340261419148
0.1216126278503151
0.1051301247134796
0.0783883387183001
0.0000000000000000
0.0000000000000000
0.0000000000000000
0.0000000000000000
0.0000000000000000
0.0000000000000000
0.0000000000000000
0.0000000000000000
0.0000000000000000
0.0000000000000000
0.0000000000000000
0.0000000000000000
0.0000000000000000
0.0000000000000000
0.0000000000000000
0.0000000000000000
0.0160067765069370
0.0611736507220867
0.0958829667803153
0.1178046501216309
0.1265124417317221
0.1221731704138305
0.1057391520610930
0.0790152106162807
0.0000000000000000
0.0000000000000000
0.0000000000000000
0.0000000000000000
0.0000000000000000
0.0000000000000000
0.0000000000000000
0.0000000000000000
0.0000000000000000
0.0000000000000000
0.0000000000000000
0.0000000000000000
0.0000000000000000
0.0000000000000000
0.0000000000000000
0.0000000000000000
0.0154192073589191
0.0610547295382799
0.0960657579710946
0.1181702306734733
0.1269999643587540
0.1227414000003827
0.1063540881123691
0.0796462707658720
0.0000000000000000
0.0000000000000000
0.0000000000000000
0.0000000000000000
0.0000000000000000
0.0000000000000000
0.0000000000000000
0.0000000000000000
0.0000000000000000
0.0000000000000000
0.0000000000000000
0.0000000000000000
0.0000000000000000
0.0000000000000000
0.0000000000000000
0.0000000000000000
0.0148169025184853
0.0609345202106689
0.0962556718967454
0.1185449087255068
0.1274961279424845
0.1233168055043828
0.1069744003318755
0.0802809928059829
0.0000000000000000
0.0000000000000000
0.0000000000000000
0.0000000000000000
0.0000000000000000
0.0000000000000000
0.0000000000000000
0.0000000000000000
0.0000000000000000
0.0000000000000000
0.0000000000000000
0.0000000000000000
0.0000000000000000
0.0000000000000000
0.0000000000000000
0.0000000000000000
0.0142001224948765
0.0608124534401375
0.0964523082655592
0.1189282622635575
0.1280004596205091
0.1238988746154842
0.1075995604003188
0.0809188593473563
0.0000000000000000
0.0000000000000000
0.0000000000000000
0.0000000000000000
0.0000000000000000
0.0000000000000000
0.0000000000000000
0.0000000000000000
0.0000000000000000
0.0000000000000000
0.0000000000000000
0.0000000000000000
0.0000000000000000
0.0000000000000000
0.0000000000000000
0.0000000000000000
0.0135693077040016
0.0606879309660086
0.0966552462225330
0.1193198542891414
0.1285124776096071
0.1244870925740287
0.1082290438396076
0.0815593623198407
0.0000000000000000
0.0000000000000000
0.0000000000000000
0.0000000000000000
0.0000000000000000
0.0000000000000000
0.0000000000000000
0.0000000000000000
0.0000000000000000
0.0000000000000000
0.0000000000000000
0.0000000000000000
0.0000000000000000
0.0000000000000000
0.0000000000000000
0.0000000000000000
0.0129251061950969
0.0605603242713784
0.0968640429324715
0.1197192317270993
0.1290316905495543
0.1250809419595475
0.1088623301863538
0.0822020034577281
0.0000000000000000
0.0000000000000000
0.0000000000000000
0.0000000000000000
0.0000000000000000
0.0000000000000000
0.0000000000000000
0.0000000000000000
0.0000000000000000
0.0000000000000000
0.0000000000000000
0.0000000000000000
0.0000000000000000
0.0000000000000000
0.0000000000000000
0.0000000000000000
0.0122684034362142
0.0604289749142490
0.0970782342626263
0.1201259263997576
0.1295575986750914
0.1256799039529043
0.1094989042458030
0.0828462954414775
0.0000000000000000
0.0000000000000000
0.0000000000000000
0.0000000000000000
0.0000000000000000
0.0000000000000000
0.0000000000000000
0.0000000000000000
0.0000000000000000
0.0000000000000000
0.0000000000000000
0.0000000000000000
0.0000000000000000
0.0000000000000000
0.0000000000000000
0.0000000000000000
0.0116003534118330
0.0602931958580639
0.0972973367656898
0.1205394572945702
0.1300896960773377
0.1262834604100167
0.1101382578494344
0.0834917632867583
0.0000000000000000
0.0000000000000000
0.0000000000000000
0.0000000000000000
0.0000000000000000
0.0000000000000000
0.0000000000000000
0.0000000000000000
0.0000000000000000
0.0000000000000000
0.0000000000000000
0.0000000000000000
0.0000000000000000
0.0000000000000000
0.0000000000000000
0.0000000000000000
0.0109224109156836
0.0601522733040951
0.0975208501001334
0.1209593330446823
0.1306274729478295
0.1268910956806538
0.1107798911589448
0.0841379450909919
0.0000000000000000
0.0000000000000000
0.0000000000000000
0.0000000000000000
0.0000000000000000
0.0000000000000000
0.0000000000000000
0.0000000000000000
0.0000000000000000
0.0000000000000000
0.0000000000000000
0.0000000000000000
0.0000000000000000
0.0000000000000000
0.0000000000000000
0.0000000000000000
0.0102363645511480
0.0600054688827839
0.0977482593125865
0.1213850539705871
0.1311704171328119
0.1275022975640789
0.1114233129768010
0.0847843917566039
0.0000000000000000
0.0000000000000000
0.0000000000000000
0.0000000000000000
0.0000000000000000
0.0000000000000000
0.0000000000000000
0.0000000000000000
0.0000000000000000
0.0000000000000000
0.0000000000000000
0.0000000000000000
