0.0000000000000000
0.0000000000000000
0.0000000000000000
0.0000000000000000
0.0255082317291074
0.0642140866177712
0.0942842999890942
0.1128720015552395
0.1190141560979627
0.1127276177249135
0.0949455271525310
0.0674892889128469
0.0000000000000000
0.0000000000000000
0.0000000000000000
0.0000000000000000
0.0000000000000000
0.0000000000000000
0.0000000000000000
0.0000000000000000
0.0000000000000000
0.0000000000000000
0.0000000000000000
0.0000000000000000
0.0000000000000000
0.0000000000000000
0.0000000000000000
0.0000000000000000
0.0251410954591743
0.0640185472819454
0.0942443226648079
0.1129671399189745
0.1192278630256593
0.1130415208897009
0.0953373166185924
0.0679324268547601
0.0000000000000000
0.0000000000000000
0.0000000000000000
0.0000000000000000
0.0000000000000000
0.0000000000000000
0.0000000000000000
0.0000000000000000
0.0000000000000000
0.0000000000000000
0.0000000000000000
0.0000000000000000
0.0000000000000000
0.0000000000000000
0.0000000000000000
0.0000000000000000
0.0247688020804278
0.0638299173440247
0.0942172415424175
0.1130777350279252
0.1194577520588911
0.1133712043508309
0.0957437634501746
0.0683886833030441
0.0000000000000000
0.0000000000000000
0.0000000000000000
0.0000000000000000
0.0000000000000000
0.0000000000000000
0.0000000000000000
0.0000000000000000
0.0000000000000000
0.0000000000000000
0.0000000000000000
0.0000000000000000
0.0000000000000000
0.0000000000000000
0.0000000000000000
0.0000000000000000
0.0243909245491603
0.0636480102699625
0.0942029252587482
0.1132036147996779
0.1197035863660128
0.1137163685018221
0.0961645193853016
0.0688576821515582
0.0000000000000000
0.0000000000000000
0.0000000000000000
0.0000000000000000
0.0000000000000000
0.0000000000000000
0.0000000000000000
0.0000000000000000
0.0000000000000000
0.0000000000000000
0.0000000000000000
0.0000000000000000
0.0000000000000000
0.0000000000000000
0.0000000000000000
0.0000000000000000
0.0240069998919333
0.0634726140156740
0.0942012241960539
0.1133445917442328
0.1199651159844963
0.1140767030931514
0.0965992282632520
0.0693390422494881
0.0000000000000000
0.0000000000000000
0.0000000000000000
0.0000000000000000
0.0000000000000000
0.0000000000000000
0.0000000000000000
0.0000000000000000
0.0000000000000000
0.0000000000000000
0.0000000000000000
0.0000000000000000
0.0000000000000000
0.0000000000000000
0.0000000000000000
0.0000000000000000
0.0236165324168700
0.0633034927350290
0.0942119720013466
0.1135004640934122
0.1202420785022451
0.1144518874732792
0.0970475258758540
0.0698323769100773
0.0000000000000000
0.0000000000000000
0.0000000000000000
0.0000000000000000
0.0000000000000000
0.0000000000000000
0.0000000000000000
0.0000000000000000
0.0000000000000000
0.0000000000000000
0.0000000000000000
0.0000000000000000
0.0000000000000000
0.0000000000000000
0.0000000000000000
0.0000000000000000
0.0232189964903623
0.0631403877901016
0.0942349865902935
0.1136710166095638
0.1205341996538155
0.1148415909691993
0.0975090401371594
0.0703372939265926
0.0000000000000000
0.0000000000000000
0.0000000000000000
0.0000000000000000
0.0000000000000000
0.0000000000000000
0.0000000000000000
0.0000000000000000
0.0000000000000000
0.0000000000000000
0.0000000000000000
0.0000000000000000
0.0000000000000000
0.0000000000000000
0.0000000000000000
0.0000000000000000
0.0228138390647693
0.0629830181432015
0.0942700706421190
0.1138560210655615
0.1208411937584133
0.1152454732859619
0.0979833914545555
0.0708533958811829
0.0000000000000000
0.0000000000000000
0.0000000000000000
0.0000000000000000
0.0000000000000000
0.0000000000000000
0.0000000000000000
0.0000000000000000
0.0000000000000000
0.0000000000000000
0.0000000000000000
0.0000000000000000
0.0000000000000000
0.0000000000000000
0.0000000000000000
0.0000000000000000
0.0224004822253256
0.0628310802624840
0.0943170116789295
0.1140552363801796
0.1211627639296020
0.1156631847914279
0.0984701930687742
0.0713802805537026
0.0000000000000000
0.0000000000000000
0.0000000000000000
0.0000000000000000
0.0000000000000000
0.0000000000000000
0.0000000000000000
0.0000000000000000
0.0000000000000000
0.0000000000000000
0.0000000000000000
0.0000000000000000
0.0000000000000000
0.0000000000000000
0.0000000000000000
0.0000000000000000
0.0219783261722951
0.0626842478127906
0.0943755818652744
0.1142684084968079
0.1214986020433486
0.1160943665852592
0.0989690512278170
0.0719175411526950
0.0000000000000000
0.0000000000000000
0.0000000000000000
0.0000000000000000
0.0000000000000000
0.0000000000000000
0.0000000000000000
0.0000000000000000
0.0000000000000000
0.0000000000000000
0.0000000000000000
0.0000000000000000
0.0000000000000000
0.0000000000000000
0.0000000000000000
0.0000000000000000
0.0215467530054717
0.0625421714208129
0.0944455377972135
0.1144952701419721
0.1218483885141006
0.1165386503126483
0.0994795650292687
0.0724647662003711
0.0000000000000000
0.0000000000000000
0.0000000000000000
0.0000000000000000
0.0000000000000000
0.0000000000000000
0.0000000000000000
0.0000000000000000
0.0000000000000000
0.0000000000000000
0.0000000000000000
0.0000000000000000
0.0000000000000000
0.0000000000000000
0.0000000000000000
0.0000000000000000
0.0211051318284050
0.0624044788860179
0.0945266205196901
0.1147355406557880
0.1222117919644281
0.1169956576973673
0.1000013258480439
0.0730215388592411
0.0000000000000000
0.0000000000000000
0.0000000000000000
0.0000000000000000
0.0000000000000000
0.0000000000000000
0.0000000000000000
0.0000000000000000
0.0000000000000000
0.0000000000000000
0.0000000000000000
0.0000000000000000
0.0000000000000000
0.0000000000000000
0.0000000000000000
0.0000000000000000
0.0206528254645768
0.0622707760730000
0.0946185560052030
0.1149889260179824
0.1225884688549675
0.1174649998191816
0.1005339162961005
0.0735874356479963
0.0000000000000000
0.0000000000000000
0.0000000000000000
0.0000000000000000
0.0000000000000000
0.0000000000000000
0.0000000000000000
0.0000000000000000
0.0000000000000000
0.0000000000000000
0.0000000000000000
0.0000000000000000
0.0000000000000000
0.0000000000000000
0.0000000000000000
0.0000000000000000
0.0201891989861515
0.0621406485113034
0.0947210560308447
0.1152551190430688
0.1229780630449541
0.1179462761015348
0.1010769087272260
0.0741620245567997
0.0000000000000000
0.0000000000000000
0.0000000000000000
0.0000000000000000
0.0000000000000000
0.0000000000000000
0.0000000000000000
0.0000000000000000
0.0000000000000000
0.0000000000000000
0.0000000000000000
0.0000000000000000
0.0000000000000000
0.0000000000000000
0.0000000000000000
0.0000000000000000
0.0197136300031892
0.0620136634467842
0.0948338192449487
0.1155337995312179
0.1233802051446458
0.1184390729612382
0.1016298632863259
0.0747448626555104
0.0000000000000000
0.0000000000000000
0.0000000000000000
0.0000000000000000
0.0000000000000000
0.0000000000000000
0.0000000000000000
0.0000000000000000
0.0000000000000000
0.0000000000000000
0.0000000000000000
0.0000000000000000
0.0000000000000000
0.0000000000000000
0.0000000000000000
0.0000000000000000
0.0192255206799963
0.0618893721226156
0.0949565321447394
0.1158246341987777
0.1237945115526316
0.1189429620935424
0.1021923255955720
0.0753354933255004
0.0000000000000000
0.0000000000000000
0.0000000000000000
0.0000000000000000
0.0000000000000000
0.0000000000000000
0.0000000000000000
0.0000000000000000
0.0000000000000000
0.0000000000000000
0.0000000000000000
0.0000000000000000
0.0000000000000000
0.0000000000000000
0.0000000000000000
0.0000000000000000
0.0187243113708922
0.0617673121146322
0.0950888699588890
0.1161272764546706
0.1242205833671246
0.1194574986769442
0.1027638243994663
0.0759334435295853
0.0000000000000000
0.0000000000000000
0.0000000000000000
0.0000000000000000
0.0000000000000000
0.0000000000000000
0.0000000000000000
0.0000000000000000
0.0000000000000000
0.0000000000000000
0.0000000000000000
0.0000000000000000
0.0000000000000000
0.0000000000000000
0.0000000000000000
0.0000000000000000
0.0182094955428767
0.0616470097493794
0.0952304976903701
0.1164413665161989
0.1246580057901460
0.1199822202195933
0.1033438699817151
0.0765382219070571
0.0000000000000000
0.0000000000000000
0.0000000000000000
0.0000000000000000
0.0000000000000000
0.0000000000000000
0.0000000000000000
0.0000000000000000
0.0000000000000000
0.0000000000000000
0.0000000000000000
0.0000000000000000
0.0000000000000000
0.0000000000000000
0.0000000000000000
0.0000000000000000
0.0176806350969722
0.0615279823640738
0.0953810716046019
0.1167665324303588
0.1251063488413349
0.1205166470296287
0.1039319544279894
0.0771493188789722
0.0000000000000000
0.0000000000000000
0.0000000000000000
0.0000000000000000
0.0000000000000000
0.0000000000000000
0.0000000000000000
0.0000000000000000
0.0000000000000000
0.0000000000000000
0.0000000000000000
0.0000000000000000
0.0000000000000000
0.0000000000000000
0.0000000000000000
0.0000000000000000
0.0171373749598968
0.0614097397682387
0.0955402409826011
0.1171023921821950
0.1255651697921290
0.1210602849143030
0.1045275545054323
0.0777662095785497
0.0000000000000000
0.0000000000000000
0.0000000000000000
0.0000000000000000
0.0000000000000000
0.0000000000000000
0.0000000000000000
0.0000000000000000
0.0000000000000000
0.0000000000000000
0.0000000000000000
0.0000000000000000
0.0000000000000000
0.0000000000000000
0.0000000000000000
0.0000000000000000
0.0165794560889860
0.0612917840395298
0.0957076494050944
0.1174485562323881
0.1260340168006903
0.1216126297243945
0.1051301368810640
0.0783883595022971
0.0000000000000000
0.0000000000000000
0.0000000000000000
0.0000000000000000
0.0000000000000000
0.0000000000000000
0.0000000000000000
0.0000000000000000
0.0000000000000000
0.0000000000000000
0.0000000000000000
0.0000000000000000
0.0000000000000000
0.0000000000000000
0.0000000000000000
0.0000000000000000
0.0160067273566508
0.0611736069687369
0.0958829344900779
0.1178046292193420
0.1265124323424011
0.1221731722699563
0.1057391642369040
0.0790152314326106
0.0000000000000000
0.0000000000000000
0.0000000000000000
0.0000000000000000
0.0000000000000000
0.0000000000000000
0.0000000000000000
0.0000000000000000
0.0000000000000000
0.0000000000000000
0.0000000000000000
0.0000000000000000
0.0000000000000000
0.0000000000000000
0.0000000000000000
0.0000000000000000
0.0154191579995895
0.0610546854266986
0.0960657255139448
0.1181702096827492
0.1269999549236346
0.1227414018414331
0.1063541002994205
0.0796462916173640
0.0000000000000000
0.0000000000000000
0.0000000000000000
0.0000000000000000
0.0000000000000000
0.0000000000000000
0.0000000000000000
0.0000000000000000
0.0000000000000000
0.0000000000000000
0.0000000000000000
0.0000000000000000
0.0000000000000000
0.0000000000000000
0.0000000000000000
0.0000000000000000
0.0148168529852626
0.0609344757277428
0.0962556392701108
0.1185448876473049
0.1274961184639163
0.1233168073332682
0.1069744125331904
0.0802810136954498
0.0000000000000000
0.0000000000000000
0.0000000000000000
0.0000000000000000
0.0000000000000000
0.0000000000000000
0.0000000000000000
0.0000000000000000
0.0000000000000000
0.0000000000000000
0.0000000000000000
0.0000000000000000
0.0000000000000000
0.0000000000000000
0.0000000000000000
0.0000000000000000
0.0142000728315560
0.0608124085724172
0.0964522754668590
0.1189282410988851
0.1280004501008881
0.1238988764351429
0.1075995726189239
0.0809188802775904
0.0000000000000000
0.0000000000000000
0.0000000000000000
0.0000000000000000
0.0000000000000000
0.0000000000000000
0.0000000000000000
0.0000000000000000
0.0000000000000000
0.0000000000000000
0.0000000000000000
0.0000000000000000
0.0000000000000000
0.0000000000000000
0.0000000000000000
0.0000000000000000
0.0135692579641802
0.0606878856997016
0.0966552132491745
0.1193198330390513
0.1285124680513697
0.1244870943874200
0.1082290560785277
0.0815593832936086
0.0000000000000000
0.0000000000000000
0.0000000000000000
0.0000000000000000
0.0000000000000000
0.0000000000000000
0.0000000000000000
0.0000000000000000
0.0000000000000000
0.0000000000000000
0.0000000000000000
0.0000000000000000
0.0000000000000000
0.0000000000000000
0.0000000000000000
0.0000000000000000
0.0129250564434105
0.0605602785923439
0.0968640097818461
0.1197192103926842
0.1290316809551718
0.1250809437696459
0.1088623424486051
0.0822020244777650
0.0000000000000000
0.0000000000000000
0.0000000000000000
0.0000000000000000
0.0000000000000000
0.0000000000000000
0.0000000000000000
0.0000000000000000
0.0000000000000000
0.0000000000000000
0.0000000000000000
0.0000000000000000
0.0000000000000000
0.0000000000000000
0.0000000000000000
0.0000000000000000
0.0122683537496364
0.0604289288079923
0.0970782009321044
0.1201259049821452
0.1295575890470632
0.1256799057626918
0.1094989165343874
0.0828463165104818
0.0000000000000000
0.0000000000000000
0.0000000000000000
0.0000000000000000
0.0000000000000000
0.0000000000000000
0.0000000000000000
0.0000000000000000
0.0000000000000000
0.0000000000000000
0.0000000000000000
0.0000000000000000
0.0000000000000000
0.0000000000000000
0.0000000000000000
0.0000000000000000
0.0116003038810078
0.0602931493097302
0.0972973032526162
0.1205394357949177
0.1300896864181850
0.1262834622224775
0.1101382701673327
0.0834917844073872
0.0000000000000000
0.0000000000000000
0.0000000000000000
0.0000000000000000
0.0000000000000000
0.0000000000000000
0.0000000000000000
0.0000000000000000
0.0000000000000000
0.0000000000000000
0.0000000000000000
0.0000000000000000
0.0000000000000000
0.0000000000000000
0.0000000000000000
0.0000000000000000
0.0109223616462523
0.0601522262984644
0.0975208164018224
0.1209593114641709
0.1306274632600899
0.1268910974987684
0.1107799035091127
0.0841379662658568
0.0000000000000000
0.0000000000000000
0.0000000000000000
0.0000000000000000
0.0000000000000000
0.0000000000000000
0.0000000000000000
0.0000000000000000
0.0000000000000000
0.0000000000000000
0.0000000000000000
0.0000000000000000
0.0000000000000000
0.0000000000000000
0.0000000000000000
0.0000000000000000
0.0102363156650085
0.0600054214042650
0.0977482254263167
0.1213850323104178
0.1311704074190346
0.1275022993908185
0.1114233253621639
0.0847844129882671
0.0000000000000000
0.0000000000000000
0.0000000000000000
0.0000000000000000
0.0000000000000000
0.0000000000000000
0.0000000000000000
0.0000000000000000
0.0000000000000000
0.0000000000000000
0.0000000000000000
0.0000000000000000
