0.0000000000000000
0.0000000000000000
0.0000000000000000
0.0000000000000000
0.0255084188553823
0.0642142524751774
0.0942844381537880
0.1128721106380857
0.1190142340730123
0.1127276634988860
0.0949455414797939
0.0674892748773476
0.0000000000000000
0.0000000000000000
0.0000000000000000
0.0000000000000000
0.0000000000000000
0.0000000000000000
0.0000000000000000
0.0000000000000000
0.0000000000000000
0.0000000000000000
0.0000000000000000
0.0000000000000000
0.0000000000000000
0.0000000000000000
0.0000000000000000
0.0000000000000000
0.0251412831981147
0.0640187135833239
0.0942444610860561
0.1129672491903439
0.1192279411552741
0.1130415667866258
0.0953373310279567
0.0679324128476976
0.0000000000000000
0.0000000000000000
0.0000000000000000
0.0000000000000000
0.0000000000000000
0.0000000000000000
0.0000000000000000
0.0000000000000000
0.0000000000000000
0.0000000000000000
0.0000000000000000
0.0000000000000000
0.0000000000000000
0.0000000000000000
0.0000000000000000
0.0000000000000000
0.0247689904858916
0.0638300841116058
0.0942173802208662
0.1130778444798093
0.1194578303307140
0.1133712503557553
0.0957437779250769
0.0683886693070637
0.0000000000000000
0.0000000000000000
0.0000000000000000
0.0000000000000000
0.0000000000000000
0.0000000000000000
0.0000000000000000
0.0000000000000000
0.0000000000000000
0.0000000000000000
0.0000000000000000
0.0000000000000000
0.0000000000000000
0.0000000000000000
0.0000000000000000
0.0000000000000000
0.0243911136749743
0.0636481775266610
0.0942030641950566
0.1132037244239125
0.1197036647674940
0.1137164145996097
0.0961645339090267
0.0688576681492004
0.0000000000000000
0.0000000000000000
0.0000000000000000
0.0000000000000000
0.0000000000000000
0.0000000000000000
0.0000000000000000
0.0000000000000000
0.0000000000000000
0.0000000000000000
0.0000000000000000
0.0000000000000000
0.0000000000000000
0.0000000000000000
0.0000000000000000
0.0000000000000000
0.0240071897916379
0.0634727817851205
0.0942013633908961
0.1133447015324986
0.1199651945028965
0.1140767492684874
0.0965992428189402
0.0693390282231961
0.0000000000000000
0.0000000000000000
0.0000000000000000
0.0000000000000000
0.0000000000000000
0.0000000000000000
0.0000000000000000
0.0000000000000000
0.0000000000000000
0.0000000000000000
0.0000000000000000
0.0000000000000000
0.0000000000000000
0.0000000000000000
0.0000000000000000
0.0000000000000000
0.0236167231434075
0.0633036610415982
0.0942121114554134
0.1135005740372341
0.1202421571246366
0.1144519337106745
0.0970475404465071
0.0698323628422049
0.0000000000000000
0.0000000000000000
0.0000000000000000
0.0000000000000000
0.0000000000000000
0.0000000000000000
0.0000000000000000
0.0000000000000000
0.0000000000000000
0.0000000000000000
0.0000000000000000
0.0000000000000000
0.0000000000000000
0.0000000000000000
0.0000000000000000
0.0000000000000000
0.0232191880957015
0.0631405566589414
0.0942351263042928
0.1136711267003094
0.1205342783670835
0.1148416372529933
0.0975090547056456
0.0703372797994103
0.0000000000000000
0.0000000000000000
0.0000000000000000
0.0000000000000000
0.0000000000000000
0.0000000000000000
0.0000000000000000
0.0000000000000000
0.0000000000000000
0.0000000000000000
0.0000000000000000
0.0000000000000000
0.0000000000000000
0.0000000000000000
0.0000000000000000
0.0000000000000000
0.0228140315994544
0.0629831876002615
0.0942702106167754
0.1138561312944400
0.1208412725492561
0.1152455196003260
0.0979834060036142
0.0708533816768839
0.0000000000000000
0.0000000000000000
0.0000000000000000
0.0000000000000000
0.0000000000000000
0.0000000000000000
0.0000000000000000
0.0000000000000000
0.0000000000000000
0.0000000000000000
0.0000000000000000
0.0000000000000000
0.0000000000000000
0.0000000000000000
0.0000000000000000
0.0000000000000000
0.0224006757379396
0.0628312503345452
0.0943171519149859
0.1140553467382399
0.1211628427845324
0.1156632311203684
0.0984702075810216
0.0713802662544104
0.0000000000000000
0.0000000000000000
0.0000000000000000
0.0000000000000000
0.0000000000000000
0.0000000000000000
0.0000000000000000
0.0000000000000000
0.0000000000000000
0.0000000000000000
0.0000000000000000
0.0000000000000000
0.0000000000000000
0.0000000000000000
0.0000000000000000
0.0000000000000000
0.0219785207088204
0.0626844185274928
0.0943757223634912
0.1142685189749380
0.1214986809486952
0.1160944129126217
0.0989690656857518
0.0719175267404695
0.0000000000000000
0.0000000000000000
0.0000000000000000
0.0000000000000000
0.0000000000000000
0.0000000000000000
0.0000000000000000
0.0000000000000000
0.0000000000000000
0.0000000000000000
0.0000000000000000
0.0000000000000000
0.0000000000000000
0.0000000000000000
0.0000000000000000
0.0000000000000000
0.0215469486085354
0.0625423428066834
0.0944456785583685
0.1144953807308980
0.1218484674560096
0.1165386966221221
0.0994795794152790
0.0724647516572174
0.0000000000000000
0.0000000000000000
0.0000000000000000
0.0000000000000000
0.0000000000000000
0.0000000000000000
0.0000000000000000
0.0000000000000000
0.0000000000000000
0.0000000000000000
0.0000000000000000
0.0000000000000000
0.0000000000000000
0.0000000000000000
0.0000000000000000
0.0000000000000000
0.0211053285363928
0.0624046509724975
0.0945267615445792
0.1147356513460732
0.1222118709288653
0.1169957039724897
0.1000013401444131
0.0730215241671166
0.0000000000000000
0.0000000000000000
0.0000000000000000
0.0000000000000000
0.0000000000000000
0.0000000000000000
0.0000000000000000
0.0000000000000000
0.0000000000000000
0.0000000000000000
0.0000000000000000
0.0000000000000000
0.0000000000000000
0.0000000000000000
0.0000000000000000
0.0000000000000000
0.0206530233105939
0.0622709488904666
0.0946186972946371
0.1149890368000255
0.1225885478277202
0.1174650460433426
0.1005339304850142
0.0735874207888193
0.0000000000000000
0.0000000000000000
0.0000000000000000
0.0000000000000000
0.0000000000000000
0.0000000000000000
0.0000000000000000
0.0000000000000000
0.0000000000000000
0.0000000000000000
0.0000000000000000
0.0000000000000000
0.0000000000000000
0.0000000000000000
0.0000000000000000
0.0000000000000000
0.0201893979968152
0.0621408220910937
0.0947211975856472
0.1152552299071021
0.1229781420116317
0.1179463222579809
0.1010769227907782
0.0741620095124565
0.0000000000000000
0.0000000000000000
0.0000000000000000
0.0000000000000000
0.0000000000000000
0.0000000000000000
0.0000000000000000
0.0000000000000000
0.0000000000000000
0.0000000000000000
0.0000000000000000
0.0000000000000000
0.0000000000000000
0.0000000000000000
0.0000000000000000
0.0000000000000000
0.0197138301972289
0.0620138378212088
0.0948339610659500
0.1155339104673027
0.1233802840906795
0.1184391190330746
0.1016298772065232
0.0747448474078625
0.0000000000000000
0.0000000000000000
0.0000000000000000
0.0000000000000000
0.0000000000000000
0.0000000000000000
0.0000000000000000
0.0000000000000000
0.0000000000000000
0.0000000000000000
0.0000000000000000
0.0000000000000000
0.0000000000000000
0.0000000000000000
0.0000000000000000
0.0000000000000000
0.0192257220666400
0.0618895473249696
0.0949566742327685
0.1158247451967990
0.1237945904632732
0.1189430080637359
0.1021923393543393
0.0753354778563921
0.0000000000000000
0.0000000000000000
0.0000000000000000
0.0000000000000000
0.0000000000000000
0.0000000000000000
0.0000000000000000
0.0000000000000000
0.0000000000000000
0.0000000000000000
0.0000000000000000
0.0000000000000000
0.0000000000000000
0.0000000000000000
0.0000000000000000
0.0000000000000000
0.0187245139480134
0.0617674881791974
0.0950890123147628
0.1161273875043311
0.1242206622274449
0.1194575445283244
0.1027638379786511
0.0759334278208500
0.0000000000000000
0.0000000000000000
0.0000000000000000
0.0000000000000000
0.0000000000000000
0.0000000000000000
0.0000000000000000
0.0000000000000000
0.0000000000000000
0.0000000000000000
0.0000000000000000
0.0000000000000000
0.0000000000000000
0.0000000000000000
0.0000000000000000
0.0000000000000000
0.0182096992948844
0.0616471867114207
0.0952306403148806
0.1164414776070112
0.1246580845850323
0.1199822659348542
0.1033438833630920
0.0765382059405256
0.0000000000000000
0.0000000000000000
0.0000000000000000
0.0000000000000000
0.0000000000000000
0.0000000000000000
0.0000000000000000
0.0000000000000000
0.0000000000000000
0.0000000000000000
0.0000000000000000
0.0000000000000000
0.0000000000000000
0.0000000000000000
0.0000000000000000
0.0000000000000000
0.0176808399924227
0.0615281602598283
0.0953812144985010
0.1167666435516370
0.1251064275554883
0.1205166925913297
0.1039319675932642
0.0771493026364781
0.0000000000000000
0.0000000000000000
0.0000000000000000
0.0000000000000000
0.0000000000000000
0.0000000000000000
0.0000000000000000
0.0000000000000000
0.0000000000000000
0.0000000000000000
0.0000000000000000
0.0000000000000000
0.0000000000000000
0.0000000000000000
0.0000000000000000
0.0000000000000000
0.0171375809488133
0.0614099186349034
0.0955403841465850
0.1171025033230468
0.1255652484100611
0.1210603303048690
0.1045275674362450
0.0777661930419359
0.0000000000000000
0.0000000000000000
0.0000000000000000
0.0000000000000000
0.0000000000000000
0.0000000000000000
0.0000000000000000
0.0000000000000000
0.0000000000000000
0.0000000000000000
0.0000000000000000
0.0000000000000000
0.0000000000000000
0.0000000000000000
0.0000000000000000
0.0000000000000000
0.0165796630998674
0.0612919639152501
0.0957077928397909
0.1174486673817070
0.1260340953067206
0.1216126749261168
0.1051301495589910
0.0783883426534198
0.0000000000000000
0.0000000000000000
0.0000000000000000
0.0000000000000000
0.0000000000000000
0.0000000000000000
0.0000000000000000
0.0000000000000000
0.0000000000000000
0.0000000000000000
0.0000000000000000
0.0000000000000000
0.0000000000000000
0.0000000000000000
0.0000000000000000
0.0000000000000000
0.0160069352931476
0.0611737878926008
0.0958830781960348
0.1178047403658026
0.1265125107206569
0.1221732172649947
0.1057391766434627
0.0790152142533439
0.0000000000000000
0.0000000000000000
0.0000000000000000
0.0000000000000000
0.0000000000000000
0.0000000000000000
0.0000000000000000
0.0000000000000000
0.0000000000000000
0.0000000000000000
0.0000000000000000
0.0000000000000000
0.0000000000000000
0.0000000000000000
0.0000000000000000
0.0000000000000000
0.0154193667368265
0.0610548674387355
0.0960658694916248
0.1181703208148070
0.1270000331580546
0.1227414466118221
0.1063541124160765
0.0796462740896083
0.0000000000000000
0.0000000000000000
0.0000000000000000
0.0000000000000000
0.0000000000000000
0.0000000000000000
0.0000000000000000
0.0000000000000000
0.0000000000000000
0.0000000000000000
0.0000000000000000
0.0000000000000000
0.0000000000000000
0.0000000000000000
0.0000000000000000
0.0000000000000000
0.0148170623657858
0.0609346588689241
0.0962557835198900
0.1185449987532000
0.1274961965382592
0.1233168518609287
0.1069744243413702
0.0802809958011437
0.0000000000000000
0.0000000000000000
0.0000000000000000
0.0000000000000000
0.0000000000000000
0.0000000000000000
0.0000000000000000
0.0000000000000000
0.0000000000000000
0.0000000000000000
0.0000000000000000
0.0000000000000000
0.0000000000000000
0.0000000000000000
0.0000000000000000
0.0000000000000000
0.0142002826609056
0.0608125928846565
0.0964524199890294
0.1189283521666517
0.1280005279987479
0.1238989207018995
0.1075995841000329
0.0809188619987288
0.0000000000000000
0.0000000000000000
0.0000000000000000
0.0000000000000000
0.0000000000000000
0.0000000000000000
0.0000000000000000
0.0000000000000000
0.0000000000000000
0.0000000000000000
0.0000000000000000
0.0000000000000000
0.0000000000000000
0.0000000000000000
0.0000000000000000
0.0000000000000000
0.0135694680061107
0.0606880712258508
0.0966553580439476
0.1193199440565302
0.1285125457561934
0.1244871383750227
0.1082290672139732
0.0815593646122642
0.0000000000000000
0.0000000000000000
0.0000000000000000
0.0000000000000000
0.0000000000000000
0.0000000000000000
0.0000000000000000
0.0000000000000000
0.0000000000000000
0.0000000000000000
0.0000000000000000
0.0000000000000000
0.0000000000000000
0.0000000000000000
0.0000000000000000
0.0000000000000000
0.0129252664148145
0.0605604653761862
0.0968641548493580
0.1197193213475369
0.1290317584502796
0.1250809874597930
0.1088623532198203
0.0822020053761110
0.0000000000000000
0.0000000000000000
0.0000000000000000
0.0000000000000000
0.0000000000000000
0.0000000000000000
0.0000000000000000
0.0000000000000000
0.0000000000000000
0.0000000000000000
0.0000000000000000
0.0000000000000000
0.0000000000000000
0.0000000000000000
0.0000000000000000
0.0000000000000000
0.0122685633152527
0.0604291168942339
0.0970783462724231
0.1201260158618681
0.1295576663156692
0.1256799491370533
0.1094989269228545
0.0828462969708143
0.0000000000000000
0.0000000000000000
0.0000000000000000
0.0000000000000000
0.0000000000000000
0.0000000000000000
0.0000000000000000
0.0000000000000000
0.0000000000000000
0.0000000000000000
0.0000000000000000
0.0000000000000000
0.0000000000000000
0.0000000000000000
0.0000000000000000
0.0000000000000000
0.0116005126480463
0.0602933387439907
0.0972974488657467
0.1205395465868564
0.1300897634434153
0.1262835052627158
0.1101382801546050
0.0834917644121443
0.0000000000000000
0.0000000000000000
0.0000000000000000
0.0000000000000000
0.0000000000000000
0.0000000000000000
0.0000000000000000
0.0000000000000000
0.0000000000000000
0.0000000000000000
0.0000000000000000
0.0000000000000000
0.0000000000000000
0.0000000000000000
0.0000000000000000
0.0000000000000000
0.0109225691591069
0.0601524171272683
0.0975209622877132
0.1209594221555322
0.1306275400249998
0.1268911401865566
0.1107799130768315
0.0841379457976357
0.0000000000000000
0.0000000000000000
0.0000000000000000
0.0000000000000000
0.0000000000000000
0.0000000000000000
0.0000000000000000
0.0000000000000000
0.0000000000000000
0.0000000000000000
0.0000000000000000
0.0000000000000000
0.0000000000000000
0.0000000000000000
0.0000000000000000
0.0000000000000000
0.0102365214003133
0.0600056136750286
0.0977483715848653
0.1213851428882804
0.1311704839066223
0.1275023417078569
0.1114233344920751
0.0847843920298376
0.0000000000000000
0.0000000000000000
0.0000000000000000
0.0000000000000000
0.0000000000000000
0.0000000000000000
0.0000000000000000
0.0000000000000000
0.0000000000000000
0.0000000000000000
0.0000000000000000
0.0000000000000000
