0.0000000000000000
0.0000000000000000
0.0000000000000000
0.0000000000000000
0.0000000000000000
0.0000000000000000
0.0000000000000000
0.0000000000000000
0.0000000000000000
0.0353942369549708
0.0388921554070046
0.0815255985261787
0.1169725764023999
0.1415641167031112
0.1520764921555608
0.1454083614483441
0.1173045485295512
0.0582959327188082
0.0000000000000000
0.0000000000000000
0.0000000000000000
0.0000000000000000
0.0000000000000000
0.0000000000000000
0.0000000000000000
0.0000000000000000
0.0000000000000000
0.0000000000000000
0.0000000000000000
0.0000000000000000
0.0000000000000000
0.0000000000000000
0.0000000000000000
0.0353571952656740
0.0386203086459060
0.0813187463023190
0.1168548109800790
0.1415509517266256
0.1521739260922304
0.1456114021999724
0.1175928181534523
0.0586018723787636
0.0000000000000000
0.0000000000000000
0.0000000000000000
0.0000000000000000
0.0000000000000000
0.0000000000000000
0.0000000000000000
0.0000000000000000
0.0000000000000000
0.0000000000000000
0.0000000000000000
0.0000000000000000
0.0000000000000000
0.0000000000000000
0.0000000000000000
0.0353182615910463
0.0383587609437217
0.0811229747464662
0.1167481279837902
0.1415477840561209
0.1522787087613542
0.1458165218987253
0.1178721832916631
0.0588729681926788
0.0000000000000000
0.0000000000000000
0.0000000000000000
0.0000000000000000
0.0000000000000000
0.0000000000000000
0.0000000000000000
0.0000000000000000
0.0000000000000000
0.0000000000000000
0.0000000000000000
0.0000000000000000
0.0000000000000000
0.0000000000000000
0.0000000000000000
0.0352774458119325
0.0381077494466637
0.0809384473520807
0.1166526000433134
0.1415545860380367
0.1523907112844706
0.1460234980687793
0.1181423396514627
0.0591087628833641
0.0000000000000000
0.0000000000000000
0.0000000000000000
0.0000000000000000
0.0000000000000000
0.0000000000000000
0.0000000000000000
0.0000000000000000
0.0000000000000000
0.0000000000000000
0.0000000000000000
0.0000000000000000
0.0000000000000000
0.0000000000000000
0.0000000000000000
0.0352347569300887
0.0378674991613543
0.0807653137811560
0.1165682850841077
0.1415713151413712
0.1525097899997727
0.1462320922466492
0.1184029582857148
0.0593087453633203
0.0000000000000000
0.0000000000000000
0.0000000000000000
0.0000000000000000
0.0000000000000000
0.0000000000000000
0.0000000000000000
0.0000000000000000
0.0000000000000000
0.0000000000000000
0.0000000000000000
0.0000000000000000
0.0000000000000000
0.0000000000000000
0.0000000000000000
0.0351902031412616
0.0376382246522020
0.0806037114645601
0.1164952276477421
0.1415979148856988
0.1526357868545209
0.1464420496484718
0.1186536841386801
0.0594723469227206
0.0000000000000000
0.0000000000000000
0.0000000000000000
0.0000000000000000
0.0000000000000000
0.0000000000000000
0.0000000000000000
0.0000000000000000
0.0000000000000000
0.0000000000000000
0.0000000000000000
0.0000000000000000
0.0000000000000000
0.0000000000000000
0.0000000000000000
0.0351437918698965
0.0374201309029126
0.0804537664076329
0.1164334596170768
0.1416343153954285
0.1527685297073001
0.1466530991048080
0.1188941353498106
0.0595989389982127
0.0000000000000000
0.0000000000000000
0.0000000000000000
0.0000000000000000
0.0000000000000000
0.0000000000000000
0.0000000000000000
0.0000000000000000
0.0000000000000000
0.0000000000000000
0.0000000000000000
0.0000000000000000
0.0000000000000000
0.0000000000000000
0.0000000000000000
0.0350955297792791
0.0372134134010738
0.0803155933495525
0.1163830003865142
0.1416804335829740
0.1529078325050748
0.1468649531749640
0.1191239031238035
0.0596878324061077
0.0000000000000000
0.0000000000000000
0.0000000000000000
0.0000000000000000
0.0000000000000000
0.0000000000000000
0.0000000000000000
0.0000000000000000
0.0000000000000000
0.0000000000000000
0.0000000000000000
0.0000000000000000
0.0000000000000000
0.0000000000000000
0.0000000000000000
0.0350454227758043
0.0370182577495448
0.0801892954143656
0.1163438566354346
0.1417361730518444
0.1530534953156188
0.1470773083051080
0.1193425519617407
0.0597382775551747
0.0000000000000000
0.0000000000000000
0.0000000000000000
0.0000000000000000
0.0000000000000000
0.0000000000000000
0.0000000000000000
0.0000000000000000
0.0000000000000000
0.0000000000000000
0.0000000000000000
0.0000000000000000
0.0000000000000000
0.0000000000000000
0.0000000000000000
0.0349934760285611
0.0368351560633821
0.0800749635963428
0.1163160219106180
0.1418014238247052
0.1532053042401977
0.1472898449416882
0.1195496199130489
0.0597494651408780
0.0000000000000000
0.0000000000000000
0.0000000000000000
0.0000000000000000
0.0000000000000000
0.0000000000000000
0.0000000000000000
0.0000000000000000
0.0000000000000000
0.0000000000000000
0.0000000000000000
0.0000000000000000
0.0000000000000000
0.0000000000000000
0.0000000000000000
0.0349396940215589
0.0367948702384985
0.0799726763770832
0.1162994763238524
0.1418760621167083
0.1533630312651154
0.1475022274662819
0.1197446185637352
0.0597205265502165
0.0000000000000000
0.0000000000000000
0.0000000000000000
0.0000000000000000
0.0000000000000000
0.0000000000000000
0.0000000000000000
0.0000000000000000
0.0000000000000000
0.0000000000000000
0.0000000000000000
0.0000000000000000
0.0000000000000000
0.0000000000000000
0.0000000000000000
0.0348840806589549
0.0367525569256458
0.0798824998777605
0.1162941866295497
0.1419599503230222
0.1535264341260283
0.1477141038894298
0.1199270323864570
0.0596505333375603
0.0000000000000000
0.0000000000000000
0.0000000000000000
0.0000000000000000
0.0000000000000000
0.0000000000000000
0.0000000000000000
0.0000000000000000
0.0000000000000000
0.0000000000000000
0.0000000000000000
0.0000000000000000
0.0000000000000000
0.0000000000000000
0.0000000000000000
0.0348266394293503
0.0367082078992496
0.0798044886965462
0.1163001068646864
0.1420529373383078
0.1536952562208258
0.1479251052572949
0.1200963173975588
0.0595384955008655
0.0000000000000000
0.0000000000000000
0.0000000000000000
0.0000000000000000
0.0000000000000000
0.0000000000000000
0.0000000000000000
0.0000000000000000
0.0000000000000000
0.0000000000000000
0.0000000000000000
0.0000000000000000
0.0000000000000000
0.0000000000000000
0.0000000000000000
0.0347673736350467
0.0366618148020120
0.0797386873330508
0.1163171793944037
0.1421548591080136
0.1538692265368429
0.1481348448212448
0.1202518992383893
0.0593833590861487
0.0000000000000000
0.0000000000000000
0.0000000000000000
0.0000000000000000
0.0000000000000000
0.0000000000000000
0.0000000000000000
0.0000000000000000
0.0000000000000000
0.0000000000000000
0.0000000000000000
0.0000000000000000
0.0000000000000000
0.0000000000000000
0.0000000000000000
0.0347062866797197
0.0366133693464680
0.0796851318286804
0.1163453361092131
0.1422655392013134
0.1540480594904275
0.1483429170380271
0.1203931710598124
0.0591840039251161
0.0000000000000000
0.0000000000000000
0.0000000000000000
0.0000000000000000
0.0000000000000000
0.0000000000000000
0.0000000000000000
0.0000000000000000
0.0000000000000000
0.0000000000000000
0.0000000000000000
0.0000000000000000
0.0000000000000000
0.0000000000000000
0.0000000000000000
0.0346433824096895
0.0365628635636778
0.0796438513110994
0.1163844994619258
0.1423847892305752
0.1542314546385113
0.1485488965111020
0.1205194914932486
0.0589392423142655
0.0000000000000000
0.0000000000000000
0.0000000000000000
0.0000000000000000
0.0000000000000000
0.0000000000000000
0.0000000000000000
0.0000000000000000
0.0000000000000000
0.0000000000000000
0.0000000000000000
0.0000000000000000
0.0000000000000000
0.0000000000000000
0.0000000000000000
0.0345786654752044
0.0365102900776288
0.0796148693136810
0.1164345833640539
0.1425124091891385
0.1544190963968852
0.1487523370481546
0.1206301828711249
0.0586478184474306
0.0000000000000000
0.0000000000000000
0.0000000000000000
0.0000000000000000
0.0000000000000000
0.0000000000000000
0.0000000000000000
0.0000000000000000
0.0000000000000000
0.0000000000000000
0.0000000000000000
0.0000000000000000
0.0000000000000000
0.0000000000000000
0.0000000000000000
0.0345121416357692
0.0364556423385019
0.0795982049998382
0.1164954941017095
0.1426481879851356
0.1546106541082300
0.1489527711636112
0.1207245297674445
0.0583084081104310
0.0000000000000000
0.0000000000000000
0.0000000000000000
0.0000000000000000
0.0000000000000000
0.0000000000000000
0.0000000000000000
0.0000000000000000
0.0000000000000000
0.0000000000000000
0.0000000000000000
0.0000000000000000
0.0000000000000000
0.0000000000000000
0.0000000000000000
0.0344438178904083
0.0363989147198826
0.0795938741668002
0.1165671313630021
0.1427919043870080
0.1548057827960480
0.1491497104001563
0.1208017781627391
0.0579196182707810
0.0000000000000000
0.0000000000000000
0.0000000000000000
0.0000000000000000
0.0000000000000000
0.0000000000000000
0.0000000000000000
0.0000000000000000
0.0000000000000000
0.0000000000000000
0.0000000000000000
0.0000000000000000
0.0000000000000000
0.0000000000000000
0.0000000000000000
0.0343737023313613
0.0363401024090360
0.0796018895992120
0.1166493890052429
0.1429433282044259
0.1550041246324770
0.1493426467530959
0.1208611357186845
0.0574799876300697
0.0000000000000000
0.0000000000000000
0.0000000000000000
0.0000000000000000
0.0000000000000000
0.0000000000000000
0.0000000000000000
0.0000000000000000
0.0000000000000000
0.0000000000000000
0.0000000000000000
0.0000000000000000
0.0000000000000000
0.0000000000000000
0.0000000000000000
0.0343018037108057
0.0362792011083970
0.0796222598861831
0.1167421548003712
0.1431022210356540
0.1552053106625755
0.1495310550687668
0.1209017738029497
0.0569879903935340
0.0000000000000000
0.0000000000000000
0.0000000000000000
0.0000000000000000
0.0000000000000000
0.0000000000000000
0.0000000000000000
0.0000000000000000
0.0000000000000000
0.0000000000000000
0.0000000000000000
0.0000000000000000
0.0000000000000000
0.0000000000000000
0.0000000000000000
0.0342281308498834
0.0362162066699047
0.0796549861085614
0.1168453083822174
0.1432683357895569
0.1554089620311819
0.1497143959301669
0.1209228314105078
0.0564420457289695
0.0000000000000000
0.0000000000000000
0.0000000000000000
0.0000000000000000
0.0000000000000000
0.0000000000000000
0.0000000000000000
0.0000000000000000
0.0000000000000000
0.0000000000000000
0.0000000000000000
0.0000000000000000
0.0000000000000000
0.0000000000000000
0.0000000000000000
0.0341526920942977
0.0361511148311954
0.0797000564814483
0.1169587173124366
0.1434414145962059
0.1556146901303424
0.1498921183356720
0.1209234205942615
0.0558405337593854
0.0000000000000000
0.0000000000000000
0.0000000000000000
0.0000000000000000
0.0000000000000000
0.0000000000000000
0.0000000000000000
0.0000000000000000
0.0000000000000000
0.0000000000000000
0.0000000000000000
0.0000000000000000
0.0000000000000000
0.0000000000000000
0.0000000000000000
0.0340754949915859
0.0360839211606340
0.0797574400295117
0.1170822320103641
0.1436211855705043
0.1558220956856801
0.1500636617145458
0.1209026323083388
0.0551818165330023
0.0000000000000000
0.0000000000000000
0.0000000000000000
0.0000000000000000
0.0000000000000000
0.0000000000000000
0.0000000000000000
0.0000000000000000
0.0000000000000000
0.0000000000000000
0.0000000000000000
0.0000000000000000
0.0000000000000000
0.0000000000000000
0.0000000000000000
0.0339965462165598
0.0360146211907729
0.0798270808532081
0.1172156810089323
0.1438073595105221
0.1560307674357561
0.1502284572328640
0.1208595414601870
0.0544642602984240
0.0000000000000000
0.0000000000000000
0.0000000000000000
0.0000000000000000
0.0000000000000000
0.0000000000000000
0.0000000000000000
0.0000000000000000
0.0000000000000000
0.0000000000000000
0.0000000000000000
0.0000000000000000
0.0000000000000000
0.0000000000000000
0.0000000000000000
0.0339158516372128
0.0359432106064587
0.0799088943546874
0.1173588678144407
0.1439996277449988
0.1562402812768609
0.1503859286718776
0.1207932102152216
0.0536862555955002
0.0000000000000000
0.0000000000000000
0.0000000000000000
0.0000000000000000
0.0000000000000000
0.0000000000000000
0.0000000000000000
0.0000000000000000
0.0000000000000000
0.0000000000000000
0.0000000000000000
0.0000000000000000
0.0000000000000000
0.0000000000000000
0.0000000000000000
0.0338334163651183
0.0358696853460904
0.0800027659286322
0.1175115700120745
0.1441976617175975
0.1564502004170029
0.1505354931939493
0.1207026892373595
0.0528462332863703
0.0000000000000000
0.0000000000000000
0.0000000000000000
0.0000000000000000
0.0000000000000000
0.0000000000000000
0.0000000000000000
0.0000000000000000
0.0000000000000000
0.0000000000000000
0.0000000000000000
0.0000000000000000
0.0000000000000000
0.0000000000000000
0.0000000000000000
0.0337492447132636
0.0357940415605127
0.0801085518302080
0.1176735403170270
0.1444011141470812
0.1566600764662101
0.1506765620522305
0.1205870170948042
0.0519426775639174
0.0000000000000000
0.0000000000000000
0.0000000000000000
0.0000000000000000
0.0000000000000000
0.0000000000000000
0.0000000000000000
0.0000000000000000
0.0000000000000000
0.0000000000000000
0.0000000000000000
0.0000000000000000
0.0000000000000000
0.0000000000000000
0.0000000000000000
0.0336633400976473
0.0357556367033524
0.0802260813448443
0.1178445087897668
0.1446096210394082
0.1568694509541216
0.1508085411016405
0.1204452183932386
0.0509741385450051
0.0000000000000000
0.0000000000000000
0.0000000000000000
0.0000000000000000
0.0000000000000000
0.0000000000000000
0.0000000000000000
0.0000000000000000
0.0000000000000000
0.0000000000000000
0.0000000000000000
0.0000000000000000
0.0000000000000000
0.0000000000000000
0.0000000000000000
0.0335757049809873
0.0358315061108765
0.0803551595415871
0.1180241854136163
0.1448228038464718
0.1570778567340383
0.1509308309243413
0.1202763012096836
0.0499392474464141
0.0000000000000000
0.0000000000000000
0.0000000000000000
0.0000000000000000
0.0000000000000000
0.0000000000000000
0.0000000000000000
0.0000000000000000
0.0000000000000000
0.0000000000000000
0.0000000000000000
0.0000000000000000
0.0000000000000000
0.0000000000000000
0.0000000000000000
0.0334863409198431
0.0359205801033206
0.0804955700740675
0.1182122626029674
0.1450402713891590
0.1572848190407718
0.1510428265641370
0.1200792542218718
0.0488367363039619
0.0000000000000000
0.0000000000000000
0.0000000000000000
0.0000000000000000
0.0000000000000000
0.0000000000000000
