0.0000000000000000
0.0000000000000000
0.0000000000000000
0.0000000000000000
0.0255084767851022
0.0642143022137498
0.0942844666074587
0.1128721139464935
0.1190142115735911
0.1127276168171442
0.0949454742056516
0.0674891923277883
0.0000000000000000
0.0000000000000000
0.0000000000000000
0.0000000000000000
0.0000000000000000
0.0000000000000000
0.0000000000000000
0.0000000000000000
0.0000000000000000
0.0000000000000000
0.0000000000000000
0.0000000000000000
0.0000000000000000
0.0000000000000000
0.0000000000000000
0.0000000000000000
0.0251413413126995
0.0640187636598262
0.0942444898611082
0.1129672527919387
0.1192279189121913
0.1130415203147554
0.0953372639081726
0.0679323303895387
0.0000000000000000
0.0000000000000000
0.0000000000000000
0.0000000000000000
0.0000000000000000
0.0000000000000000
0.0000000000000000
0.0000000000000000
0.0000000000000000
0.0000000000000000
0.0000000000000000
0.0000000000000000
0.0000000000000000
0.0000000000000000
0.0000000000000000
0.0000000000000000
0.0247690488050445
0.0638301345436477
0.0942174093277935
0.1130778483809449
0.1194578083477081
0.1133712040957721
0.0957437109605882
0.0683885869407170
0.0000000000000000
0.0000000000000000
0.0000000000000000
0.0000000000000000
0.0000000000000000
0.0000000000000000
0.0000000000000000
0.0000000000000000
0.0000000000000000
0.0000000000000000
0.0000000000000000
0.0000000000000000
0.0000000000000000
0.0000000000000000
0.0000000000000000
0.0000000000000000
0.0243911722183144
0.0636482283320861
0.0942030936443183
0.1132037286308258
0.1197036430481770
0.1137163685534255
0.0961644671007070
0.0688575858750633
0.0000000000000000
0.0000000000000000
0.0000000000000000
0.0000000000000000
0.0000000000000000
0.0000000000000000
0.0000000000000000
0.0000000000000000
0.0000000000000000
0.0000000000000000
0.0000000000000000
0.0000000000000000
0.0000000000000000
0.0000000000000000
0.0000000000000000
0.0000000000000000
0.0240072485786494
0.0634728329820303
0.0942013931929274
0.1133447060513160
0.1199651730507592
0.1140767034379157
0.0965991761676050
0.0693389460416585
0.0000000000000000
0.0000000000000000
0.0000000000000000
0.0000000000000000
0.0000000000000000
0.0000000000000000
0.0000000000000000
0.0000000000000000
0.0000000000000000
0.0000000000000000
0.0000000000000000
0.0000000000000000
0.0000000000000000
0.0000000000000000
0.0000000000000000
0.0000000000000000
0.0236167821933744
0.0633037126483804
0.0942121416206343
0.1135005788739772
0.1202421359430535
0.1144518880974357
0.0970474739529196
0.0698322807536530
0.0000000000000000
0.0000000000000000
0.0000000000000000
0.0000000000000000
0.0000000000000000
0.0000000000000000
0.0000000000000000
0.0000000000000000
0.0000000000000000
0.0000000000000000
0.0000000000000000
0.0000000000000000
0.0000000000000000
0.0000000000000000
0.0000000000000000
0.0000000000000000
0.0232192474276242
0.0631406086942963
0.0942351568431174
0.1136711318608992
0.1205342574593169
0.1148415918587193
0.0975089883705210
0.0703371978042318
0.0000000000000000
0.0000000000000000
0.0000000000000000
0.0000000000000000
0.0000000000000000
0.0000000000000000
0.0000000000000000
0.0000000000000000
0.0000000000000000
0.0000000000000000
0.0000000000000000
0.0000000000000000
0.0000000000000000
0.0000000000000000
0.0000000000000000
0.0000000000000000
0.0228140912319469
0.0629832400832313
0.0942702415396216
0.1138561367847020
0.1208412519184606
0.1152454744265642
0.0979833398276245
0.0708532997754725
0.0000000000000000
0.0000000000000000
0.0000000000000000
0.0000000000000000
0.0000000000000000
0.0000000000000000
0.0000000000000000
0.0000000000000000
0.0000000000000000
0.0000000000000000
0.0000000000000000
0.0000000000000000
0.0000000000000000
0.0000000000000000
0.0000000000000000
0.0000000000000000
0.0224007356890990
0.0628313032845416
0.0943171832322840
0.1140553525639093
0.1211628224337592
0.1156631861685868
0.0984701415648007
0.0713801844471704
0.0000000000000000
0.0000000000000000
0.0000000000000000
0.0000000000000000
0.0000000000000000
0.0000000000000000
0.0000000000000000
0.0000000000000000
0.0000000000000000
0.0000000000000000
0.0000000000000000
0.0000000000000000
0.0000000000000000
0.0000000000000000
0.0000000000000000
0.0000000000000000
0.0219785809960703
0.0626844719643285
0.0943757540856945
0.1142685251416648
0.1214986608808966
0.1160943681842134
0.0989689998298998
0.0719174450278206
0.0000000000000000
0.0000000000000000
0.0000000000000000
0.0000000000000000
0.0000000000000000
0.0000000000000000
0.0000000000000000
0.0000000000000000
0.0000000000000000
0.0000000000000000
0.0000000000000000
0.0000000000000000
0.0000000000000000
0.0000000000000000
0.0000000000000000
0.0000000000000000
0.0215470092484329
0.0625423967506008
0.0944457106959632
0.1144953872442522
0.1218484476740436
0.1165386521184103
0.0994795137203673
0.0724646700395992
0.0000000000000000
0.0000000000000000
0.0000000000000000
0.0000000000000000
0.0000000000000000
0.0000000000000000
0.0000000000000000
0.0000000000000000
0.0000000000000000
0.0000000000000000
0.0000000000000000
0.0000000000000000
0.0000000000000000
0.0000000000000000
0.0000000000000000
0.0000000000000000
0.0211053895443962
0.0624047054442000
0.0945267941080924
0.1147356582115492
0.1222118514354999
0.1169956596947318
0.1000012746109892
0.0730214426449929
0.0000000000000000
0.0000000000000000
0.0000000000000000
0.0000000000000000
0.0000000000000000
0.0000000000000000
0.0000000000000000
0.0000000000000000
0.0000000000000000
0.0000000000000000
0.0000000000000000
0.0000000000000000
0.0000000000000000
0.0000000000000000
0.0000000000000000
0.0000000000000000
0.0206530847007852
0.0622710039111483
0.0946187302946461
0.1149890440230464
0.1225885286256364
0.1174650019927339
0.1005338651136053
0.0735873393626822
0.0000000000000000
0.0000000000000000
0.0000000000000000
0.0000000000000000
0.0000000000000000
0.0000000000000000
0.0000000000000000
0.0000000000000000
0.0000000000000000
0.0000000000000000
0.0000000000000000
0.0000000000000000
0.0000000000000000
0.0000000000000000
0.0000000000000000
0.0000000000000000
0.0201894597815710
0.0621408776824677
0.0947212310327862
0.1152552374930210
0.1229781231034252
0.1179462784356569
0.1010768575818942
0.0741619281828296
0.0000000000000000
0.0000000000000000
0.0000000000000000
0.0000000000000000
0.0000000000000000
0.0000000000000000
0.0000000000000000
0.0000000000000000
0.0000000000000000
0.0000000000000000
0.0000000000000000
0.0000000000000000
0.0000000000000000
0.0000000000000000
0.0000000000000000
0.0000000000000000
0.0197138923868310
0.0620138940055344
0.0948339949709141
0.1155339184214035
0.1233802654788612
0.1184390754401120
0.1016298121606585
0.0747447661753031
0.0000000000000000
0.0000000000000000
0.0000000000000000
0.0000000000000000
0.0000000000000000
0.0000000000000000
0.0000000000000000
0.0000000000000000
0.0000000000000000
0.0000000000000000
0.0000000000000000
0.0000000000000000
0.0000000000000000
0.0000000000000000
0.0000000000000000
0.0000000000000000
0.0192257846688191
0.0618896041250772
0.0949567086063167
0.1158247535242943
0.1237945721502669
0.1189429647011514
0.1021922744719730
0.0753353967214929
0.0000000000000000
0.0000000000000000
0.0000000000000000
0.0000000000000000
0.0000000000000000
0.0000000000000000
0.0000000000000000
0.0000000000000000
0.0000000000000000
0.0000000000000000
0.0000000000000000
0.0000000000000000
0.0000000000000000
0.0000000000000000
0.0000000000000000
0.0000000000000000
0.0187245769674170
0.0617675456185108
0.0950890471677171
0.1161273962103575
0.1242206442155837
0.1194575013970727
0.1027637732602462
0.0759333467842394
0.0000000000000000
0.0000000000000000
0.0000000000000000
0.0000000000000000
0.0000000000000000
0.0000000000000000
0.0000000000000000
0.0000000000000000
0.0000000000000000
0.0000000000000000
0.0000000000000000
0.0000000000000000
0.0000000000000000
0.0000000000000000
0.0000000000000000
0.0000000000000000
0.0182097627324604
0.0616472448139760
0.0952306756581227
0.1164414866966232
0.1246580668765527
0.1199822230358241
0.1033438188090936
0.0765381250028672
0.0000000000000000
0.0000000000000000
0.0000000000000000
0.0000000000000000
0.0000000000000000
0.0000000000000000
0.0000000000000000
0.0000000000000000
0.0000000000000000
0.0000000000000000
0.0000000000000000
0.0000000000000000
0.0000000000000000
0.0000000000000000
0.0000000000000000
0.0000000000000000
0.0176809038447113
0.0615282190502913
0.0953812503429695
0.1167666530297997
0.1251064101525242
0.1205166499253389
0.1039319032040962
0.0771492217984707
0.0000000000000000
0.0000000000000000
0.0000000000000000
0.0000000000000000
0.0000000000000000
0.0000000000000000
0.0000000000000000
0.0000000000000000
0.0000000000000000
0.0000000000000000
0.0000000000000000
0.0000000000000000
0.0000000000000000
0.0000000000000000
0.0000000000000000
0.0000000000000000
0.0171376452071400
0.0614099781385885
0.0955404205032718
0.1171025131946297
0.1255652313146380
0.1210602878726610
0.1045275032123084
0.0777661123043117
0.0000000000000000
0.0000000000000000
0.0000000000000000
0.0000000000000000
0.0000000000000000
0.0000000000000000
0.0000000000000000
0.0000000000000000
0.0000000000000000
0.0000000000000000
0.0000000000000000
0.0000000000000000
0.0000000000000000
0.0000000000000000
0.0000000000000000
0.0000000000000000
0.0165797277494254
0.0612920241581442
0.0957078297197411
0.1174486776514801
0.1260340785207527
0.1216126327283583
0.1051300855006626
0.0783882620169449
0.0000000000000000
0.0000000000000000
0.0000000000000000
0.0000000000000000
0.0000000000000000
0.0000000000000000
0.0000000000000000
0.0000000000000000
0.0000000000000000
0.0000000000000000
0.0000000000000000
0.0000000000000000
0.0000000000000000
0.0000000000000000
0.0000000000000000
0.0000000000000000
0.0160070003119648
0.0611738489013903
0.0958831156103531
0.1178047510384381
0.1265124942459476
0.1221731753022770
0.1057391127510966
0.0790151337188198
0.0000000000000000
0.0000000000000000
0.0000000000000000
0.0000000000000000
0.0000000000000000
0.0000000000000000
0.0000000000000000
0.0000000000000000
0.0000000000000000
0.0000000000000000
0.0000000000000000
0.0000000000000000
0.0000000000000000
0.0000000000000000
0.0000000000000000
0.0000000000000000
0.0154194320945948
0.0610549292408410
0.0960659074514855
0.1181703318948845
0.1270000169963022
0.1227414048846658
0.1063540486900087
0.0796461936578748
0.0000000000000000
0.0000000000000000
0.0000000000000000
0.0000000000000000
0.0000000000000000
0.0000000000000000
0.0000000000000000
0.0000000000000000
0.0000000000000000
0.0000000000000000
0.0000000000000000
0.0000000000000000
0.0000000000000000
0.0000000000000000
0.0000000000000000
0.0000000000000000
0.0148171280225494
0.0609347214925345
0.0962558220365510
0.1185450102452164
0.1274961806910656
0.1233168103697926
0.1069743607819254
0.0802809154730851
0.0000000000000000
0.0000000000000000
0.0000000000000000
0.0000000000000000
0.0000000000000000
0.0000000000000000
0.0000000000000000
0.0000000000000000
0.0000000000000000
0.0000000000000000
0.0000000000000000
0.0000000000000000
0.0000000000000000
0.0000000000000000
0.0000000000000000
0.0000000000000000
0.0142003485655971
0.0608126563587643
0.0964524590738466
0.1189283640750329
0.1280005124676294
0.1238988794471908
0.1075995207075343
0.0809187817752792
0.0000000000000000
0.0000000000000000
0.0000000000000000
0.0000000000000000
0.0000000000000000
0.0000000000000000
0.0000000000000000
0.0000000000000000
0.0000000000000000
0.0000000000000000
0.0000000000000000
0.0000000000000000
0.0000000000000000
0.0000000000000000
0.0000000000000000
0.0000000000000000
0.0135695340949366
0.0606881355802853
0.0966553977083911
0.1193199563856431
0.1285125305425941
0.1244870973571088
0.1082290039887515
0.0815592844944156
0.0000000000000000
0.0000000000000000
0.0000000000000000
0.0000000000000000
0.0000000000000000
0.0000000000000000
0.0000000000000000
0.0000000000000000
0.0000000000000000
0.0000000000000000
0.0000000000000000
0.0000000000000000
0.0000000000000000
0.0000000000000000
0.0000000000000000
0.0000000000000000
0.0129253326095000
0.0605605306416438
0.0968641951050270
0.1197193341017026
0.1290317435555836
0.1250809466790141
0.1088622901622251
0.0822019253649208
0.0000000000000000
0.0000000000000000
0.0000000000000000
0.0000000000000000
0.0000000000000000
0.0000000000000000
0.0000000000000000
0.0000000000000000
0.0000000000000000
0.0000000000000000
0.0000000000000000
0.0000000000000000
0.0000000000000000
0.0000000000000000
0.0000000000000000
0.0000000000000000
0.0122686295211716
0.0604291831023086
0.0970783871310608
0.1201260290453750
0.1295576517412138
0.1256799085937345
0.1094988640332643
0.0828462170674123
0.0000000000000000
0.0000000000000000
0.0000000000000000
0.0000000000000000
0.0000000000000000
0.0000000000000000
0.0000000000000000
0.0000000000000000
0.0000000000000000
0.0000000000000000
0.0000000000000000
0.0000000000000000
0.0000000000000000
0.0000000000000000
0.0000000000000000
0.0000000000000000
0.0116005787522603
0.0602934059272077
0.0972974903392585
0.1205395602039737
0.1300897491905047
0.1262834649571795
0.1101382174334374
0.0834916846177402
0.0000000000000000
0.0000000000000000
0.0000000000000000
0.0000000000000000
0.0000000000000000
0.0000000000000000
0.0000000000000000
0.0000000000000000
0.0000000000000000
0.0000000000000000
0.0000000000000000
0.0000000000000000
0.0000000000000000
0.0000000000000000
0.0000000000000000
0.0000000000000000
0.0109226350283714
0.0601524853191156
0.0975210043881834
0.1209594362105240
0.1306275260949177
0.1268911001191342
0.1107798505245531
0.0841378661135248
0.0000000000000000
0.0000000000000000
0.0000000000000000
0.0000000000000000
0.0000000000000000
0.0000000000000000
0.0000000000000000
0.0000000000000000
0.0000000000000000
0.0000000000000000
0.0000000000000000
0.0000000000000000
0.0000000000000000
0.0000000000000000
0.0000000000000000
0.0000000000000000
0.0102365868791184
0.0600056829099918
0.0977484143245757
0.1213851573854186
0.1311704703006441
0.1275023018788994
0.1114232721092091
0.0847843124574071
0.0000000000000000
0.0000000000000000
0.0000000000000000
0.0000000000000000
0.0000000000000000
0.0000000000000000
0.0000000000000000
0.0000000000000000
0.0000000000000000
0.0000000000000000
0.0000000000000000
0.0000000000000000
