0.0000000000000000
0.0000000000000000
0.0000000000000000
0.0000000000000000
0.0878718617646178
0.1438490660174237
0.1552806907070003
0.1426949824300532
0.1149130080005627
0.0775481758218985
0.0000000000000000
0.0000000000000000
0.0352070745377826
0.0317081756692089
0.0267566904087901
0.0206231242782014
0.0135619946742063
0.0056146102547088
0.0000000000000000
0.0000000000000000
0.0000000000000000
0.0000000000000000
0.0000000000000000
0.0000000000000000
0.0000000000000000
0.0000000000000000
0.0000000000000000
0.0000000000000000
0.0866901959226773
0.1434580359217390
0.1552198089227750
0.1428003856618071
0.1151067209905651
0.0777788567604205
0.0000000000000000
0.0000000000000000
0.0352108932613878
0.0317217776289372
0.0267770301477849
0.0206468421000492
0.0135858318563164
0.0056355435665048
0.0000000000000000
0.0000000000000000
0.0000000000000000
0.0000000000000000
0.0000000000000000
0.0000000000000000
0.0000000000000000
0.0000000000000000
0.0000000000000000
0.0000000000000000
0.0854586348450010
0.1430467979407240
0.1551468049232411
0.1428950784224922
0.1152890159834408
0.0779967293582595
0.0000000000000000
0.0000000000000000
0.0352123413599029
0.0317327208524962
0.0267943760620994
0.0206671790442284
0.0136057862992692
0.0056517749104848
0.0000000000000000
0.0000000000000000
0.0000000000000000
0.0000000000000000
0.0000000000000000
0.0000000000000000
0.0000000000000000
0.0000000000000000
0.0000000000000000
0.0000000000000000
0.0841767201119972
0.1426151394261090
0.1550615001691876
0.1429788341697746
0.1154596317384139
0.0782015264568212
0.0000000000000000
0.0000000000000000
0.0352113937731750
0.0317409729777406
0.0268086915933966
0.0206840977482667
0.0136218233689598
0.0056632733865427
0.0000000000000000
0.0000000000000000
0.0000000000000000
0.0000000000000000
0.0000000000000000
0.0000000000000000
0.0000000000000000
0.0000000000000000
0.0000000000000000
0.0000000000000000
0.0828439989669398
0.1421628380938942
0.1549637140611532
0.1430514279199636
0.1156183118431152
0.0783929888821973
0.0000000000000000
0.0000000000000000
0.0352080254355814
0.0317465020600813
0.0268199410401724
0.0206975621040766
0.0136339099006850
0.0056700098031800
0.0000000000000000
0.0000000000000000
0.0000000000000000
0.0000000000000000
0.0000000000000000
0.0000000000000000
0.0000000000000000
0.0000000000000000
0.0000000000000000
0.0000000000000000
0.0814600343649285
0.1416896631822310
0.1548532639271163
0.1431126354997684
0.1157648034999730
0.0785708639087234
0.0000000000000000
0.0000000000000000
0.0352022111760090
0.0317492764171129
0.0268280893503853
0.0207075370098946
0.0136420139056053
0.0056719563094299
0.0000000000000000
0.0000000000000000
0.0000000000000000
0.0000000000000000
0.0000000000000000
0.0000000000000000
0.0000000000000000
0.0000000000000000
0.0000000000000000
0.0000000000000000
0.0800244145474777
0.1411953761929341
0.1547299651178146
0.1431622332554758
0.1158988569552361
0.0787349045364226
0.0000000000000000
0.0000000000000000
0.0351939256765927
0.0317492645613895
0.0268331020326293
0.0207139882553446
0.0136461044313940
0.0056690862037953
0.0000000000000000
0.0000000000000000
0.0000000000000000
0.0000000000000000
0.0000000000000000
0.0000000000000000
0.0000000000000000
0.0000000000000000
0.0000000000000000
0.0000000000000000
0.0785367625617001
0.1406797313088854
0.1545936312043658
0.1431999981287257
0.1160202255286782
0.0788848694527797
0.0000000000000000
0.0000000000000000
0.0351831434872843
0.0317464352145450
0.0268349451648026
0.0207168825274446
0.0136461515536328
0.0056613739119068
0.0000000000000000
0.0000000000000000
0.0000000000000000
0.0000000000000000
0.0000000000000000
0.0000000000000000
0.0000000000000000
0.0000000000000000
0.0000000000000000
0.0000000000000000
0.0769967463830021
0.1401424756530564
0.1544440742823450
0.1432257080287193
0.1161286660250040
0.0790205234926152
0.0000000000000000
0.0000000000000000
0.0351698390842423
0.0317407573785075
0.0268335854782346
0.0207161874977836
0.0136421264677369
0.0056487950827990
0.0000000000000000
0.0000000000000000
0.0000000000000000
0.0000000000000000
0.0000000000000000
0.0000000000000000
0.0000000000000000
0.0000000000000000
0.0000000000000000
0.0000000000000000
0.0754040906065936
0.1395833496393456
0.1542811053803370
0.1432391423420433
0.1162239393544693
0.0791416383020569
0.0000000000000000
0.0000000000000000
0.0351539869553702
0.0317322004406625
0.0268289904750211
0.0207118719528565
0.0136340016179948
0.0056313267485189
0.0000000000000000
0.0000000000000000
0.0000000000000000
0.0000000000000000
0.0000000000000000
0.0000000000000000
0.0000000000000000
0.0000000000000000
0.0000000000000000
0.0000000000000000
0.0737585905034067
0.1390020876376052
0.1541045349593664
0.1432400824271503
0.1163058110475120
0.0792479928945204
0.0000000000000000
0.0000000000000000
0.0351355616870467
0.0317207342675772
0.0268211285295046
0.0207039058952405
0.0136217508036369
0.0056089474608159
0.0000000000000000
0.0000000000000000
0.0000000000000000
0.0000000000000000
0.0000000000000000
0.0000000000000000
0.0000000000000000
0.0000000000000000
0.0000000000000000
0.0000000000000000
0.0720601295871913
0.1383984192301301
0.1539141734922606
0.1432283119082837
0.1163740514089618
0.0793393737025959
0.0000000000000000
0.0000000000000000
0.0351145380294459
0.0317063292555698
0.0268099689220269
0.0206922605671370
0.0136053491837483
0.0055816373332457
0.0000000000000000
0.0000000000000000
0.0000000000000000
0.0000000000000000
0.0000000000000000
0.0000000000000000
0.0000000000000000
0.0000000000000000
0.0000000000000000
0.0000000000000000
0.0703087013453539
0.1377720712535504
0.1537098321315360
0.1432036166820204
0.1164284351375599
0.0794155739937913
0.0000000000000000
0.0000000000000000
0.0350908909265639
0.0316889563173025
0.0267954817896807
0.0206769083664474
0.0135847731681870
0.0055493779601227
0.0000000000000000
0.0000000000000000
0.0000000000000000
0.0000000000000000
0.0000000000000000
0.0000000000000000
0.0000000000000000
0.0000000000000000
0.0000000000000000
0.0000000000000000
0.0685044356872444
0.1371227707441453
0.1534913235233770
0.1431657846884300
0.1164687405052940
0.0794763926900866
0.0000000000000000
0.0000000000000000
0.0350645955296361
0.0316685868289996
0.0267776380156014
0.0206578226955424
0.0135600002279017
0.0055121522732858
0.0000000000000000
0.0000000000000000
0.0000000000000000
0.0000000000000000
0.0000000000000000
0.0000000000000000
0.0000000000000000
0.0000000000000000
0.0000000000000000
0.0000000000000000
0.0666476301531666
0.1364502487788530
0.1532584628752825
0.1431146056677555
0.1164947483673849
0.0795216330017406
0.0000000000000000
0.0000000000000000
0.0350356272250602
0.0316451925849313
0.0267564091262466
0.0206349778121831
0.0135310087150905
0.0054699444279547
0.0000000000000000
0.0000000000000000
0.0000000000000000
0.0000000000000000
0.0000000000000000
0.0000000000000000
0.0000000000000000
0.0000000000000000
0.0000000000000000
0.0000000000000000
0.0647387858669900
0.1357542452117569
0.1530110693728743
0.1430498710920100
0.1165062413295920
0.0795511011840213
0.0000000000000000
0.0000000000000000
0.0350039617094494
0.0316187458003918
0.0267317672365670
0.0206083487404184
0.0134977777494492
0.0054227397988393
0.0000000000000000
0.0000000000000000
0.0000000000000000
0.0000000000000000
0.0000000000000000
0.0000000000000000
0.0000000000000000
0.0000000000000000
0.0000000000000000
0.0000000000000000
0.0627786475356665
0.1350345139956853
0.1527489678982612
0.1429713743641707
0.1165030031537494
0.0795646055825830
0.0000000000000000
0.0000000000000000
0.0349695751001119
0.0315892191563411
0.0267036850455685
0.0205779112286893
0.0134602871559491
0.0053705250433761
0.0000000000000000
0.0000000000000000
0.0000000000000000
0.0000000000000000
0.0000000000000000
0.0000000000000000
0.0000000000000000
0.0000000000000000
0.0000000000000000
0.0000000000000000
0.0607682455062789
0.1342908283641003
0.1524719907462823
0.1428789111318894
0.1164848183881939
0.0795619558781813
0.0000000000000000
0.0000000000000000
0.0349324440313298
0.0315565858358666
0.0266721358219404
0.0205436416979376
0.0134185173711409
0.0053132881400281
0.0000000000000000
0.0000000000000000
0.0000000000000000
0.0000000000000000
0.0000000000000000
0.0000000000000000
0.0000000000000000
0.0000000000000000
0.0000000000000000
0.0000000000000000
0.0587089360556783
0.1335229844629719
0.1521799788278644
0.1427722795804395
0.1164514721523163
0.0795429625671415
0.0000000000000000
0.0000000000000000
0.0348925456760355
0.0315208195057674
0.0266370933433522
0.0205055171308471
0.0133724492751069
0.0052510183272545
0.0000000000000000
0.0000000000000000
0.0000000000000000
0.0000000000000000
0.0000000000000000
0.0000000000000000
0.0000000000000000
0.0000000000000000
0.0000000000000000
0.0000000000000000
0.0566024359046684
0.1327308019046911
0.1518727819059231
0.1426512806994237
0.1164027503869509
0.0795074370490806
0.0000000000000000
0.0000000000000000
0.0348498576857035
0.0314818942610466
0.0265985318286158
0.0204635149728808
0.0133220640166609
0.0051837060480026
0.0000000000000000
0.0000000000000000
0.0000000000000000
0.0000000000000000
0.0000000000000000
0.0000000000000000
0.0000000000000000
0.0000000000000000
0.0000000000000000
0.0000000000000000
0.0544508489019563
0.1319141205722161
0.1515502578209115
0.1425157188453514
0.1163384410796552
0.0794551930793850
0.0000000000000000
0.0000000000000000
0.0348043581230783
0.0314397846407350
0.0265564260031739
0.0204176132051555
0.0132673430509093
0.0051113431653037
0.0000000000000000
0.0000000000000000
0.0000000000000000
0.0000000000000000
0.0000000000000000
0.0000000000000000
0.0000000000000000
0.0000000000000000
0.0000000000000000
0.0000000000000000
0.0522566875402733
0.1310727944671449
0.1512122712194370
0.1423654030444882
0.1162583369998868
0.0793860501563952
0.0000000000000000
0.0000000000000000
0.0347560255202723
0.0313944658552643
0.0265107514565308
0.0203677907847332
0.0132082686011587
0.0050339237498213
0.0000000000000000
0.0000000000000000
0.0000000000000000
0.0000000000000000
0.0000000000000000
0.0000000000000000
0.0000000000000000
0.0000000000000000
0.0000000000000000
0.0000000000000000
0.0500228954116975
0.1302066848737894
0.1508586926223847
0.1422001493180502
0.1161622399640552
0.0792998388726872
0.0000000000000000
0.0000000000000000
0.0347048391594157
0.0313459143056765
0.0264614853552480
0.0203140285041268
0.0131448246262657
0.0049514455438860
0.0000000000000000
0.0000000000000000
0.0000000000000000
0.0000000000000000
0.0000000000000000
0.0000000000000000
0.0000000000000000
0.0000000000000000
0.0000000000000000
0.0000000000000000
0.0477528773258389
0.1293156551175331
0.1504893984459164
0.1420197838235626
0.1160499659928985
0.0791964072675284
0.0000000000000000
0.0000000000000000
0.0346507795670460
0.0312941083236361
0.0264086073999461
0.0202563101254448
0.0130769981042640
0.0048639119050662
0.0000000000000000
0.0000000000000000
0.0000000000000000
0.0000000000000000
0.0000000000000000
0.0000000000000000
0.0000000000000000
0.0000000000000000
0.0000000000000000
0.0000000000000000
0.0454505398562045
0.1283995680181431
0.1501042719287473
0.1418241461413302
0.1159213502101160
0.0790756267872032
0.0000000000000000
0.0000000000000000
0.0345938290787876
0.0312390289396947
0.0263521007688934
0.0201946234764684
0.0130047802691847
0.0047713337767542
0.0000000000000000
0.0000000000000000
0.0000000000000000
0.0000000000000000
0.0000000000000000
0.0000000000000000
0.0000000000000000
0.0000000000000000
0.0000000000000000
0.0000000000000000
0.0431203400839530
0.1274582852829371
0.1497032042818160
0.1416130918183535
0.1157762503995007
0.0789373964634900
0.0000000000000000
0.0000000000000000
0.0345339722845200
0.0311806604423401
0.0262919527792133
0.0201289611922345
0.0129281674284387
0.0046737312570924
0.0000000000000000
0.0000000000000000
0.0000000000000000
0.0000000000000000
0.0000000000000000
0.0000000000000000
0.0000000000000000
0.0000000000000000
0.0000000000000000
0.0000000000000000
0.0407673372980421
0.1264916672044392
0.1492860952235883
0.1413864935735435
0.1156145485946885
0.0787816446995214
0.0000000000000000
0.0000000000000000
0.0344711962153914
0.0311189905951106
0.0262281551168218
0.0200593209491497
0.0128471611844812
0.0045711345499975
0.0000000000000000
0.0000000000000000
0.0000000000000000
0.0000000000000000
0.0000000000000000
0.0000000000000000
0.0000000000000000
0.0000000000000000
0.0000000000000000
0.0000000000000000
0.0383972434615917
0.1254995714814559
0.1488528525197945
0.1411442410962675
0.1154361508562815
0.0786083288476019
0.0000000000000000
0.0000000000000000
0.0344054902675316
0.0310540105220525
0.0261607036756214
0.0199857052406131
0.0127617681315085
0.0044635844264292
0.0000000000000000
0.0000000000000000
0.0000000000000000
0.0000000000000000
0.0000000000000000
0.0000000000000000
0.0000000000000000
0.0000000000000000
0.0000000000000000
0.0000000000000000
0.0360164711146108
0.1244818513495400
0.1484033907997881
0.1408862398673923
0.1152409857913296
0.0784174333489742
0.0000000000000000
0.0000000000000000
0.0343368459649181
0.0309857143973019
0.0260895981622354
0.0199081208945937
0.0126719992616913
0.0043511325005301
0.0000000000000000
0.0000000000000000
0.0000000000000000
0.0000000000000000
0.0000000000000000
0.0000000000000000
0.0000000000000000
0.0000000000000000
0.0000000000000000
0.0000000000000000
0.0336321794008026
0.1234383540874129
0.1479376303054285
0.1406124096272402
0.1150290025345375
0.0782089672272103
0.0000000000000000
0.0000000000000000
0.0342652566940643
0.0309140990884124
0.0260148416491720
0.0198265785300223
0.0125778693148500
0.0042338416393553
0.0000000000000000
0.0000000000000000
0.0000000000000000
0.0000000000000000
0.0000000000000000
0.0000000000000000
0.0000000000000000
0.0000000000000000
0.0000000000000000
0.0000000000000000
0.0312523172380054
0.1223689209134123
0.1474554960833341
0.1403226829206825
0.1148001686779486
0.0779829615092264
0.0000000000000000
0.0000000000000000
0.0341907174897625
0.0308391638455109
0.0259364401682723
0.0197410920661205
0.0124793961934358
0.0041117866794979
0.0000000000000000
0.0000000000000000
0.0000000000000000
0.0000000000000000
0.0000000000000000
0.0000000000000000
