0.0000000000000000
0.0000000000000000
0.0000000000000000
0.0000000000000000
0.0878720073177565
0.1438491177278930
0.1552806913078447
0.1426949508892043
0.1149129552688014
0.0775481105024956
0.0000000000000000
0.0000000000000000
0.0000000000000000
0.0317081683294297
0.0267566794165665
0.0206231099750013
0.0135619772088807
0.0056145889405984
0.0000000000000000
0.0000000000000000
0.0000000000000000
0.0000000000000000
0.0000000000000000
0.0000000000000000
0.0000000000000000
0.0000000000000000
0.0000000000000000
0.0000000000000000
0.0866903432992786
0.1434580884798523
0.1552198099365671
0.1428003543444655
0.1151066683693833
0.0777787914681763
0.0000000000000000
0.0000000000000000
0.0000000000000000
0.0317217703244564
0.0267770191857097
0.0206468278212130
0.0135858144105985
0.0056355222653678
0.0000000000000000
0.0000000000000000
0.0000000000000000
0.0000000000000000
0.0000000000000000
0.0000000000000000
0.0000000000000000
0.0000000000000000
0.0000000000000000
0.0000000000000000
0.0854587841235051
0.1430468513789087
0.1551468063591851
0.1428950473300618
0.1152889634712128
0.0779966640904383
0.0000000000000000
0.0000000000000000
0.0000000000000000
0.0317327135835915
0.0267943651303044
0.0206671647896915
0.0136057688725942
0.0056517536211865
0.0000000000000000
0.0000000000000000
0.0000000000000000
0.0000000000000000
0.0000000000000000
0.0000000000000000
0.0000000000000000
0.0000000000000000
0.0000000000000000
0.0000000000000000
0.0841768713698258
0.1426151937773149
0.1550615020365043
0.1429788033036098
0.1154595793334903
0.0782014612107088
0.0000000000000000
0.0000000000000000
0.0000000000000000
0.0317409657446651
0.0268086806919952
0.0206840835179528
0.0136218059607599
0.0056632521079218
0.0000000000000000
0.0000000000000000
0.0000000000000000
0.0000000000000000
0.0000000000000000
0.0000000000000000
0.0000000000000000
0.0000000000000000
0.0000000000000000
0.0000000000000000
0.0828441522801406
0.1421628933916277
0.1549637163690899
0.1430513972813759
0.1156182595438282
0.0783929236551041
0.0000000000000000
0.0000000000000000
0.0000000000000000
0.0317464948630642
0.0268199301692598
0.0206975478978985
0.0136338925103894
0.0056699885340568
0.0000000000000000
0.0000000000000000
0.0000000000000000
0.0000000000000000
0.0000000000000000
0.0000000000000000
0.0000000000000000
0.0000000000000000
0.0000000000000000
0.0000000000000000
0.0814601898077460
0.1416897194605873
0.1548532666849549
0.1431126050900308
0.1157647513046408
0.0785707986979910
0.0000000000000000
0.0000000000000000
0.0000000000000000
0.0317492692563600
0.0268280785100394
0.0207075228277547
0.0136419965326402
0.0056719350486145
0.0000000000000000
0.0000000000000000
0.0000000000000000
0.0000000000000000
0.0000000000000000
0.0000000000000000
0.0000000000000000
0.0000000000000000
0.0000000000000000
0.0000000000000000
0.0800245721918494
0.1411954334866292
0.1547299683348789
0.1431622030758272
0.1158988048621680
0.0787348393394263
0.0000000000000000
0.0000000000000000
0.0000000000000000
0.0317492574370837
0.0268330912229115
0.0207139740971353
0.0136460870751824
0.0056690649500954
0.0000000000000000
0.0000000000000000
0.0000000000000000
0.0000000000000000
0.0000000000000000
0.0000000000000000
0.0000000000000000
0.0000000000000000
0.0000000000000000
0.0000000000000000
0.0785369224766608
0.1406797896532860
0.1545936348900290
0.1431999681803757
0.1160201735361777
0.0788848042669335
0.0000000000000000
0.0000000000000000
0.0000000000000000
0.0317464281268468
0.0268349343857578
0.0207168683930492
0.0136461342135944
0.0056613526641357
0.0000000000000000
0.0000000000000000
0.0000000000000000
0.0000000000000000
0.0000000000000000
0.0000000000000000
0.0000000000000000
0.0000000000000000
0.0000000000000000
0.0000000000000000
0.0769969086339888
0.1401425350842121
0.1544440784460363
0.1432256783128512
0.1161286141313735
0.0790204583153754
0.0000000000000000
0.0000000000000000
0.0000000000000000
0.0317407503275552
0.0268335747298921
0.0207161733870763
0.0136421091432878
0.0056487738397839
0.0000000000000000
0.0000000000000000
0.0000000000000000
0.0000000000000000
0.0000000000000000
0.0000000000000000
0.0000000000000000
0.0000000000000000
0.0000000000000000
0.0000000000000000
0.0754042552546348
0.1395834101940188
0.1542811100315493
0.1432391128598192
0.1162238875580140
0.0791415731309264
0.0000000000000000
0.0000000000000000
0.0000000000000000
0.0317321934265733
0.0268289797573954
0.0207118578657032
0.0136339843085475
0.0056313055091094
0.0000000000000000
0.0000000000000000
0.0000000000000000
0.0000000000000000
0.0000000000000000
0.0000000000000000
0.0000000000000000
0.0000000000000000
0.0000000000000000
0.0000000000000000
0.0737587576041814
0.1390021493533030
0.1541045401076627
0.1432400531797155
0.1163057593465444
0.0792479277270522
0.0000000000000000
0.0000000000000000
0.0000000000000000
0.0317207272904472
0.0268211178425957
0.0207038918314993
0.0136217335086003
0.0056089262238930
0.0000000000000000
0.0000000000000000
0.0000000000000000
0.0000000000000000
0.0000000000000000
0.0000000000000000
0.0000000000000000
0.0000000000000000
0.0000000000000000
0.0000000000000000
0.0720602991899371
0.1383984821451307
0.1539141791472804
0.1432282828967699
0.1163739998018052
0.0793393085363984
0.0000000000000000
0.0000000000000000
0.0000000000000000
0.0317063223154748
0.0268099582658209
0.0206922465266586
0.0136053319025272
0.0055816160977320
0.0000000000000000
0.0000000000000000
0.0000000000000000
0.0000000000000000
0.0000000000000000
0.0000000000000000
0.0000000000000000
0.0000000000000000
0.0000000000000000
0.0000000000000000
0.0703088734916029
0.1377721354069296
0.1537098383029997
0.1432035879075487
0.1164283836225530
0.0794155088265307
0.0000000000000000
0.0000000000000000
0.0000000000000000
0.0316889494142981
0.0267954711641502
0.0206768943490756
0.0135847559001817
0.0055493567249929
0.0000000000000000
0.0000000000000000
0.0000000000000000
0.0000000000000000
0.0000000000000000
0.0000000000000000
0.0000000000000000
0.0000000000000000
0.0000000000000000
0.0000000000000000
0.0685046104093650
0.1371228361757943
0.1534913302210875
0.1431657561521129
0.1164686890807920
0.0794763275194912
0.0000000000000000
0.0000000000000000
0.0000000000000000
0.0316685799631217
0.0267776274207060
0.0206578087011140
0.0135599829725076
0.0055121310375785
0.0000000000000000
0.0000000000000000
0.0000000000000000
0.0000000000000000
0.0000000000000000
0.0000000000000000
0.0000000000000000
0.0000000000000000
0.0000000000000000
0.0000000000000000
0.0666478074726886
0.1364503155294896
0.1532584701091233
0.1431145773706960
0.1164946970317632
0.0795215678256037
0.0000000000000000
0.0000000000000000
0.0000000000000000
0.0316451857561957
0.0267563985619325
0.0206349638405280
0.0135309914716975
0.0054699231907857
0.0000000000000000
0.0000000000000000
0.0000000000000000
0.0000000000000000
0.0000000000000000
0.0000000000000000
0.0000000000000000
0.0000000000000000
0.0000000000000000
0.0000000000000000
0.0647389657926886
0.1357543133229273
0.1530110771528041
0.1430498430352991
0.1165061900812452
0.0795510360002028
0.0000000000000000
0.0000000000000000
0.0000000000000000
0.0316187390087938
0.0267317567027671
0.0206083347913594
0.0134977605174403
0.0054227185594161
0.0000000000000000
0.0000000000000000
0.0000000000000000
0.0000000000000000
0.0000000000000000
0.0000000000000000
0.0000000000000000
0.0000000000000000
0.0000000000000000
0.0000000000000000
0.0627788300613819
0.1350345835097548
0.1527489762343038
0.1429713465488835
0.1165029519910913
0.0795645403890127
0.0000000000000000
0.0000000000000000
0.0000000000000000
0.0315892124018552
0.0267036745422019
0.0205778973020417
0.0134602699346996
0.0053705038010149
0.0000000000000000
0.0000000000000000
0.0000000000000000
0.0000000000000000
0.0000000000000000
0.0000000000000000
0.0000000000000000
0.0000000000000000
0.0000000000000000
0.0000000000000000
0.0607684306084600
0.1342908993242338
0.1524719996485125
0.1428788835590775
0.1164847673096565
0.0795618906728602
0.0000000000000000
0.0000000000000000
0.0000000000000000
0.0157782895223682
0.0266721253489117
0.0205436277935084
0.0134185001600171
0.0053132668941731
0.0000000000000000
0.0000000000000000
0.0000000000000000
0.0000000000000000
0.0000000000000000
0.0000000000000000
0.0000000000000000
0.0000000000000000
0.0000000000000000
0.0000000000000000
0.0587091236906281
0.1335230569131057
0.1521799883063917
0.1427722522511242
0.1164514211563465
0.0795428973481423
0.0000000000000000
0.0000000000000000
0.0000000000000000
0.0157604063732810
0.0266370829005508
0.0205055032484345
0.0133724320734645
0.0052509970774999
0.0000000000000000
0.0000000000000000
0.0000000000000000
0.0000000000000000
0.0000000000000000
0.0000000000000000
0.0000000000000000
0.0000000000000000
0.0000000000000000
0.0000000000000000
0.0566026260055029
0.1327308758895043
0.1518727919708751
0.1426512536145879
0.1164026994720095
0.0795073718145489
0.0000000000000000
0.0000000000000000
0.0000000000000000
0.0157409437667946
0.0265985214159156
0.0204635011122734
0.0133220468238435
0.0051836847941182
0.0000000000000000
0.0000000000000000
0.0000000000000000
0.0000000000000000
0.0000000000000000
0.0000000000000000
0.0000000000000000
0.0000000000000000
0.0000000000000000
0.0000000000000000
0.0544510413752577
0.1319141961371057
0.1515502684824206
0.1425156920059341
0.1163383902442138
0.0794551278275398
0.0000000000000000
0.0000000000000000
0.0000000000000000
0.0157198889724142
0.0265564156204326
0.0204175993661323
0.0132673258662471
0.0051113219072649
0.0000000000000000
0.0000000000000000
0.0000000000000000
0.0000000000000000
0.0000000000000000
0.0000000000000000
0.0000000000000000
0.0000000000000000
0.0000000000000000
0.0000000000000000
0.0522568822624431
0.1310728716582147
0.1512122824876339
0.1423653764513811
0.1162582862424290
0.0793859848855294
0.0000000000000000
0.0000000000000000
0.0000000000000000
0.0156972295953457
0.0265107411035907
0.0203677769670631
0.0132082514239673
0.0050339024878445
0.0000000000000000
0.0000000000000000
0.0000000000000000
0.0000000000000000
0.0000000000000000
0.0000000000000000
0.0000000000000000
0.0000000000000000
0.0000000000000000
0.0000000000000000
0.0500230922249926
0.1302067637378512
0.1508587045073987
0.1422001229721002
0.1161621892830778
0.0792997735811705
0.0000000000000000
0.0000000000000000
0.0000000000000000
0.0156729538361005
0.0264614750319361
0.0203140147075696
0.0131448074558457
0.0049514242784700
0.0000000000000000
0.0000000000000000
0.0000000000000000
0.0000000000000000
0.0000000000000000
0.0000000000000000
0.0000000000000000
0.0000000000000000
0.0000000000000000
0.0000000000000000
0.0477530760340782
0.1293157357021172
0.1504894109578827
0.1420197577255779
0.1160499153869178
0.0791963419538096
0.0000000000000000
0.0000000000000000
0.0000000000000000
0.0156470508605018
0.0264085971060760
0.0202562963497516
0.0130769809399008
0.0048638906370410
0.0000000000000000
0.0000000000000000
0.0000000000000000
0.0000000000000000
0.0000000000000000
0.0000000000000000
0.0000000000000000
0.0000000000000000
0.0000000000000000
0.0000000000000000
0.0454507402201591
0.1283996503715151
0.1501042850778181
0.1418241202920893
0.1159212996776750
0.0790755614498169
0.0000000000000000
0.0000000000000000
0.0000000000000000
0.0156195111838173
0.0263520905042668
0.0201946097213832
0.0130047631101483
0.0047713125073381
0.0000000000000000
0.0000000000000000
0.0000000000000000
0.0000000000000000
0.0000000000000000
0.0000000000000000
0.0000000000000000
0.0000000000000000
0.0000000000000000
0.0000000000000000
0.0431205418164444
0.1274583694541126
0.1497032180781744
0.1416130662186167
0.1157761999391782
0.0789373311010618
0.0000000000000000
0.0000000000000000
0.0000000000000000
0.0155903269502838
0.0262919425436212
0.0201289474574955
0.0129281502739849
0.0046737099879581
0.0000000000000000
0.0000000000000000
0.0000000000000000
0.0000000000000000
0.0000000000000000
0.0000000000000000
0.0000000000000000
0.0000000000000000
0.0000000000000000
0.0000000000000000
0.0407675400588198
0.1264917532431997
0.1492861096774628
0.1413864682240654
0.1156144982051093
0.0787815793107746
0.0000000000000000
0.0000000000000000
0.0000000000000000
0.0155594920416642
0.0262281449100473
0.0200593072344909
0.0128471440338515
0.0045711132833491
0.0000000000000000
0.0000000000000000
0.0000000000000000
0.0000000000000000
0.0000000000000000
0.0000000000000000
0.0000000000000000
0.0000000000000000
0.0000000000000000
0.0000000000000000
0.0383974468520891
0.1254996594383629
0.1488528676414747
0.1411442159978091
0.1154361005361258
0.0786082634313636
0.0000000000000000
0.0000000000000000
0.0000000000000000
0.0155270020199766
0.0261606934974408
0.0199856915457655
0.0127617509839310
0.0044635631650908
0.0000000000000000
0.0000000000000000
0.0000000000000000
0.0000000000000000
0.0000000000000000
0.0000000000000000
0.0000000000000000
0.0000000000000000
0.0000000000000000
0.0000000000000000
0.0360166746727351
0.1244819412759514
0.1484034065996419
0.1408862150207336
0.1152409355393424
0.0784173679041817
0.0000000000000000
0.0000000000000000
0.0000000000000000
0.0154928539722848
0.0260895880124204
0.0199081072192867
0.0126719821163806
0.0043511112480487
0.0000000000000000
0.0000000000000000
0.0000000000000000
0.0000000000000000
0.0000000000000000
0.0000000000000000
0.0000000000000000
0.0000000000000000
0.0000000000000000
0.0000000000000000
0.0336323825959528
0.1234384460354996
0.1479376467939185
0.1406123850331923
0.1150289523495374
0.0782089017529153
0.0000000000000000
0.0000000000000000
0.0000000000000000
0.0154570463323622
0.0260148315274909
0.0198265648739850
0.0125778521710073
0.0042338204001196
0.0000000000000000
0.0000000000000000
0.0000000000000000
0.0000000000000000
0.0000000000000000
0.0000000000000000
0.0000000000000000
0.0000000000000000
0.0000000000000000
0.0000000000000000
0.0312525194665994
0.1223690149361715
0.1474555132710341
0.1403226585800985
0.1148001185588348
0.0779828960045994
0.0000000000000000
0.0000000000000000
0.0000000000000000
0.0154195787252697
0.0259364300744920
0.0197410784290825
0.0124793790502490
0.0041117654588769
0.0000000000000000
0.0000000000000000
0.0000000000000000
0.0000000000000000
0.0000000000000000
0.0000000000000000
