0.0000000000000000
0.0000000000000000
0.0000000000000000
0.0000000000000000
0.0878716339087488
0.1438490044081659
0.1552807039647697
0.1426950389051173
0.0574565456453412
0.0000000000000000
0.0000000000000000
0.0370450912365919
0.0352070824973309
0.0317081855096412
0.0267567012741236
0.0206231353052418
0.0135620051407545
0.0056146196618339
0.0000000000000000
0.0000000000000000
0.0000000000000000
0.0000000000000000
0.0000000000000000
0.0000000000000000
0.0000000000000000
0.0000000000000000
0.0000000000000000
0.0000000000000000
0.0866899651857857
0.1434579732287669
0.1552198217016000
0.1428004418817215
0.0575534020748408
0.0000000000000000
0.0000000000000000
0.0370366719980285
0.0352109012241832
0.0317217874805655
0.0267770410324168
0.0206468531542039
0.0135858423574922
0.0056355530196751
0.0000000000000000
0.0000000000000000
0.0000000000000000
0.0000000000000000
0.0000000000000000
0.0000000000000000
0.0000000000000000
0.0000000000000000
0.0000000000000000
0.0000000000000000
0.0854584011464764
0.1430467341383495
0.1551468172198793
0.1428951343893476
0.0576445495074093
0.0000000000000000
0.0000000000000000
0.0370261137258461
0.0352123493278422
0.0317327307172369
0.0267943869679493
0.0206671901274499
0.0136057968372296
0.0056517844120566
0.0000000000000000
0.0000000000000000
0.0000000000000000
0.0000000000000000
0.0000000000000000
0.0000000000000000
0.0000000000000000
0.0000000000000000
0.0000000000000000
0.0000000000000000
0.0841764833745952
0.1426150744885740
0.1550615119806034
0.1429788898858145
0.0577298573226918
0.0000000000000000
0.0000000000000000
0.0370134012933284
0.0352114017481542
0.0317409828575024
0.0268087025223693
0.0206841088624861
0.0136218339458361
0.0056632829388568
0.0000000000000000
0.0000000000000000
0.0000000000000000
0.0000000000000000
0.0000000000000000
0.0000000000000000
0.0000000000000000
0.0000000000000000
0.0000000000000000
0.0000000000000000
0.0828437591174211
0.1421627719953550
0.1549637253845118
0.1430514833875771
0.0578091973145321
0.0000000000000000
0.0000000000000000
0.0369985191951539
0.0352080334194948
0.0317465119567634
0.0268199519941563
0.0206975732512028
0.0136339205185824
0.0056700194085583
0.0000000000000000
0.0000000000000000
0.0000000000000000
0.0000000000000000
0.0000000000000000
0.0000000000000000
0.0000000000000000
0.0000000000000000
0.0000000000000000
0.0000000000000000
0.0814597913348072
0.1416895958967468
0.1548532747597788
0.1431126907214839
0.0578824430841696
0.0000000000000000
0.0000000000000000
0.0369814515051190
0.0352022191707475
0.0317492863326042
0.0268281003312517
0.0207075481918134
0.0136420245666031
0.0056719659701723
0.0000000000000000
0.0000000000000000
0.0000000000000000
0.0000000000000000
0.0000000000000000
0.0000000000000000
0.0000000000000000
0.0000000000000000
0.0000000000000000
0.0000000000000000
0.0800241682738834
0.1411953076944597
0.1547299754573350
0.1431622882339555
0.0579494697547509
0.0000000000000000
0.0000000000000000
0.0369621818620620
0.0351939336840431
0.0317492744975676
0.0268331130422315
0.0207139994739186
0.0136461151375460
0.0056690959221767
0.0000000000000000
0.0000000000000000
0.0000000000000000
0.0000000000000000
0.0000000000000000
0.0000000000000000
0.0000000000000000
0.0000000000000000
0.0000000000000000
0.0000000000000000
0.0785365129883686
0.1406796615712636
0.1545936410484883
0.1432000528667609
0.0580101539861814
0.0000000000000000
0.0000000000000000
0.0369406934836292
0.0351831515093280
0.0317464451732751
0.0268349562049748
0.0207168937845121
0.0136461623069672
0.0056613836901741
0.0000000000000000
0.0000000000000000
0.0000000000000000
0.0000000000000000
0.0000000000000000
0.0000000000000000
0.0000000000000000
0.0000000000000000
0.0000000000000000
0.0000000000000000
0.0769964934614040
0.1401424046500109
0.1544440836290007
0.1432257625292244
0.0580643741808288
0.0000000000000000
0.0000000000000000
0.0369169692084100
0.0351698471227545
0.0317407673616412
0.0268335965507912
0.0207161987951582
0.0136421372702567
0.0056488049231675
0.0000000000000000
0.0000000000000000
0.0000000000000000
0.0000000000000000
0.0000000000000000
0.0000000000000000
0.0000000000000000
0.0000000000000000
0.0000000000000000
0.0000000000000000
0.0754038342972213
0.1395832773444745
0.1542811142276407
0.1432391966080505
0.0581120107938332
0.0000000000000000
0.0000000000000000
0.0368909915598729
0.0351539950122184
0.0317322104500371
0.0268290015817559
0.0207118832923266
0.0136340124716781
0.0056313366531691
0.0000000000000000
0.0000000000000000
0.0000000000000000
0.0000000000000000
0.0000000000000000
0.0000000000000000
0.0000000000000000
0.0000000000000000
0.0000000000000000
0.0000000000000000
0.0737583307772424
0.1390020140243761
0.1541045433056129
0.1432401364618039
0.0581529465904223
0.0000000000000000
0.0000000000000000
0.0368627428238108
0.0351355697640900
0.0317207443050144
0.0268211396721895
0.0207039172785685
0.0136217617104372
0.0056089574318888
0.0000000000000000
0.0000000000000000
0.0000000000000000
0.0000000000000000
0.0000000000000000
0.0000000000000000
0.0000000000000000
0.0000000000000000
0.0000000000000000
0.0000000000000000
0.0720598664273755
0.1383983442718760
0.1539141813359219
0.1432283657148339
0.0581870667230159
0.0000000000000000
0.0000000000000000
0.0368322051275649
0.0351145461285336
0.0317063393228744
0.0268099801024112
0.0206922719960590
0.0136053601455944
0.0055816473728385
0.0000000000000000
0.0000000000000000
0.0000000000000000
0.0000000000000000
0.0000000000000000
0.0000000000000000
0.0000000000000000
0.0000000000000000
0.0000000000000000
0.0000000000000000
0.0703084347490840
0.1377719949234737
0.1537098394712606
0.1432036702638187
0.0582142585409872
0.0000000000000000
0.0000000000000000
0.0367993605172598
0.0350908990495341
0.0316889664162615
0.0267954930094899
0.0206769198426721
0.0135847841869834
0.0055493880702830
0.0000000000000000
0.0000000000000000
0.0000000000000000
0.0000000000000000
0.0000000000000000
0.0000000000000000
0.0000000000000000
0.0000000000000000
0.0000000000000000
0.0000000000000000
0.0685041656679322
0.1371226930153271
0.1534913303579917
0.1431658380489265
0.0582344111803292
0.0000000000000000
0.0000000000000000
0.0367641910419246
0.0350646036783148
0.0316685969613811
0.0267776492765365
0.0206578342207506
0.0135600113055285
0.0055121624560054
0.0000000000000000
0.0000000000000000
0.0000000000000000
0.0000000000000000
0.0000000000000000
0.0000000000000000
0.0000000000000000
0.0000000000000000
0.0000000000000000
0.0000000000000000
0.0666473567428813
0.1364501696242733
0.1532584692037979
0.1431146588104973
0.0582474150686502
0.0000000000000000
0.0000000000000000
0.0367266788665085
0.0350356354012603
0.0316452027524834
0.0267564204299825
0.0206349893880265
0.0135310198534034
0.0054699546851614
0.0000000000000000
0.0000000000000000
0.0000000000000000
0.0000000000000000
0.0000000000000000
0.0000000000000000
0.0000000000000000
0.0000000000000000
0.0000000000000000
0.0000000000000000
0.0647385091192094
0.1357541646043283
0.1530110751944947
0.1430499240206420
0.0582531615088257
0.0000000000000000
0.0000000000000000
0.0366868064299432
0.0350039699149694
0.0316187560048407
0.0267317785847516
0.0206083603685188
0.0134977889502792
0.0054227501323883
0.0000000000000000
0.0000000000000000
0.0000000000000000
0.0000000000000000
0.0000000000000000
0.0000000000000000
0.0000000000000000
0.0000000000000000
0.0000000000000000
0.0000000000000000
0.0627783675283590
0.1350344319082970
0.1527489732123989
0.1429714270824390
0.0582515423817679
0.0000000000000000
0.0000000000000000
0.0366445566343556
0.0349695833367347
0.0315892293993910
0.0267036964398214
0.0205779229106374
0.0134602984211017
0.0053705354550385
0.0000000000000000
0.0000000000000000
0.0000000000000000
0.0000000000000000
0.0000000000000000
0.0000000000000000
0.0000000000000000
0.0000000000000000
0.0000000000000000
0.0000000000000000
0.0607679623453332
0.1342907447696778
0.1524719955525751
0.1428789636436455
0.0582424499616400
0.0000000000000000
0.0000000000000000
0.0365999130072995
0.0349324523008218
0.0315565961191974
0.0266721472638511
0.0205436534352915
0.0134185287023961
0.0053132986314790
0.0000000000000000
0.0000000000000000
0.0000000000000000
0.0000000000000000
0.0000000000000000
0.0000000000000000
0.0000000000000000
0.0000000000000000
0.0000000000000000
0.0000000000000000
0.0587086498786743
0.1335228993345433
0.1521799831261965
0.1427723318896464
0.0582257768081322
0.0000000000000000
0.0000000000000000
0.0365528597627479
0.0348925539801453
0.0315208298310340
0.0266371048344794
0.0205055289251313
0.0133724606742184
0.0052510289000581
0.0000000000000000
0.0000000000000000
0.0000000000000000
0.0000000000000000
0.0000000000000000
0.0000000000000000
0.0000000000000000
0.0000000000000000
0.0000000000000000
0.0000000000000000
0.0566021468849949
0.1327307152154578
0.1518727856964453
0.1426513328101617
0.0582014158916567
0.0000000000000000
0.0000000000000000
0.0365033817211592
0.0348498660261614
0.0314819046298777
0.0265985433704859
0.0204635268255855
0.0133220754853564
0.0051837167035959
0.0000000000000000
0.0000000000000000
0.0000000000000000
0.0000000000000000
0.0000000000000000
0.0000000000000000
0.0000000000000000
0.0000000000000000
0.0000000000000000
0.0000000000000000
0.0544505572532494
0.1319140322956158
0.1515502611040574
0.1425157707618224
0.0581692612059867
0.0000000000000000
0.0000000000000000
0.0364514641356365
0.0348043665015953
0.0314397950547325
0.0265564375972807
0.0204176251177359
0.0132673545908911
0.0051113539049783
0.0000000000000000
0.0000000000000000
0.0000000000000000
0.0000000000000000
0.0000000000000000
0.0000000000000000
0.0000000000000000
0.0000000000000000
0.0000000000000000
0.0000000000000000
0.0522563935211760
0.1310727045769002
0.1512122739959324
0.1423654547710151
0.0581292091358447
0.0000000000000000
0.0000000000000000
0.0363970925471758
0.0347560339385394
0.0313944763160029
0.0265107631043351
0.0203678027586098
0.0132082802141048
0.0050339345747026
0.0000000000000000
0.0000000000000000
0.0000000000000000
0.0000000000000000
0.0000000000000000
0.0000000000000000
0.0000000000000000
0.0000000000000000
0.0000000000000000
0.0000000000000000
0.0500225993309265
0.1302065933439383
0.1508586948932471
0.1422002008590717
0.0580811605894259
0.0000000000000000
0.0000000000000000
0.0363402528006783
0.0347048476191036
0.0313459248147030
0.0264614970581769
0.0203140405406858
0.0131448363138314
0.0049514564549086
0.0000000000000000
0.0000000000000000
0.0000000000000000
0.0000000000000000
0.0000000000000000
0.0000000000000000
0.0000000000000000
0.0000000000000000
0.0000000000000000
0.0000000000000000
0.0477525795475429
0.1293155619224408
0.1504894002124456
0.1420198351836224
0.0580250235770853
0.0000000000000000
0.0000000000000000
0.0362809312679764
0.0346507880698033
0.0312941188824682
0.0264086191593930
0.0202563222260377
0.0130770098680835
0.0048639229029453
0.0000000000000000
0.0000000000000000
0.0000000000000000
0.0000000000000000
0.0000000000000000
0.0000000000000000
0.0000000000000000
0.0000000000000000
0.0000000000000000
0.0000000000000000
0.0454502408055910
0.1283994731325043
0.1501042731925088
0.1418241973250609
0.0579607156606527
0.0000000000000000
0.0000000000000000
0.0362191151984150
0.0345938376262394
0.0312390395498199
0.0263521125862171
0.0201946356424122
0.0130047921108719
0.0047713448619517
0.0000000000000000
0.0000000000000000
0.0000000000000000
0.0000000000000000
0.0000000000000000
0.0000000000000000
0.0000000000000000
0.0000000000000000
0.0000000000000000
0.0000000000000000
0.0431200402531067
0.1274581886817710
0.1497032050446190
0.1416131428304579
0.0578881657319972
0.0000000000000000
0.0000000000000000
0.0361547930364716
0.0345339808782655
0.0311806711052141
0.0262919646557363
0.0201289734248116
0.0129281793495889
0.0046737424297765
0.0000000000000000
0.0000000000000000
0.0000000000000000
0.0000000000000000
0.0000000000000000
0.0000000000000000
0.0000000000000000
0.0000000000000000
0.0000000000000000
0.0000000000000000
0.0407670372518249
0.1264915688630840
0.1492860954874626
0.1413865444187749
0.0578073148079019
0.0000000000000000
0.0000000000000000
0.0360879545700499
0.0344712048570017
0.0311190013121553
0.0262281670538300
0.0200593332496073
0.0128471731866718
0.0045711458099954
0.0000000000000000
0.0000000000000000
0.0000000000000000
0.0000000000000000
0.0000000000000000
0.0000000000000000
0.0000000000000000
0.0000000000000000
0.0000000000000000
0.0000000000000000
0.0383969438434677
0.1254994713755598
0.1488528522869645
0.1411442917794082
0.0577181159186257
0.0000000000000000
0.0000000000000000
0.0180092952142533
0.0344054989585478
0.0310540212946547
0.0261607156743626
0.0199857176101628
0.0127617802163004
0.0044635957731721
0.0000000000000000
0.0000000000000000
0.0000000000000000
0.0000000000000000
0.0000000000000000
0.0000000000000000
0.0000000000000000
0.0000000000000000
0.0000000000000000
0.0000000000000000
0.0360161726521620
0.1244817494550532
0.1484033900726488
0.1408862903932346
0.0576205333676443
0.0000000000000000
0.0000000000000000
0.0179733468501621
0.0343368547068493
0.0309857252268116
0.0260896102239187
0.0199081333344121
0.0126720114306305
0.0043511439329881
0.0000000000000000
0.0000000000000000
0.0000000000000000
0.0000000000000000
0.0000000000000000
0.0000000000000000
0.0000000000000000
0.0000000000000000
0.0000000000000000
0.0000000000000000
0.0336318829106489
0.1234382503805804
0.1479376290865205
0.1406124600005678
0.0575145417222543
0.0000000000000000
0.0000000000000000
0.0179361285358759
0.0342652654883863
0.0309141099761422
0.0260148537749674
0.0198265910412512
0.0125778815694696
0.0042338531559615
0.0000000000000000
0.0000000000000000
0.0000000000000000
0.0000000000000000
0.0000000000000000
0.0000000000000000
0.0000000000000000
0.0000000000000000
0.0000000000000000
0.0000000000000000
0.0312520236297175
0.1223688153707717
0.1474554943753213
0.1403227331462535
0.0574001247784161
0.0000000000000000
0.0000000000000000
0.0178976372452099
0.0341907263379165
0.0308391747927350
0.0259364523593107
0.0197411046498674
0.0124794085352578
0.0041117982780597
0.0000000000000000
0.0000000000000000
0.0000000000000000
0.0000000000000000
0.0000000000000000
0.0000000000000000
