0.0000000000000000
0.0000000000000000
0.0000000000000000
0.0000000000000000
0.0255084025698364
0.0642142358810630
0.0942844070036303
0.1128720604815961
0.1190141650425921
0.1127275783120118
0.0949454445499939
0.0674891717567033
0.0000000000000000
0.0000000000000000
0.0000000000000000
0.0000000000000000
0.0000000000000000
0.0000000000000000
0.0000000000000000
0.0000000000000000
0.0000000000000000
0.0000000000000000
0.0000000000000000
0.0000000000000000
0.0000000000000000
0.0000000000000000
0.0000000000000000
0.0000000000000000
0.0251412668532338
0.0640186972182438
0.0942444302364708
0.1129671993307803
0.1192278723895720
0.1130414818182696
0.0953372342630333
0.0679323098347695
0.0000000000000000
0.0000000000000000
0.0000000000000000
0.0000000000000000
0.0000000000000000
0.0000000000000000
0.0000000000000000
0.0000000000000000
0.0000000000000000
0.0000000000000000
0.0000000000000000
0.0000000000000000
0.0000000000000000
0.0000000000000000
0.0000000000000000
0.0000000000000000
0.0247689740810523
0.0638300679879499
0.0942173496855369
0.1130777949296581
0.1194577618409016
0.1133711656160880
0.0957436813345671
0.0683885664110836
0.0000000000000000
0.0000000000000000
0.0000000000000000
0.0000000000000000
0.0000000000000000
0.0000000000000000
0.0000000000000000
0.0000000000000000
0.0000000000000000
0.0000000000000000
0.0000000000000000
0.0000000000000000
0.0000000000000000
0.0000000000000000
0.0000000000000000
0.0000000000000000
0.0243910972094572
0.0636481616567878
0.0942030339876150
0.1132036751955825
0.1197035965646702
0.1137163300987551
0.0961644375024590
0.0688575653794340
0.0000000000000000
0.0000000000000000
0.0000000000000000
0.0000000000000000
0.0000000000000000
0.0000000000000000
0.0000000000000000
0.0000000000000000
0.0000000000000000
0.0000000000000000
0.0000000000000000
0.0000000000000000
0.0000000000000000
0.0000000000000000
0.0000000000000000
0.0000000000000000
0.0240071732646873
0.0634727661813761
0.0942013335249340
0.1133446526383287
0.1199651265980935
0.1140766650165276
0.0965991466058377
0.0693389255889468
0.0000000000000000
0.0000000000000000
0.0000000000000000
0.0000000000000000
0.0000000000000000
0.0000000000000000
0.0000000000000000
0.0000000000000000
0.0000000000000000
0.0000000000000000
0.0000000000000000
0.0000000000000000
0.0000000000000000
0.0000000000000000
0.0000000000000000
0.0000000000000000
0.0236167065542993
0.0633036457163381
0.0942120819444942
0.1135005254895011
0.1202420895288255
0.1144518497176547
0.0970474444363925
0.0698322603528166
0.0000000000000000
0.0000000000000000
0.0000000000000000
0.0000000000000000
0.0000000000000000
0.0000000000000000
0.0000000000000000
0.0000000000000000
0.0000000000000000
0.0000000000000000
0.0000000000000000
0.0000000000000000
0.0000000000000000
0.0000000000000000
0.0000000000000000
0.0000000000000000
0.0232191714438201
0.0631405416245519
0.0942350971619638
0.1136710785112346
0.1205342110911795
0.1148415535289259
0.0975089589080441
0.0703371774642703
0.0000000000000000
0.0000000000000000
0.0000000000000000
0.0000000000000000
0.0000000000000000
0.0000000000000000
0.0000000000000000
0.0000000000000000
0.0000000000000000
0.0000000000000000
0.0000000000000000
0.0000000000000000
0.0000000000000000
0.0000000000000000
0.0000000000000000
0.0000000000000000
0.0228140148843804
0.0629831728691837
0.0942701818565796
0.1138560834761965
0.1208412056041240
0.1152454361551953
0.0979833104280584
0.0708532795054262
0.0000000000000000
0.0000000000000000
0.0000000000000000
0.0000000000000000
0.0000000000000000
0.0000000000000000
0.0000000000000000
0.0000000000000000
0.0000000000000000
0.0000000000000000
0.0000000000000000
0.0000000000000000
0.0000000000000000
0.0000000000000000
0.0000000000000000
0.0000000000000000
0.0224006589595454
0.0628312359192991
0.0943171235504752
0.1140552993029607
0.1211627761809918
0.1156631479641351
0.0984701122370538
0.0713801642561180
0.0000000000000000
0.0000000000000000
0.0000000000000000
0.0000000000000000
0.0000000000000000
0.0000000000000000
0.0000000000000000
0.0000000000000000
0.0000000000000000
0.0000000000000000
0.0000000000000000
0.0000000000000000
0.0000000000000000
0.0000000000000000
0.0000000000000000
0.0000000000000000
0.0219785038673795
0.0626844044407026
0.0943756944082388
0.1142684719347229
0.1214986146975262
0.1160943300552270
0.0989689705829290
0.0719174249248778
0.0000000000000000
0.0000000000000000
0.0000000000000000
0.0000000000000000
0.0000000000000000
0.0000000000000000
0.0000000000000000
0.0000000000000000
0.0000000000000000
0.0000000000000000
0.0000000000000000
0.0000000000000000
0.0000000000000000
0.0000000000000000
0.0000000000000000
0.0000000000000000
0.0215469317048427
0.0625423290611039
0.0944456510259821
0.1144953340978208
0.1218484015679574
0.1165386140734920
0.0994794845631748
0.0724646500339156
0.0000000000000000
0.0000000000000000
0.0000000000000000
0.0000000000000000
0.0000000000000000
0.0000000000000000
0.0000000000000000
0.0000000000000000
0.0000000000000000
0.0000000000000000
0.0000000000000000
0.0000000000000000
0.0000000000000000
0.0000000000000000
0.0000000000000000
0.0000000000000000
0.0211053115718977
0.0624046375810418
0.0945267344487137
0.1147356051321886
0.1222118054146454
0.1169956217425384
0.1000012455526217
0.0730214227457502
0.0000000000000000
0.0000000000000000
0.0000000000000000
0.0000000000000000
0.0000000000000000
0.0000000000000000
0.0000000000000000
0.0000000000000000
0.0000000000000000
0.0000000000000000
0.0000000000000000
0.0000000000000000
0.0000000000000000
0.0000000000000000
0.0000000000000000
0.0000000000000000
0.0206530062875500
0.0622709358662338
0.0946186706490058
0.1149889910173751
0.1225884826980212
0.1174649641419752
0.1005338361631516
0.0735873195790913
0.0000000000000000
0.0000000000000000
0.0000000000000000
0.0000000000000000
0.0000000000000000
0.0000000000000000
0.0000000000000000
0.0000000000000000
0.0000000000000000
0.0000000000000000
0.0000000000000000
0.0000000000000000
0.0000000000000000
0.0000000000000000
0.0000000000000000
0.0000000000000000
0.0201893809184428
0.0621408094473964
0.0947211714040334
0.1152551845677177
0.1229780772771175
0.1179462406950947
0.1010768287484831
0.0741619085241274
0.0000000000000000
0.0000000000000000
0.0000000000000000
0.0000000000000000
0.0000000000000000
0.0000000000000000
0.0000000000000000
0.0000000000000000
0.0000000000000000
0.0000000000000000
0.0000000000000000
0.0000000000000000
0.0000000000000000
0.0000000000000000
0.0000000000000000
0.0000000000000000
0.0197138130678978
0.0620138255716016
0.0948339353622150
0.1155338655832090
0.1233802197619900
0.1184390378185586
0.1016297834534573
0.0747447466507506
0.0000000000000000
0.0000000000000000
0.0000000000000000
0.0000000000000000
0.0000000000000000
0.0000000000000000
0.0000000000000000
0.0000000000000000
0.0000000000000000
0.0000000000000000
0.0000000000000000
0.0000000000000000
0.0000000000000000
0.0000000000000000
0.0000000000000000
0.0000000000000000
0.0192257048920660
0.0618895354832775
0.0949566490208592
0.1158247007800138
0.1237945265510217
0.1189429272074689
0.1021922459001848
0.0753353773403713
0.0000000000000000
0.0000000000000000
0.0000000000000000
0.0000000000000000
0.0000000000000000
0.0000000000000000
0.0000000000000000
0.0000000000000000
0.0000000000000000
0.0000000000000000
0.0000000000000000
0.0000000000000000
0.0000000000000000
0.0000000000000000
0.0000000000000000
0.0000000000000000
0.0187244967354749
0.0617674767595427
0.0950889876087164
0.1161273435668619
0.1242205987422141
0.1194574640401707
0.1027637448331076
0.0759333275558473
0.0000000000000000
0.0000000000000000
0.0000000000000000
0.0000000000000000
0.0000000000000000
0.0000000000000000
0.0000000000000000
0.0000000000000000
0.0000000000000000
0.0000000000000000
0.0000000000000000
0.0000000000000000
0.0000000000000000
0.0000000000000000
0.0000000000000000
0.0000000000000000
0.0182096820534552
0.0616471757282522
0.0952306161288270
0.1164414341608515
0.1246580215373683
0.1199821858246580
0.1033437905358711
0.0765381059365166
0.0000000000000000
0.0000000000000000
0.0000000000000000
0.0000000000000000
0.0000000000000000
0.0000000000000000
0.0000000000000000
0.0000000000000000
0.0000000000000000
0.0000000000000000
0.0000000000000000
0.0000000000000000
0.0000000000000000
0.0000000000000000
0.0000000000000000
0.0000000000000000
0.0176808227332201
0.0615281497279484
0.0953811908466654
0.1167666006087598
0.1251063649558929
0.1205166128689079
0.1039318750940843
0.0771492029034833
0.0000000000000000
0.0000000000000000
0.0000000000000000
0.0000000000000000
0.0000000000000000
0.0000000000000000
0.0000000000000000
0.0000000000000000
0.0000000000000000
0.0000000000000000
0.0000000000000000
0.0000000000000000
0.0000000000000000
0.0000000000000000
0.0000000000000000
0.0000000000000000
0.0171375636852623
0.0614099085695011
0.0955403610432915
0.1171024608954010
0.1255651862689864
0.1210602509800065
0.1045274752748264
0.0777660935900161
0.0000000000000000
0.0000000000000000
0.0000000000000000
0.0000000000000000
0.0000000000000000
0.0000000000000000
0.0000000000000000
0.0000000000000000
0.0000000000000000
0.0000000000000000
0.0000000000000000
0.0000000000000000
0.0000000000000000
0.0000000000000000
0.0000000000000000
0.0000000000000000
0.0165796458479720
0.0612919543319365
0.0957077702994698
0.1174486254812158
0.1260340336345664
0.1216125960085629
0.1051300577450537
0.0783882434926745
0.0000000000000000
0.0000000000000000
0.0000000000000000
0.0000000000000000
0.0000000000000000
0.0000000000000000
0.0000000000000000
0.0000000000000000
0.0000000000000000
0.0000000000000000
0.0000000000000000
0.0000000000000000
0.0000000000000000
0.0000000000000000
0.0000000000000000
0.0000000000000000
0.0160069180717721
0.0611737788074498
0.0958830562332353
0.1178046990043682
0.1265124495277712
0.1221731387644639
0.1057390851867259
0.0790151153939103
0.0000000000000000
0.0000000000000000
0.0000000000000000
0.0000000000000000
0.0000000000000000
0.0000000000000000
0.0000000000000000
0.0000000000000000
0.0000000000000000
0.0000000000000000
0.0000000000000000
0.0000000000000000
0.0000000000000000
0.0000000000000000
0.0000000000000000
0.0000000000000000
0.0154193495679749
0.0610548588683296
0.0960658481210315
0.1181702800043178
0.1269999724547395
0.1227413685379973
0.1063540213262610
0.0796461755416622
0.0000000000000000
0.0000000000000000
0.0000000000000000
0.0000000000000000
0.0000000000000000
0.0000000000000000
0.0000000000000000
0.0000000000000000
0.0000000000000000
0.0000000000000000
0.0000000000000000
0.0000000000000000
0.0000000000000000
0.0000000000000000
0.0000000000000000
0.0000000000000000
0.0148170452748758
0.0609346508304002
0.0962557627563423
0.1185449585055415
0.1274961363347779
0.1233167742234670
0.1069743336282017
0.0802808975749004
0.0000000000000000
0.0000000000000000
0.0000000000000000
0.0000000000000000
0.0000000000000000
0.0000000000000000
0.0000000000000000
0.0000000000000000
0.0000000000000000
0.0000000000000000
0.0000000000000000
0.0000000000000000
0.0000000000000000
0.0000000000000000
0.0000000000000000
0.0000000000000000
0.0142002656770289
0.0608125853957536
0.0964523998475402
0.1189283124937178
0.1280004683053324
0.1238988435104374
0.1075994937732448
0.0809187641044426
0.0000000000000000
0.0000000000000000
0.0000000000000000
0.0000000000000000
0.0000000000000000
0.0000000000000000
0.0000000000000000
0.0000000000000000
0.0000000000000000
0.0000000000000000
0.0000000000000000
0.0000000000000000
0.0000000000000000
0.0000000000000000
0.0000000000000000
0.0000000000000000
0.0135694511622682
0.0606880643049540
0.0966553385397218
0.1193199049702329
0.1285124865830523
0.1244870616391809
0.1082289772833086
0.0815592670602275
0.0000000000000000
0.0000000000000000
0.0000000000000000
0.0000000000000000
0.0000000000000000
0.0000000000000000
0.0000000000000000
0.0000000000000000
0.0000000000000000
0.0000000000000000
0.0000000000000000
0.0000000000000000
0.0000000000000000
0.0000000000000000
0.0000000000000000
0.0000000000000000
0.0129252497481141
0.0605604590423727
0.0968641359978102
0.1197192828598164
0.1290316998076050
0.1250809111891816
0.1088622636950343
0.0822019081766527
0.0000000000000000
0.0000000000000000
0.0000000000000000
0.0000000000000000
0.0000000000000000
0.0000000000000000
0.0000000000000000
0.0000000000000000
0.0000000000000000
0.0000000000000000
0.0000000000000000
0.0000000000000000
0.0000000000000000
0.0000000000000000
0.0000000000000000
0.0000000000000000
0.0122685468670558
0.0604291111673175
0.0970783280891951
0.1201259779847038
0.1295576082136439
0.1256798733412766
0.1094988378137164
0.0828462001342989
0.0000000000000000
0.0000000000000000
0.0000000000000000
0.0000000000000000
0.0000000000000000
0.0000000000000000
0.0000000000000000
0.0000000000000000
0.0000000000000000
0.0000000000000000
0.0000000000000000
0.0000000000000000
0.0000000000000000
0.0000000000000000
0.0000000000000000
0.0000000000000000
0.0116004964640421
0.0602933336445701
0.0972974313667277
0.1205395093322774
0.1300897058922219
0.1262834299513781
0.1101381914709007
0.0834916679489714
0.0000000000000000
0.0000000000000000
0.0000000000000000
0.0000000000000000
0.0000000000000000
0.0000000000000000
0.0000000000000000
0.0000000000000000
0.0000000000000000
0.0000000000000000
0.0000000000000000
0.0000000000000000
0.0000000000000000
0.0000000000000000
0.0000000000000000
0.0000000000000000
0.0109225532892936
0.0601524126767757
0.0975209454890593
0.1209593855356302
0.1306274830348289
0.1268910653692688
0.1107798248283676
0.0841378497182400
0.0000000000000000
0.0000000000000000
0.0000000000000000
0.0000000000000000
0.0000000000000000
0.0000000000000000
0.0000000000000000
0.0000000000000000
0.0000000000000000
0.0000000000000000
0.0000000000000000
0.0000000000000000
0.0000000000000000
0.0000000000000000
0.0000000000000000
0.0000000000000000
0.0102365058988552
0.0600056098957810
0.0977483555030216
0.1213851069152215
0.1311704274876818
0.1275022673942425
0.1114232466886823
0.0847842963446896
0.0000000000000000
0.0000000000000000
0.0000000000000000
0.0000000000000000
0.0000000000000000
0.0000000000000000
0.0000000000000000
0.0000000000000000
0.0000000000000000
0.0000000000000000
0.0000000000000000
0.0000000000000000
