0.0000000000000000
0.0000000000000000
0.0000000000000000
0.0000000000000000
0.0000000000000000
0.0000000000000000
0.0000000000000000
0.0000000000000000
0.0000000000000000
0.0353942433115028
0.0388923211438172
0.0815257462021529
0.1169726923235903
0.1415641890481860
0.1520765108260853
0.1454083167085077
0.1173044258166796
0.0582957047759161
0.0000000000000000
0.0000000000000000
0.0000000000000000
0.0000000000000000
0.0000000000000000
0.0000000000000000
0.0000000000000000
0.0000000000000000
0.0000000000000000
0.0000000000000000
0.0000000000000000
0.0000000000000000
0.0000000000000000
0.0000000000000000
0.0000000000000000
0.0353572016632898
0.0386204745281628
0.0813188942189939
0.1168549272079488
0.1415510244109636
0.1521739450948509
0.1456113577321004
0.1175926955541334
0.0586016439798571
0.0000000000000000
0.0000000000000000
0.0000000000000000
0.0000000000000000
0.0000000000000000
0.0000000000000000
0.0000000000000000
0.0000000000000000
0.0000000000000000
0.0000000000000000
0.0000000000000000
0.0000000000000000
0.0000000000000000
0.0000000000000000
0.0000000000000000
0.0353182680284569
0.0383589269726123
0.0811231229024885
0.1167482445134975
0.1415478570701854
0.1522787280796804
0.1458164776744021
0.1178720607499208
0.0588727392289297
0.0000000000000000
0.0000000000000000
0.0000000000000000
0.0000000000000000
0.0000000000000000
0.0000000000000000
0.0000000000000000
0.0000000000000000
0.0000000000000000
0.0000000000000000
0.0000000000000000
0.0000000000000000
0.0000000000000000
0.0000000000000000
0.0000000000000000
0.0352774522878090
0.0381079156231735
0.0809385957458181
0.1166527168696884
0.1415546593719419
0.1523907309017712
0.1460234540592731
0.1181422171109750
0.0591085332445919
0.0000000000000000
0.0000000000000000
0.0000000000000000
0.0000000000000000
0.0000000000000000
0.0000000000000000
0.0000000000000000
0.0000000000000000
0.0000000000000000
0.0000000000000000
0.0000000000000000
0.0000000000000000
0.0000000000000000
0.0000000000000000
0.0000000000000000
0.0352347634430630
0.0378676654862569
0.0807654624106922
0.1165684022016502
0.1415713887848819
0.1525098098989725
0.1462320484228992
0.1184028356897508
0.0593085149379653
0.0000000000000000
0.0000000000000000
0.0000000000000000
0.0000000000000000
0.0000000000000000
0.0000000000000000
0.0000000000000000
0.0000000000000000
0.0000000000000000
0.0000000000000000
0.0000000000000000
0.0000000000000000
0.0000000000000000
0.0000000000000000
0.0000000000000000
0.0351902096899276
0.0376383911260516
0.0806038603276888
0.1164953450506182
0.1415979888282285
0.1526358070181977
0.1464420059810721
0.1186535614300334
0.0594721155978087
0.0000000000000000
0.0000000000000000
0.0000000000000000
0.0000000000000000
0.0000000000000000
0.0000000000000000
0.0000000000000000
0.0000000000000000
0.0000000000000000
0.0000000000000000
0.0000000000000000
0.0000000000000000
0.0000000000000000
0.0000000000000000
0.0000000000000000
0.0351437984528107
0.0374202975260360
0.0804539155018528
0.1164335772991149
0.1416343896260363
0.1527685501176791
0.1466530555639900
0.1188940124707284
0.0595987066593153
0.0000000000000000
0.0000000000000000
0.0000000000000000
0.0000000000000000
0.0000000000000000
0.0000000000000000
0.0000000000000000
0.0000000000000000
0.0000000000000000
0.0000000000000000
0.0000000000000000
0.0000000000000000
0.0000000000000000
0.0000000000000000
0.0000000000000000
0.0350955363949612
0.0372135801735636
0.0803157426720614
0.1163831183412014
0.1416805080903617
0.1529078531440235
0.1468649097305785
0.1191237800159151
0.0596875989373034
0.0000000000000000
0.0000000000000000
0.0000000000000000
0.0000000000000000
0.0000000000000000
0.0000000000000000
0.0000000000000000
0.0000000000000000
0.0000000000000000
0.0000000000000000
0.0000000000000000
0.0000000000000000
0.0000000000000000
0.0000000000000000
0.0000000000000000
0.0350454294227385
0.0370184246712524
0.0801894449620554
0.1163439748559133
0.1417362478243542
0.1530535161646430
0.1470772649266071
0.1193424285659852
0.0597380428390182
0.0000000000000000
0.0000000000000000
0.0000000000000000
0.0000000000000000
0.0000000000000000
0.0000000000000000
0.0000000000000000
0.0000000000000000
0.0000000000000000
0.0000000000000000
0.0000000000000000
0.0000000000000000
0.0000000000000000
0.0000000000000000
0.0000000000000000
0.0349934827051966
0.0368351564912084
0.0800751133657944
0.1163161403896834
0.1418014988503180
0.1532053252804368
0.1472898015981091
0.1195494961696029
0.0597492290583778
0.0000000000000000
0.0000000000000000
0.0000000000000000
0.0000000000000000
0.0000000000000000
0.0000000000000000
0.0000000000000000
0.0000000000000000
0.0000000000000000
0.0000000000000000
0.0000000000000000
0.0000000000000000
0.0000000000000000
0.0000000000000000
0.0000000000000000
0.0349397007263110
0.0367948706881582
0.0799728263645623
0.1162995950539497
0.1418761373830424
0.1533630524773391
0.1475021841262300
0.1197444944119408
0.0597202889808301
0.0000000000000000
0.0000000000000000
0.0000000000000000
0.0000000000000000
0.0000000000000000
0.0000000000000000
0.0000000000000000
0.0000000000000000
0.0000000000000000
0.0000000000000000
0.0000000000000000
0.0000000000000000
0.0000000000000000
0.0000000000000000
0.0000000000000000
0.0348840873902058
0.0367525573953216
0.0798826500792128
0.1162943056027717
0.1419600258173316
0.1535264554906331
0.1477140605210619
0.1199269077647477
0.0596502941592065
0.0000000000000000
0.0000000000000000
0.0000000000000000
0.0000000000000000
0.0000000000000000
0.0000000000000000
0.0000000000000000
0.0000000000000000
0.0000000000000000
0.0000000000000000
0.0000000000000000
0.0000000000000000
0.0000000000000000
0.0000000000000000
0.0000000000000000
0.0348266461854502
0.0367082083871001
0.0798046391075920
0.1163002260727699
0.1420530130474793
0.1536952777178294
0.1479250618283001
0.1200961922433829
0.0595382545899574
0.0000000000000000
0.0000000000000000
0.0000000000000000
0.0000000000000000
0.0000000000000000
0.0000000000000000
0.0000000000000000
0.0000000000000000
0.0000000000000000
0.0000000000000000
0.0000000000000000
0.0000000000000000
0.0000000000000000
0.0000000000000000
0.0000000000000000
0.0347673804143141
0.0366618153061723
0.0797388379489791
0.1163172988287243
0.1421549350185624
0.1538692481458770
0.1481348012988236
0.1202517734881284
0.0593831163176559
0.0000000000000000
0.0000000000000000
0.0000000000000000
0.0000000000000000
0.0000000000000000
0.0000000000000000
0.0000000000000000
0.0000000000000000
0.0000000000000000
0.0000000000000000
0.0000000000000000
0.0000000000000000
0.0000000000000000
0.0000000000000000
0.0000000000000000
0.0347062934804421
0.0366133698650509
0.0796852826444412
0.1163454557607788
0.1422656152993762
0.1540480811907278
0.1483428733888673
0.1203930446486960
0.0591837591726565
0.0000000000000000
0.0000000000000000
0.0000000000000000
0.0000000000000000
0.0000000000000000
0.0000000000000000
0.0000000000000000
0.0000000000000000
0.0000000000000000
0.0000000000000000
0.0000000000000000
0.0000000000000000
0.0000000000000000
0.0000000000000000
0.0000000000000000
0.0346433892301233
0.0365628640947734
0.0796440023212957
0.1163846193213684
0.1423848655019015
0.1542314764089058
0.1485488527013519
0.1205193643552647
0.0589389954502451
0.0000000000000000
0.0000000000000000
0.0000000000000000
0.0000000000000000
0.0000000000000000
0.0000000000000000
0.0000000000000000
0.0000000000000000
0.0000000000000000
0.0000000000000000
0.0000000000000000
0.0000000000000000
0.0000000000000000
0.0000000000000000
0.0000000000000000
0.0345786723135748
0.0365102906193053
0.0796150205125591
0.1164347034216195
0.1425124856190801
0.1544191182157804
0.1487522930433950
0.1206300549389282
0.0586475693432328
0.0000000000000000
0.0000000000000000
0.0000000000000000
0.0000000000000000
0.0000000000000000
0.0000000000000000
0.0000000000000000
0.0000000000000000
0.0000000000000000
0.0000000000000000
0.0000000000000000
0.0000000000000000
0.0000000000000000
0.0000000000000000
0.0000000000000000
0.0345121484902699
0.0364556428888054
0.0795983563812779
0.1164956143472477
0.1426482645586348
0.1546106759535951
0.1489527269288251
0.1207244009722594
0.0583081566366698
0.0000000000000000
0.0000000000000000
0.0000000000000000
0.0000000000000000
0.0000000000000000
0.0000000000000000
0.0000000000000000
0.0000000000000000
0.0000000000000000
0.0000000000000000
0.0000000000000000
0.0000000000000000
0.0000000000000000
0.0000000000000000
0.0000000000000000
0.0344438247592009
0.0363989152768371
0.0795940257243050
0.1165672517859548
0.1427919810885855
0.1548058046453989
0.1491496658996957
0.1208016484342562
0.0579193642976165
0.0000000000000000
0.0000000000000000
0.0000000000000000
0.0000000000000000
0.0000000000000000
0.0000000000000000
0.0000000000000000
0.0000000000000000
0.0000000000000000
0.0000000000000000
0.0000000000000000
0.0000000000000000
0.0000000000000000
0.0000000000000000
0.0000000000000000
0.0343737092125755
0.0363401029706429
0.0796020413258998
0.1166495095946345
0.1429434050181690
0.1550041464628598
0.1493426019506475
0.1208610049849486
0.0574797310275982
0.0000000000000000
0.0000000000000000
0.0000000000000000
0.0000000000000000
0.0000000000000000
0.0000000000000000
0.0000000000000000
0.0000000000000000
0.0000000000000000
0.0000000000000000
0.0000000000000000
0.0000000000000000
0.0000000000000000
0.0000000000000000
0.0000000000000000
0.0343018106025387
0.0362792016726360
0.0796224117747815
0.1167422755448025
0.1431022979452083
0.1552053324505521
0.1495310099273167
0.1209016419902404
0.0569877310322675
0.0000000000000000
0.0000000000000000
0.0000000000000000
0.0000000000000000
0.0000000000000000
0.0000000000000000
0.0000000000000000
0.0000000000000000
0.0000000000000000
0.0000000000000000
0.0000000000000000
0.0000000000000000
0.0000000000000000
0.0000000000000000
0.0000000000000000
0.0342281377502008
0.0362162072347338
0.0796551381514049
0.1168454292698633
0.1432684127781235
0.1554089837528214
0.1497143504119701
0.1209226984432177
0.0564417834804320
0.0000000000000000
0.0000000000000000
0.0000000000000000
0.0000000000000000
0.0000000000000000
0.0000000000000000
0.0000000000000000
0.0000000000000000
0.0000000000000000
0.0000000000000000
0.0000000000000000
0.0000000000000000
0.0000000000000000
0.0000000000000000
0.0000000000000000
0.0341526990012348
0.0361511153945529
0.0797002086704798
0.1169588383310504
0.1434414916465456
0.1556147117612205
0.1498920724022300
0.1209232863947840
0.0558402684968684
0.0000000000000000
0.0000000000000000
0.0000000000000000
0.0000000000000000
0.0000000000000000
0.0000000000000000
0.0000000000000000
0.0000000000000000
0.0000000000000000
0.0000000000000000
0.0000000000000000
0.0000000000000000
0.0000000000000000
0.0000000000000000
0.0000000000000000
0.0340755019031502
0.0360839217204410
0.0797575923562888
0.1170823531472865
0.1436212626649487
0.1558221172008875
0.1500636153265958
0.1209024967969672
0.0551815481325150
0.0000000000000000
0.0000000000000000
0.0000000000000000
0.0000000000000000
0.0000000000000000
0.0000000000000000
0.0000000000000000
0.0000000000000000
0.0000000000000000
0.0000000000000000
0.0000000000000000
0.0000000000000000
0.0000000000000000
0.0000000000000000
0.0000000000000000
0.0339965531307340
0.0360146217449365
0.0798272333089105
0.1172158022511061
0.1438074366309920
0.1560307888099151
0.1502284103503787
0.1208594045550301
0.0544639886398772
0.0000000000000000
0.0000000000000000
0.0000000000000000
0.0000000000000000
0.0000000000000000
0.0000000000000000
0.0000000000000000
0.0000000000000000
0.0000000000000000
0.0000000000000000
0.0000000000000000
0.0000000000000000
0.0000000000000000
0.0000000000000000
0.0000000000000000
0.0339158585519592
0.0359432111528762
0.0799090469301271
0.1173589891484278
0.1439997048730264
0.1562403024841487
0.1503858812540720
0.1207930718321284
0.0536859805641490
0.0000000000000000
0.0000000000000000
0.0000000000000000
0.0000000000000000
0.0000000000000000
0.0000000000000000
0.0000000000000000
0.0000000000000000
0.0000000000000000
0.0000000000000000
0.0000000000000000
0.0000000000000000
0.0000000000000000
0.0000000000000000
0.0000000000000000
0.0338334232783821
0.0358696858826535
0.0800029186142645
0.1175116914240742
0.1441977388343503
0.1564502214311753
0.1505354451992904
0.1207025492898452
0.0528459547745411
0.0000000000000000
0.0000000000000000
0.0000000000000000
0.0000000000000000
0.0000000000000000
0.0000000000000000
0.0000000000000000
0.0000000000000000
0.0000000000000000
0.0000000000000000
0.0000000000000000
0.0000000000000000
0.0000000000000000
0.0000000000000000
0.0000000000000000
0.0337492516229777
0.0357940420851114
0.0801087046161431
0.1176736617928950
0.1444011912333854
0.1566600972606250
0.1506765134384431
0.1205868754939673
0.0519423954730518
0.0000000000000000
0.0000000000000000
0.0000000000000000
0.0000000000000000
0.0000000000000000
0.0000000000000000
0.0000000000000000
0.0000000000000000
0.0000000000000000
0.0000000000000000
0.0000000000000000
0.0000000000000000
0.0000000000000000
0.0000000000000000
0.0000000000000000
0.0336633470017353
0.0357558061444209
0.0802262342208580
0.1178446303150327
0.1446096980757712
0.1568694715017601
0.1508084918257092
0.1204450750476656
0.0509738527880701
0.0000000000000000
0.0000000000000000
0.0000000000000000
0.0000000000000000
0.0000000000000000
0.0000000000000000
0.0000000000000000
0.0000000000000000
0.0000000000000000
0.0000000000000000
0.0000000000000000
0.0000000000000000
0.0000000000000000
0.0000000000000000
0.0000000000000000
0.0335757118773678
0.0358316756305183
0.0803553124971323
0.1180243069735012
0.1448228808131016
0.1570778770075209
0.1509307809425047
0.1202761560253393
0.0499389579507449
0.0000000000000000
0.0000000000000000
0.0000000000000000
0.0000000000000000
0.0000000000000000
0.0000000000000000
0.0000000000000000
0.0000000000000000
0.0000000000000000
0.0000000000000000
0.0000000000000000
0.0000000000000000
0.0000000000000000
0.0000000000000000
0.0000000000000000
0.0334863478064321
0.0359207496946531
0.0804957230982843
0.1182123841823980
0.1450403482659815
0.1572848390123720
0.1510427758318769
0.1200791071019765
0.0488364430146127
0.0000000000000000
0.0000000000000000
0.0000000000000000
0.0000000000000000
0.0000000000000000
0.0000000000000000
