0.0000000000000000
0.0000000000000000
0.0000000000000000
0.0000000000000000
0.0878717309440921
0.1438490388755379
0.1552807043523523
0.1426950178598584
0.0574565280474540
0.0000000000000000
0.0000000000000000
0.0000000000000000
0.0352070801935722
0.0317081806164576
0.0267566939459764
0.0206231257697763
0.0135619934972054
0.0056146054524278
0.0000000000000000
0.0000000000000000
0.0000000000000000
0.0000000000000000
0.0000000000000000
0.0000000000000000
0.0000000000000000
0.0000000000000000
0.0000000000000000
0.0000000000000000
0.0866900634367776
0.1434580082612476
0.1552198223644712
0.1428004209854306
0.0575533845137500
0.0000000000000000
0.0000000000000000
0.0000000000000000
0.0352108989464373
0.0317217826109142
0.0267770337243686
0.0206468436349810
0.0135858307270148
0.0056355388189179
0.0000000000000000
0.0000000000000000
0.0000000000000000
0.0000000000000000
0.0000000000000000
0.0000000000000000
0.0000000000000000
0.0000000000000000
0.0000000000000000
0.0000000000000000
0.0854585006654085
0.1430467697575533
0.1551468181641699
0.1428951136429550
0.0576445319825670
0.0000000000000000
0.0000000000000000
0.0000000000000000
0.0352123470763957
0.0317327258713031
0.0267943796800880
0.0206671806244266
0.0136057852194475
0.0056517702191920
0.0000000000000000
0.0000000000000000
0.0000000000000000
0.0000000000000000
0.0000000000000000
0.0000000000000000
0.0000000000000000
0.0000000000000000
0.0000000000000000
0.0000000000000000
0.0841765842130791
0.1426151107164635
0.1550615132124557
0.1429788692902174
0.0577298398335421
0.0000000000000000
0.0000000000000000
0.0000000000000000
0.0352113995232744
0.0317409780354547
0.0268086952547703
0.0206840993756115
0.0136218223403708
0.0056632687531105
0.0000000000000000
0.0000000000000000
0.0000000000000000
0.0000000000000000
0.0000000000000000
0.0000000000000000
0.0000000000000000
0.0000000000000000
0.0000000000000000
0.0000000000000000
0.0828438613261526
0.1421628088542638
0.1549637269100853
0.1430514629436440
0.0578091798605131
0.0000000000000000
0.0000000000000000
0.0000000000000000
0.0352080312214299
0.0317465071587546
0.0268199447468832
0.0206975637804188
0.0136339089250533
0.0056700052291438
0.0000000000000000
0.0000000000000000
0.0000000000000000
0.0000000000000000
0.0000000000000000
0.0000000000000000
0.0000000000000000
0.0000000000000000
0.0000000000000000
0.0000000000000000
0.0814598949632805
0.1416896334094014
0.1548532765852565
0.1431126704300578
0.0578824256647150
0.0000000000000000
0.0000000000000000
0.0000000000000000
0.0352022169997269
0.0317492815587716
0.0268280931043564
0.0207075387370549
0.0136420129846277
0.0056719517962962
0.0000000000000000
0.0000000000000000
0.0000000000000000
0.0000000000000000
0.0000000000000000
0.0000000000000000
0.0000000000000000
0.0000000000000000
0.0000000000000000
0.0000000000000000
0.0800242733700547
0.1411953458840003
0.1547299775889278
0.1431622680958568
0.0579494523692911
0.0000000000000000
0.0000000000000000
0.0000000000000000
0.0351939315402776
0.0317492697480331
0.0268331058357550
0.0207139900351138
0.0136461035667396
0.0056690817530443
0.0000000000000000
0.0000000000000000
0.0000000000000000
0.0000000000000000
0.0000000000000000
0.0000000000000000
0.0000000000000000
0.0000000000000000
0.0000000000000000
0.0000000000000000
0.0785366195982587
0.1406797004612645
0.1545936434924400
0.1432000328827901
0.0580101366341451
0.0000000000000000
0.0000000000000000
0.0000000000000000
0.0351831493930101
0.0317464404481456
0.0268349490189469
0.0207168843615832
0.0136461507469429
0.0056613695249943
0.0000000000000000
0.0000000000000000
0.0000000000000000
0.0000000000000000
0.0000000000000000
0.0000000000000000
0.0000000000000000
0.0000000000000000
0.0000000000000000
0.0000000000000000
0.0769966016286348
0.1401424442645014
0.1544440863915927
0.1432257427001651
0.0580643568616447
0.0000000000000000
0.0000000000000000
0.0000000000000000
0.0351698450340584
0.0317407626610091
0.0268335893852316
0.0207161893880213
0.0136421257206254
0.0056487907611584
0.0000000000000000
0.0000000000000000
0.0000000000000000
0.0000000000000000
0.0000000000000000
0.0000000000000000
0.0000000000000000
0.0000000000000000
0.0000000000000000
0.0000000000000000
0.0754039440624775
0.1395833177079598
0.1542811173151965
0.1432391769346722
0.0581119935069307
0.0000000000000000
0.0000000000000000
0.0000000000000000
0.0351539929513004
0.0317322057739803
0.0268289944366741
0.0207118739008924
0.0136340009320480
0.0056313224935637
0.0000000000000000
0.0000000000000000
0.0000000000000000
0.0000000000000000
0.0000000000000000
0.0000000000000000
0.0000000000000000
0.0000000000000000
0.0000000000000000
0.0000000000000000
0.0737584421776410
0.1390020551618570
0.1541045467245031
0.1432401169448645
0.0581529293352332
0.0000000000000000
0.0000000000000000
0.0000000000000000
0.0351355677310889
0.0317207396535970
0.0268211325475855
0.0207039079027425
0.0136217501804142
0.0056089432739412
0.0000000000000000
0.0000000000000000
0.0000000000000000
0.0000000000000000
0.0000000000000000
0.0000000000000000
0.0000000000000000
0.0000000000000000
0.0000000000000000
0.0000000000000000
0.0720599794957394
0.1383983862088686
0.1539141850925684
0.1432283463550825
0.0581870494989763
0.0000000000000000
0.0000000000000000
0.0000000000000000
0.0351145441235705
0.0317063346961471
0.0268099729982758
0.0206922626357415
0.0136053486247818
0.0055816332158304
0.0000000000000000
0.0000000000000000
0.0000000000000000
0.0000000000000000
0.0000000000000000
0.0000000000000000
0.0000000000000000
0.0000000000000000
0.0000000000000000
0.0000000000000000
0.0703085495130996
0.1377720376860251
0.1537098435721390
0.1432036510619978
0.0582142413475377
0.0000000000000000
0.0000000000000000
0.0000000000000000
0.0350908970727132
0.0316889618142613
0.0267954859258049
0.0206769104977591
0.0135847726749813
0.0055493739135308
0.0000000000000000
0.0000000000000000
0.0000000000000000
0.0000000000000000
0.0000000000000000
0.0000000000000000
0.0000000000000000
0.0000000000000000
0.0000000000000000
0.0000000000000000
0.0685042821491771
0.1371227366300284
0.1534913348096325
0.1431658190057726
0.0582343940169164
0.0000000000000000
0.0000000000000000
0.0000000000000000
0.0350646017297228
0.0316685923841319
0.0267776422132749
0.0206578248911331
0.0135599998019339
0.0055121482988682
0.0000000000000000
0.0000000000000000
0.0000000000000000
0.0000000000000000
0.0000000000000000
0.0000000000000000
0.0000000000000000
0.0000000000000000
0.0000000000000000
0.0000000000000000
0.0666474749557072
0.1364502141182670
0.1532584740127859
0.1431146399267406
0.0582473979347274
0.0000000000000000
0.0000000000000000
0.0000000000000000
0.0350356334809666
0.0316451981999957
0.0267564133871085
0.0206349800735913
0.0135310083578095
0.0054699405270497
0.0000000000000000
0.0000000000000000
0.0000000000000000
0.0000000000000000
0.0000000000000000
0.0000000000000000
0.0000000000000000
0.0000000000000000
0.0000000000000000
0.0000000000000000
0.0647386290694643
0.1357542100053088
0.1530110803674646
0.1430499052970050
0.0582531444038527
0.0000000000000000
0.0000000000000000
0.0000000000000000
0.0350039680230253
0.0316187514771115
0.0267317715622204
0.0206083510691477
0.0134977774622747
0.0054227359727737
0.0000000000000000
0.0000000000000000
0.0000000000000000
0.0000000000000000
0.0000000000000000
0.0000000000000000
0.0000000000000000
0.0000000000000000
0.0000000000000000
0.0000000000000000
0.0627784892119361
0.1350344782445057
0.1527489787560290
0.1429714085196333
0.0582515253052111
0.0000000000000000
0.0000000000000000
0.0000000000000000
0.0349695814731735
0.0315892248964032
0.0267036894375791
0.0205779136262071
0.0134602869402702
0.0053705212934653
0.0000000000000000
0.0000000000000000
0.0000000000000000
0.0000000000000000
0.0000000000000000
0.0000000000000000
0.0000000000000000
0.0000000000000000
0.0000000000000000
0.0000000000000000
0.0607680857465290
0.1342907920698885
0.1524720014735779
0.1428789452423677
0.0582424329129720
0.0000000000000000
0.0000000000000000
0.0000000000000000
0.0349324504656576
0.0315565916409194
0.0266721402818341
0.0205436441656735
0.0134185172283151
0.0053132844675765
0.0000000000000000
0.0000000000000000
0.0000000000000000
0.0000000000000000
0.0000000000000000
0.0000000000000000
0.0000000000000000
0.0000000000000000
0.0000000000000000
0.0000000000000000
0.0587087749683576
0.1335229476280449
0.1521799894313076
0.1427723136505728
0.0582257597868307
0.0000000000000000
0.0000000000000000
0.0000000000000000
0.0348925521733727
0.0315208253774193
0.0266370978726139
0.0205055196701911
0.0133724492064584
0.0052510147335558
0.0000000000000000
0.0000000000000000
0.0000000000000000
0.0000000000000000
0.0000000000000000
0.0000000000000000
0.0000000000000000
0.0000000000000000
0.0000000000000000
0.0000000000000000
0.0566022736185738
0.1327307645320337
0.1518727923924125
0.1426513147339431
0.0582013988972039
0.0000000000000000
0.0000000000000000
0.0000000000000000
0.0348498642477546
0.0314819002008642
0.0265985364286879
0.0204635175851821
0.0133220640234797
0.0051837025343403
0.0000000000000000
0.0000000000000000
0.0000000000000000
0.0000000000000000
0.0000000000000000
0.0000000000000000
0.0000000000000000
0.0000000000000000
0.0000000000000000
0.0000000000000000
0.0544506855684448
0.1319140826655288
0.1515502681976319
0.1425157528490801
0.0581692442378688
0.0000000000000000
0.0000000000000000
0.0000000000000000
0.0348043647515080
0.0314397906502424
0.0265564306754554
0.0204176158917220
0.0132673431344513
0.0051113397329531
0.0000000000000000
0.0000000000000000
0.0000000000000000
0.0000000000000000
0.0000000000000000
0.0000000000000000
0.0000000000000000
0.0000000000000000
0.0000000000000000
0.0000000000000000
0.0522565233355880
0.1310727560308845
0.1512122814938642
0.1423654370223394
0.0581291921935518
0.0000000000000000
0.0000000000000000
0.0000000000000000
0.0347560322167052
0.0313944719359427
0.0265107562023771
0.0203677935468314
0.0132082687626456
0.0050339204000519
0.0000000000000000
0.0000000000000000
0.0000000000000000
0.0000000000000000
0.0000000000000000
0.0000000000000000
0.0000000000000000
0.0000000000000000
0.0000000000000000
0.0000000000000000
0.0500227305393901
0.1302066459131998
0.1508587028022855
0.1422001832750232
0.0580811436724529
0.0000000000000000
0.0000000000000000
0.0000000000000000
0.0347048459254359
0.0313459204589643
0.0264614901759712
0.0203140313429825
0.0131448248668864
0.0049514422779650
0.0000000000000000
0.0000000000000000
0.0000000000000000
0.0000000000000000
0.0000000000000000
0.0000000000000000
0.0000000000000000
0.0000000000000000
0.0000000000000000
0.0000000000000000
0.0477527120192702
0.1293156156386652
0.1504894085393439
0.1420198177647356
0.0580250066849336
0.0000000000000000
0.0000000000000000
0.0000000000000000
0.0346507864041970
0.0312941145509287
0.0264086122968152
0.0202563130422438
0.0130769984251763
0.0048639087242621
0.0000000000000000
0.0000000000000000
0.0000000000000000
0.0000000000000000
0.0000000000000000
0.0000000000000000
0.0000000000000000
0.0000000000000000
0.0000000000000000
0.0000000000000000
0.0454503743810940
0.1283995280278669
0.1501042819440318
0.0709120895720995
0.0579606987928327
0.0000000000000000
0.0000000000000000
0.0000000000000000
0.0345938359885713
0.0312390352423443
0.0263521057431348
0.0201946264723570
0.0130047806715161
0.0047713306823410
0.0000000000000000
0.0000000000000000
0.0000000000000000
0.0000000000000000
0.0000000000000000
0.0000000000000000
0.0000000000000000
0.0000000000000000
0.0000000000000000
0.0000000000000000
0.0431201747409315
0.1274582447889482
0.1497032142275524
0.0708065624034189
0.0578881488880314
0.0000000000000000
0.0000000000000000
0.0000000000000000
0.0345339792683963
0.0311806668216555
0.0262919578320105
0.0201289642683206
0.0129281679132882
0.0046737282503534
0.0000000000000000
0.0000000000000000
0.0000000000000000
0.0000000000000000
0.0000000000000000
0.0000000000000000
0.0000000000000000
0.0000000000000000
0.0000000000000000
0.0000000000000000
0.0407671724251352
0.1264916262152624
0.1492861051086220
0.0706932632762880
0.0578072979873283
0.0000000000000000
0.0000000000000000
0.0000000000000000
0.0344712032747768
0.0311189970523567
0.0262281602493159
0.0200593241065030
0.0128471617529205
0.0045711316322294
0.0000000000000000
0.0000000000000000
0.0000000000000000
0.0000000000000000
0.0000000000000000
0.0000000000000000
0.0000000000000000
0.0000000000000000
0.0000000000000000
0.0000000000000000
0.0383970794365505
0.1254995300064460
0.1488528623532071
0.0705721370354062
0.0577180991210009
0.0000000000000000
0.0000000000000000
0.0000000000000000
0.0344054974037992
0.0310540170584500
0.0261607088889111
0.0199857084802660
0.0127617687845839
0.0044635815989459
0.0000000000000000
0.0000000000000000
0.0000000000000000
0.0000000000000000
0.0000000000000000
0.0000000000000000
0.0000000000000000
0.0000000000000000
0.0000000000000000
0.0000000000000000
0.0360163083569526
0.1244818093988855
0.1484034005908834
0.0704431364212174
0.0576205165925468
0.0000000000000000
0.0000000000000000
0.0000000000000000
0.0343368531793963
0.0309857210140274
0.0260896034573776
0.0199081242175425
0.0126720000004253
0.0043511297646661
0.0000000000000000
0.0000000000000000
0.0000000000000000
0.0000000000000000
0.0000000000000000
0.0000000000000000
0.0000000000000000
0.0000000000000000
0.0000000000000000
0.0000000000000000
0.0336320183734109
0.1234383116721389
0.1479376400637197
0.0703062213038880
0.0575145249692870
0.0000000000000000
0.0000000000000000
0.0000000000000000
0.0342652639880373
0.0309141057865987
0.0260148470271823
0.0198265819372281
0.0125778701402431
0.0042338389964697
0.0000000000000000
0.0000000000000000
0.0000000000000000
0.0000000000000000
0.0000000000000000
0.0000000000000000
0.0000000000000000
0.0000000000000000
0.0000000000000000
0.0000000000000000
0.0312521584480605
0.1223688780453877
0.1474555058185318
0.0701613579558539
0.0574001080472091
0.0000000000000000
0.0000000000000000
0.0000000000000000
0.0341907248644700
0.0308391706262472
0.0259364456301261
0.0197410955585105
0.0124793971064686
0.0041117841309772
0.0000000000000000
0.0000000000000000
0.0000000000000000
0.0000000000000000
0.0000000000000000
0.0000000000000000
