0.0000000000000000
0.0000000000000000
0.0000000000000000
0.0000000000000000
0.0255084520200884
0.0642142800620802
0.0942844466989795
0.1128720960916905
0.1190141960414055
0.1127276039735172
0.0949454643254728
0.0674891854883849
0.0000000000000000
0.0000000000000000
0.0000000000000000
0.0000000000000000
0.0000000000000000
0.0000000000000000
0.0000000000000000
0.0000000000000000
0.0000000000000000
0.0000000000000000
0.0000000000000000
0.0000000000000000
0.0000000000000000
0.0000000000000000
0.0000000000000000
0.0000000000000000
0.0251413164666352
0.0640187414719532
0.0942444699456896
0.1129672349383357
0.1192279033827350
0.1130415074739453
0.0953372540314459
0.0679323235555402
0.0000000000000000
0.0000000000000000
0.0000000000000000
0.0000000000000000
0.0000000000000000
0.0000000000000000
0.0000000000000000
0.0000000000000000
0.0000000000000000
0.0000000000000000
0.0000000000000000
0.0000000000000000
0.0000000000000000
0.0000000000000000
0.0000000000000000
0.0000000000000000
0.0247690238711701
0.0638301123178383
0.0942173894065033
0.1130778305305903
0.1194577928234632
0.1133711912605025
0.0957437010901855
0.0683885801150691
0.0000000000000000
0.0000000000000000
0.0000000000000000
0.0000000000000000
0.0000000000000000
0.0000000000000000
0.0000000000000000
0.0000000000000000
0.0000000000000000
0.0000000000000000
0.0000000000000000
0.0000000000000000
0.0000000000000000
0.0000000000000000
0.0000000000000000
0.0000000000000000
0.0243911471898664
0.0636482060665188
0.0942030737182188
0.1132037107857814
0.1197036275316441
0.1137163557264389
0.0961644572395189
0.0688575790607280
0.0000000000000000
0.0000000000000000
0.0000000000000000
0.0000000000000000
0.0000000000000000
0.0000000000000000
0.0000000000000000
0.0000000000000000
0.0000000000000000
0.0000000000000000
0.0000000000000000
0.0000000000000000
0.0000000000000000
0.0000000000000000
0.0000000000000000
0.0000000000000000
0.0240072234488970
0.0634728106747935
0.0942013732630755
0.1133446882136571
0.1199651575444568
0.1140766906219735
0.0965991663185398
0.0693389392416125
0.0000000000000000
0.0000000000000000
0.0000000000000000
0.0000000000000000
0.0000000000000000
0.0000000000000000
0.0000000000000000
0.0000000000000000
0.0000000000000000
0.0000000000000000
0.0000000000000000
0.0000000000000000
0.0000000000000000
0.0000000000000000
0.0000000000000000
0.0000000000000000
0.0236167569556647
0.0633036902974706
0.0942121216880826
0.1135005610457932
0.1202421204495187
0.1144518752953182
0.0970474641189027
0.0698322739708881
0.0000000000000000
0.0000000000000000
0.0000000000000000
0.0000000000000000
0.0000000000000000
0.0000000000000000
0.0000000000000000
0.0000000000000000
0.0000000000000000
0.0000000000000000
0.0000000000000000
0.0000000000000000
0.0000000000000000
0.0000000000000000
0.0000000000000000
0.0000000000000000
0.0232192220754351
0.0631405862976157
0.0942351369089149
0.1136711140442949
0.1205342419811056
0.1148415790732253
0.0975089785544946
0.0703371910417538
0.0000000000000000
0.0000000000000000
0.0000000000000000
0.0000000000000000
0.0000000000000000
0.0000000000000000
0.0000000000000000
0.0000000000000000
0.0000000000000000
0.0000000000000000
0.0000000000000000
0.0000000000000000
0.0000000000000000
0.0000000000000000
0.0000000000000000
0.0000000000000000
0.0228140657589502
0.0629832176385868
0.0942702216048151
0.1138561189817981
0.1208412364581480
0.1152454616605115
0.0979833300325480
0.0708532930363005
0.0000000000000000
0.0000000000000000
0.0000000000000000
0.0000000000000000
0.0000000000000000
0.0000000000000000
0.0000000000000000
0.0000000000000000
0.0000000000000000
0.0000000000000000
0.0000000000000000
0.0000000000000000
0.0000000000000000
0.0000000000000000
0.0000000000000000
0.0000000000000000
0.0224007100892365
0.0628312807896431
0.0943171632979187
0.1140553347768431
0.1211628069939397
0.1156631734248118
0.0984701317936493
0.0713801777343366
0.0000000000000000
0.0000000000000000
0.0000000000000000
0.0000000000000000
0.0000000000000000
0.0000000000000000
0.0000000000000000
0.0000000000000000
0.0000000000000000
0.0000000000000000
0.0000000000000000
0.0000000000000000
0.0000000000000000
0.0000000000000000
0.0000000000000000
0.0000000000000000
0.0219785552636418
0.0626844494167872
0.0943757341528158
0.1142685073725910
0.1214986454641847
0.1160943554655710
0.0989689900856650
0.0719174383443694
0.0000000000000000
0.0000000000000000
0.0000000000000000
0.0000000000000000
0.0000000000000000
0.0000000000000000
0.0000000000000000
0.0000000000000000
0.0000000000000000
0.0000000000000000
0.0000000000000000
0.0000000000000000
0.0000000000000000
0.0000000000000000
0.0000000000000000
0.0000000000000000
0.0215469833782010
0.0625423741479282
0.0944456907656162
0.1144953694953437
0.1218484322830736
0.1165386394277737
0.0994795040060555
0.0724646633885862
0.0000000000000000
0.0000000000000000
0.0000000000000000
0.0000000000000000
0.0000000000000000
0.0000000000000000
0.0000000000000000
0.0000000000000000
0.0000000000000000
0.0000000000000000
0.0000000000000000
0.0000000000000000
0.0000000000000000
0.0000000000000000
0.0000000000000000
0.0000000000000000
0.0211053635317082
0.0624046827838071
0.0945267741813249
0.1147356404849977
0.1222118360729261
0.1169956470349921
0.1000012649296221
0.0730214360294847
0.0000000000000000
0.0000000000000000
0.0000000000000000
0.0000000000000000
0.0000000000000000
0.0000000000000000
0.0000000000000000
0.0000000000000000
0.0000000000000000
0.0000000000000000
0.0000000000000000
0.0000000000000000
0.0000000000000000
0.0000000000000000
0.0000000000000000
0.0000000000000000
0.0206530585417147
0.0622709811903441
0.0946187103725088
0.1149890263210630
0.1225885132941334
0.1174649893668001
0.1005338554682182
0.0735873327857547
0.0000000000000000
0.0000000000000000
0.0000000000000000
0.0000000000000000
0.0000000000000000
0.0000000000000000
0.0000000000000000
0.0000000000000000
0.0000000000000000
0.0000000000000000
0.0000000000000000
0.0000000000000000
0.0000000000000000
0.0000000000000000
0.0000000000000000
0.0000000000000000
0.0201894334730828
0.0621408548984594
0.0947212111163339
0.1152552198178370
0.1229781078056879
0.1179462658464554
0.1010768479755359
0.0741619216475679
0.0000000000000000
0.0000000000000000
0.0000000000000000
0.0000000000000000
0.0000000000000000
0.0000000000000000
0.0000000000000000
0.0000000000000000
0.0000000000000000
0.0000000000000000
0.0000000000000000
0.0000000000000000
0.0000000000000000
0.0000000000000000
0.0000000000000000
0.0000000000000000
0.0197138659269707
0.0620138711554282
0.0948339750612075
0.1155339007752710
0.1233802502176046
0.1184390628905858
0.1016298025963906
0.0747447596847999
0.0000000000000000
0.0000000000000000
0.0000000000000000
0.0000000000000000
0.0000000000000000
0.0000000000000000
0.0000000000000000
0.0000000000000000
0.0000000000000000
0.0000000000000000
0.0000000000000000
0.0000000000000000
0.0000000000000000
0.0000000000000000
0.0000000000000000
0.0000000000000000
0.0192257580569315
0.0618895812058793
0.0949566887044236
0.1158247359094868
0.1237945569282263
0.1189429521942605
0.1021922649528693
0.0753353902788477
0.0000000000000000
0.0000000000000000
0.0000000000000000
0.0000000000000000
0.0000000000000000
0.0000000000000000
0.0000000000000000
0.0000000000000000
0.0000000000000000
0.0000000000000000
0.0000000000000000
0.0000000000000000
0.0000000000000000
0.0000000000000000
0.0000000000000000
0.0000000000000000
0.0187245502043949
0.0617675226271287
0.0950890272747149
0.1161273786291707
0.1242206290355145
0.1194574889357928
0.1027637637893914
0.0759333403925575
0.0000000000000000
0.0000000000000000
0.0000000000000000
0.0000000000000000
0.0000000000000000
0.0000000000000000
0.0000000000000000
0.0000000000000000
0.0000000000000000
0.0000000000000000
0.0000000000000000
0.0000000000000000
0.0000000000000000
0.0000000000000000
0.0000000000000000
0.0000000000000000
0.0182097358210281
0.0616472217472214
0.0952306557750994
0.1164414691513752
0.1246580517412303
0.1199822106231460
0.1033438093895825
0.0765381186652584
0.0000000000000000
0.0000000000000000
0.0000000000000000
0.0000000000000000
0.0000000000000000
0.0000000000000000
0.0000000000000000
0.0000000000000000
0.0000000000000000
0.0000000000000000
0.0000000000000000
0.0000000000000000
0.0000000000000000
0.0000000000000000
0.0000000000000000
0.0000000000000000
0.0176808767897433
0.0615281959048844
0.0953812304710262
0.1167666355228319
0.1251063950647436
0.1205166375642684
0.1039318938390330
0.0771492155180481
0.0000000000000000
0.0000000000000000
0.0000000000000000
0.0000000000000000
0.0000000000000000
0.0000000000000000
0.0000000000000000
0.0000000000000000
0.0000000000000000
0.0000000000000000
0.0000000000000000
0.0000000000000000
0.0000000000000000
0.0000000000000000
0.0000000000000000
0.0000000000000000
0.0171376180160169
0.0614099549111623
0.0955404006435244
0.1171024957283071
0.1255652162772137
0.1210602755662179
0.1045274939048053
0.0777661060841904
0.0000000000000000
0.0000000000000000
0.0000000000000000
0.0000000000000000
0.0000000000000000
0.0000000000000000
0.0000000000000000
0.0000000000000000
0.0000000000000000
0.0000000000000000
0.0000000000000000
0.0000000000000000
0.0000000000000000
0.0000000000000000
0.0000000000000000
0.0000000000000000
0.0165797004324319
0.0612920008452480
0.0957078098733238
0.1174486602281927
0.1260340635365189
0.1216126204795758
0.1051300762538401
0.0783882558602417
0.0000000000000000
0.0000000000000000
0.0000000000000000
0.0000000000000000
0.0000000000000000
0.0000000000000000
0.0000000000000000
0.0000000000000000
0.0000000000000000
0.0000000000000000
0.0000000000000000
0.0000000000000000
0.0000000000000000
0.0000000000000000
0.0000000000000000
0.0000000000000000
0.0160069728827257
0.0611738254994949
0.0958830957784195
0.1178047336606012
0.1265124793177584
0.1221731631142022
0.1057391035680823
0.0790151276286523
0.0000000000000000
0.0000000000000000
0.0000000000000000
0.0000000000000000
0.0000000000000000
0.0000000000000000
0.0000000000000000
0.0000000000000000
0.0000000000000000
0.0000000000000000
0.0000000000000000
0.0000000000000000
0.0000000000000000
0.0000000000000000
0.0000000000000000
0.0000000000000000
0.0154194045705597
0.0610549057463414
0.0960658876352115
0.1181703145649400
0.1270000021270312
0.1227413927603589
0.1063540395739367
0.0796461876373606
0.0000000000000000
0.0000000000000000
0.0000000000000000
0.0000000000000000
0.0000000000000000
0.0000000000000000
0.0000000000000000
0.0000000000000000
0.0000000000000000
0.0000000000000000
0.0000000000000000
0.0000000000000000
0.0000000000000000
0.0000000000000000
0.0000000000000000
0.0000000000000000
0.0148171004255207
0.0609346979017549
0.0962558022371358
0.1185449929656328
0.1274961658836057
0.1233167983123255
0.1069743517359354
0.0802809095253400
0.0000000000000000
0.0000000000000000
0.0000000000000000
0.0000000000000000
0.0000000000000000
0.0000000000000000
0.0000000000000000
0.0000000000000000
0.0000000000000000
0.0000000000000000
0.0000000000000000
0.0000000000000000
0.0000000000000000
0.0000000000000000
0.0000000000000000
0.0000000000000000
0.0142003209223040
0.0608126326679617
0.0964524392925150
0.1189283468483049
0.1280004977248918
0.1238988674596461
0.1075995117347689
0.0809187759034157
0.0000000000000000
0.0000000000000000
0.0000000000000000
0.0000000000000000
0.0000000000000000
0.0000000000000000
0.0000000000000000
0.0000000000000000
0.0000000000000000
0.0000000000000000
0.0000000000000000
0.0000000000000000
0.0000000000000000
0.0000000000000000
0.0000000000000000
0.0000000000000000
0.0135695064376522
0.0606881117856533
0.0966553779463937
0.1193199392142914
0.1285125158675062
0.1244870854425770
0.1082289950923540
0.0815592787015390
0.0000000000000000
0.0000000000000000
0.0000000000000000
0.0000000000000000
0.0000000000000000
0.0000000000000000
0.0000000000000000
0.0000000000000000
0.0000000000000000
0.0000000000000000
0.0000000000000000
0.0000000000000000
0.0000000000000000
0.0000000000000000
0.0000000000000000
0.0000000000000000
0.0129253049766921
0.0605605067393172
0.0968641753636412
0.1197193169882725
0.1290317289510872
0.1250809348405909
0.1088622813453365
0.0822019196541270
0.0000000000000000
0.0000000000000000
0.0000000000000000
0.0000000000000000
0.0000000000000000
0.0000000000000000
0.0000000000000000
0.0000000000000000
0.0000000000000000
0.0000000000000000
0.0000000000000000
0.0000000000000000
0.0000000000000000
0.0000000000000000
0.0000000000000000
0.0000000000000000
0.0122686019581739
0.0604291590883690
0.0970783674115919
0.1201260119924360
0.1295576372102632
0.1256798968345192
0.1094988552990208
0.0828462114417849
0.0000000000000000
0.0000000000000000
0.0000000000000000
0.0000000000000000
0.0000000000000000
0.0000000000000000
0.0000000000000000
0.0000000000000000
0.0000000000000000
0.0000000000000000
0.0000000000000000
0.0000000000000000
0.0000000000000000
0.0000000000000000
0.0000000000000000
0.0000000000000000
0.0116005513119515
0.0602933817976876
0.0972974706430399
0.1205395432141179
0.1300897347360654
0.1262834532802718
0.1101382087849674
0.0834916790803477
0.0000000000000000
0.0000000000000000
0.0000000000000000
0.0000000000000000
0.0000000000000000
0.0000000000000000
0.0000000000000000
0.0000000000000000
0.0000000000000000
0.0000000000000000
0.0000000000000000
0.0000000000000000
0.0000000000000000
0.0000000000000000
0.0000000000000000
0.0000000000000000
0.0109226077718329
0.0601524610700045
0.0975209847165784
0.1209594192863662
0.1306275117199644
0.1268910885276333
0.1107798419649755
0.0841378606674185
0.0000000000000000
0.0000000000000000
0.0000000000000000
0.0000000000000000
0.0000000000000000
0.0000000000000000
0.0000000000000000
0.0000000000000000
0.0000000000000000
0.0000000000000000
0.0000000000000000
0.0000000000000000
0.0000000000000000
0.0000000000000000
0.0000000000000000
0.0000000000000000
0.0102365598762402
0.0600056585372418
0.0977483946789775
0.1213851405295960
0.1311704560081601
0.1275022903759019
0.1114232636416323
0.0847843071056201
0.0000000000000000
0.0000000000000000
0.0000000000000000
0.0000000000000000
0.0000000000000000
0.0000000000000000
0.0000000000000000
0.0000000000000000
0.0000000000000000
0.0000000000000000
0.0000000000000000
0.0000000000000000
