0.0000000000000000
0.0000000000000000
0.0000000000000000
0.0000000000000000
0.0255083199364814
0.0642141640849109
0.0942843587350260
0.1128720393949315
0.1190141720602520
0.1127276121699239
0.0949455019323119
0.0674892474261692
0.0000000000000000
0.0000000000000000
0.0000000000000000
0.0000000000000000
0.0000000000000000
0.0000000000000000
0.0000000000000000
0.0000000000000000
0.0000000000000000
0.0000000000000000
0.0000000000000000
0.0000000000000000
0.0000000000000000
0.0000000000000000
0.0000000000000000
0.0000000000000000
0.0251411839531573
0.0640186250477383
0.0942443816395524
0.1129671779522357
0.1192278791537707
0.1130415154692778
0.0953372914945698
0.0679323854183177
0.0000000000000000
0.0000000000000000
0.0000000000000000
0.0000000000000000
0.0000000000000000
0.0000000000000000
0.0000000000000000
0.0000000000000000
0.0000000000000000
0.0000000000000000
0.0000000000000000
0.0000000000000000
0.0000000000000000
0.0000000000000000
0.0000000000000000
0.0000000000000000
0.0247688908877553
0.0638299954237320
0.0942173007508682
0.1130777732549186
0.1194577683503719
0.1133711990608881
0.0957437384172447
0.0683886419112350
0.0000000000000000
0.0000000000000000
0.0000000000000000
0.0000000000000000
0.0000000000000000
0.0000000000000000
0.0000000000000000
0.0000000000000000
0.0000000000000000
0.0000000000000000
0.0000000000000000
0.0000000000000000
0.0000000000000000
0.0000000000000000
0.0000000000000000
0.0000000000000000
0.0243910136965202
0.0636480886791773
0.0942029847057880
0.1132036532204625
0.1197036028182898
0.1137163633381660
0.0961644944382818
0.0688576407987392
0.0000000000000000
0.0000000000000000
0.0000000000000000
0.0000000000000000
0.0000000000000000
0.0000000000000000
0.0000000000000000
0.0000000000000000
0.0000000000000000
0.0000000000000000
0.0000000000000000
0.0000000000000000
0.0000000000000000
0.0000000000000000
0.0000000000000000
0.0000000000000000
0.0240070894058581
0.0634726927703437
0.0942012838865598
0.1133446303587665
0.1199651325948789
0.1140766980514851
0.0965992033968852
0.0693390009299801
0.0000000000000000
0.0000000000000000
0.0000000000000000
0.0000000000000000
0.0000000000000000
0.0000000000000000
0.0000000000000000
0.0000000000000000
0.0000000000000000
0.0000000000000000
0.0000000000000000
0.0000000000000000
0.0000000000000000
0.0000000000000000
0.0000000000000000
0.0000000000000000
0.0236166223236035
0.0633035718514762
0.0942120319401942
0.1135005029015543
0.1202420952679281
0.1144518825492063
0.0970475010848139
0.0698323356181699
0.0000000000000000
0.0000000000000000
0.0000000000000000
0.0000000000000000
0.0000000000000000
0.0000000000000000
0.0000000000000000
0.0000000000000000
0.0000000000000000
0.0000000000000000
0.0000000000000000
0.0000000000000000
0.0000000000000000
0.0000000000000000
0.0000000000000000
0.0000000000000000
0.0232190868156971
0.0631404672850461
0.0942350467823616
0.1136710556110764
0.1205342165718814
0.1148415861582265
0.0975090154160536
0.0703372526565483
0.0000000000000000
0.0000000000000000
0.0000000000000000
0.0000000000000000
0.0000000000000000
0.0000000000000000
0.0000000000000000
0.0000000000000000
0.0000000000000000
0.0000000000000000
0.0000000000000000
0.0000000000000000
0.0000000000000000
0.0000000000000000
0.0000000000000000
0.0000000000000000
0.0228139298338508
0.0629830980337826
0.0942701310922935
0.1138560602601112
0.1208412108258341
0.1152454685835024
0.0979833667979295
0.0708533546272407
0.0000000000000000
0.0000000000000000
0.0000000000000000
0.0000000000000000
0.0000000000000000
0.0000000000000000
0.0000000000000000
0.0000000000000000
0.0000000000000000
0.0000000000000000
0.0000000000000000
0.0000000000000000
0.0000000000000000
0.0000000000000000
0.0000000000000000
0.0000000000000000
0.0224005734624154
0.0628311605662831
0.0943170723921081
0.1140552757673394
0.1211627811432419
0.1156631801928045
0.0984701684711154
0.0713802393100835
0.0000000000000000
0.0000000000000000
0.0000000000000000
0.0000000000000000
0.0000000000000000
0.0000000000000000
0.0000000000000000
0.0000000000000000
0.0000000000000000
0.0000000000000000
0.0000000000000000
0.0000000000000000
0.0000000000000000
0.0000000000000000
0.0000000000000000
0.0000000000000000
0.0219784179004871
0.0626843285478542
0.0943756428463711
0.1142684480760590
0.1214986193999664
0.1160943620857075
0.0989690266835585
0.0719174999136054
0.0000000000000000
0.0000000000000000
0.0000000000000000
0.0000000000000000
0.0000000000000000
0.0000000000000000
0.0000000000000000
0.0000000000000000
0.0000000000000000
0.0000000000000000
0.0000000000000000
0.0000000000000000
0.0000000000000000
0.0000000000000000
0.0000000000000000
0.0000000000000000
0.0215468452463551
0.0625422526056748
0.0944455990511621
0.1144953099127063
0.1218484060103520
0.1165386459073209
0.0994795405327941
0.0724647249600081
0.0000000000000000
0.0000000000000000
0.0000000000000000
0.0000000000000000
0.0000000000000000
0.0000000000000000
0.0000000000000000
0.0000000000000000
0.0000000000000000
0.0000000000000000
0.0000000000000000
0.0000000000000000
0.0000000000000000
0.0000000000000000
0.0000000000000000
0.0000000000000000
0.0211052246016656
0.0624045605397219
0.0945266820514494
0.1147355806173091
0.1222118095968686
0.1169956533813366
0.1000013013936912
0.0730214976117967
0.0000000000000000
0.0000000000000000
0.0000000000000000
0.0000000000000000
0.0000000000000000
0.0000000000000000
0.0000000000000000
0.0000000000000000
0.0000000000000000
0.0000000000000000
0.0000000000000000
0.0000000000000000
0.0000000000000000
0.0000000000000000
0.0000000000000000
0.0000000000000000
0.0206529187875262
0.0622708582151210
0.0946186178197589
0.1149889661695071
0.1225884866200543
0.1174649955874431
0.1005338918781659
0.0735873943876620
0.0000000000000000
0.0000000000000000
0.0000000000000000
0.0000000000000000
0.0000000000000000
0.0000000000000000
0.0000000000000000
0.0000000000000000
0.0000000000000000
0.0000000000000000
0.0000000000000000
0.0000000000000000
0.0000000000000000
0.0000000000000000
0.0000000000000000
0.0000000000000000
0.0201892928731782
0.0621407311619674
0.0947211181332121
0.1152551593837277
0.1229780809390472
0.1179462719490101
0.1010768843399677
0.0741619832777704
0.0000000000000000
0.0000000000000000
0.0000000000000000
0.0000000000000000
0.0000000000000000
0.0000000000000000
0.0000000000000000
0.0000000000000000
0.0000000000000000
0.0000000000000000
0.0000000000000000
0.0000000000000000
0.0000000000000000
0.0000000000000000
0.0000000000000000
0.0000000000000000
0.0197137244651182
0.0620137466266854
0.0948338816401730
0.1155338400600534
0.1233802231640078
0.1184390688827746
0.1016298389239655
0.0747448213519878
0.0000000000000000
0.0000000000000000
0.0000000000000000
0.0000000000000000
0.0000000000000000
0.0000000000000000
0.0000000000000000
0.0000000000000000
0.0000000000000000
0.0000000000000000
0.0000000000000000
0.0000000000000000
0.0000000000000000
0.0000000000000000
0.0000000000000000
0.0000000000000000
0.0192256157233484
0.0618894558530311
0.0949565948378932
0.1158246749147417
0.1237945296934266
0.1189429580839152
0.1021923012522978
0.0753354519916962
0.0000000000000000
0.0000000000000000
0.0000000000000000
0.0000000000000000
0.0000000000000000
0.0000000000000000
0.0000000000000000
0.0000000000000000
0.0000000000000000
0.0000000000000000
0.0000000000000000
0.0000000000000000
0.0000000000000000
0.0000000000000000
0.0000000000000000
0.0000000000000000
0.0187244069970284
0.0617673964174325
0.0950889329550693
0.1161273173566203
0.1242206016254157
0.1194574947308550
0.1027638000694332
0.0759334021597235
0.0000000000000000
0.0000000000000000
0.0000000000000000
0.0000000000000000
0.0000000000000000
0.0000000000000000
0.0000000000000000
0.0000000000000000
0.0000000000000000
0.0000000000000000
0.0000000000000000
0.0000000000000000
0.0000000000000000
0.0000000000000000
0.0000000000000000
0.0000000000000000
0.0182095917470202
0.0616470946470353
0.0952305609946923
0.1164414076028917
0.1246580241618925
0.1199822163316691
0.1033438456590457
0.0765381804953768
0.0000000000000000
0.0000000000000000
0.0000000000000000
0.0000000000000000
0.0000000000000000
0.0000000000000000
0.0000000000000000
0.0000000000000000
0.0000000000000000
0.0000000000000000
0.0000000000000000
0.0000000000000000
0.0000000000000000
0.0000000000000000
0.0000000000000000
0.0000000000000000
0.0176807318670967
0.0615280678796612
0.0953811352221930
0.1167665737004459
0.1251063673223879
0.1205166431944197
0.1039319301067740
0.0771492774197286
0.0000000000000000
0.0000000000000000
0.0000000000000000
0.0000000000000000
0.0000000000000000
0.0000000000000000
0.0000000000000000
0.0000000000000000
0.0000000000000000
0.0000000000000000
0.0000000000000000
0.0000000000000000
0.0000000000000000
0.0000000000000000
0.0000000000000000
0.0000000000000000
0.0171374722754731
0.0614098259254431
0.0955403049185936
0.1171024336342162
0.1255651883782280
0.1210602811262819
0.1045275301797292
0.0777661680660164
0.0000000000000000
0.0000000000000000
0.0000000000000000
0.0000000000000000
0.0000000000000000
0.0000000000000000
0.0000000000000000
0.0000000000000000
0.0000000000000000
0.0000000000000000
0.0000000000000000
0.0000000000000000
0.0000000000000000
0.0000000000000000
0.0000000000000000
0.0000000000000000
0.0165795539195761
0.0612918708626520
0.0957077136646218
0.1174485978647675
0.1260340354874615
0.1216126259779548
0.1051301125448992
0.0783883179307672
0.0000000000000000
0.0000000000000000
0.0000000000000000
0.0000000000000000
0.0000000000000000
0.0000000000000000
0.0000000000000000
0.0000000000000000
0.0000000000000000
0.0000000000000000
0.0000000000000000
0.0000000000000000
0.0000000000000000
0.0000000000000000
0.0000000000000000
0.0000000000000000
0.0160068256603384
0.0611736944827041
0.0958829990782734
0.1178046710303870
0.1265124511253571
0.1221731685594145
0.1057391398842739
0.0790151897963988
0.0000000000000000
0.0000000000000000
0.0000000000000000
0.0000000000000000
0.0000000000000000
0.0000000000000000
0.0000000000000000
0.0000000000000000
0.0000000000000000
0.0000000000000000
0.0000000000000000
0.0000000000000000
0.0000000000000000
0.0000000000000000
0.0000000000000000
0.0000000000000000
0.0154192567212340
0.0610547736570792
0.0960657904359443
0.1181702516706531
0.1269999737981782
0.1227413981610321
0.1063540759242963
0.0796462499108109
0.0000000000000000
0.0000000000000000
0.0000000000000000
0.0000000000000000
0.0000000000000000
0.0000000000000000
0.0000000000000000
0.0000000000000000
0.0000000000000000
0.0000000000000000
0.0000000000000000
0.0000000000000000
0.0000000000000000
0.0000000000000000
0.0000000000000000
0.0000000000000000
0.0148169520545613
0.0609345647007616
0.0962557045310584
0.1185449298101520
0.1274961374253473
0.1233168036771854
0.1069743881295248
0.0802809719129287
0.0000000000000000
0.0000000000000000
0.0000000000000000
0.0000000000000000
0.0000000000000000
0.0000000000000000
0.0000000000000000
0.0000000000000000
0.0000000000000000
0.0000000000000000
0.0000000000000000
0.0000000000000000
0.0000000000000000
0.0000000000000000
0.0000000000000000
0.0000000000000000
0.0142001721609168
0.0608124983149716
0.0964523410719150
0.1189282834346597
0.1280004691444132
0.1238988727975010
0.1075995481806623
0.0809188384135155
0.0000000000000000
0.0000000000000000
0.0000000000000000
0.0000000000000000
0.0000000000000000
0.0000000000000000
0.0000000000000000
0.0000000000000000
0.0000000000000000
0.0000000000000000
0.0000000000000000
0.0000000000000000
0.0000000000000000
0.0000000000000000
0.0000000000000000
0.0000000000000000
0.0135693574464080
0.0606879762393746
0.0966552792035230
0.1193198755456467
0.1285124871721147
0.1244870907622987
0.1082290315996194
0.0815593413424457
0.0000000000000000
0.0000000000000000
0.0000000000000000
0.0000000000000000
0.0000000000000000
0.0000000000000000
0.0000000000000000
0.0000000000000000
0.0000000000000000
0.0000000000000000
0.0000000000000000
0.0000000000000000
0.0000000000000000
0.0000000000000000
0.0000000000000000
0.0000000000000000
0.0129251559492334
0.0605603699574156
0.0968640760907033
0.1197192530679136
0.1290317001481932
0.1250809401510956
0.1088623179230162
0.0822019824340428
0.0000000000000000
0.0000000000000000
0.0000000000000000
0.0000000000000000
0.0000000000000000
0.0000000000000000
0.0000000000000000
0.0000000000000000
0.0000000000000000
0.0000000000000000
0.0000000000000000
0.0000000000000000
0.0000000000000000
0.0000000000000000
0.0000000000000000
0.0000000000000000
0.0122684531251064
0.0604290210274511
0.0970782676007285
0.1201259478237523
0.1295576083073611
0.1256799021447469
0.1094988919561136
0.0828462743688022
0.0000000000000000
0.0000000000000000
0.0000000000000000
0.0000000000000000
0.0000000000000000
0.0000000000000000
0.0000000000000000
0.0000000000000000
0.0000000000000000
0.0000000000000000
0.0000000000000000
0.0000000000000000
0.0000000000000000
0.0000000000000000
0.0000000000000000
0.0000000000000000
0.0116004029448365
0.0602932424132833
0.0972973702863166
0.1205394788005872
0.1300897057407159
0.1262834585991686
0.1101382455304108
0.0834917421624350
0.0000000000000000
0.0000000000000000
0.0000000000000000
0.0000000000000000
0.0000000000000000
0.0000000000000000
0.0000000000000000
0.0000000000000000
0.0000000000000000
0.0000000000000000
0.0000000000000000
0.0000000000000000
0.0000000000000000
0.0000000000000000
0.0000000000000000
0.0000000000000000
0.0109224601871584
0.0601523203165507
0.0975208838059693
0.1209593546315390
0.1306274826397773
0.1268910938641336
0.1107798788076303
0.0841379239124081
0.0000000000000000
0.0000000000000000
0.0000000000000000
0.0000000000000000
0.0000000000000000
0.0000000000000000
0.0000000000000000
0.0000000000000000
0.0000000000000000
0.0000000000000000
0.0000000000000000
0.0000000000000000
0.0000000000000000
0.0000000000000000
0.0000000000000000
0.0000000000000000
0.0102364134391969
0.0600055163680651
0.0977482932063513
0.1213850756370816
0.1311704268507791
0.1275022957389138
0.1114233005902692
0.0847843705211963
0.0000000000000000
0.0000000000000000
0.0000000000000000
0.0000000000000000
0.0000000000000000
0.0000000000000000
0.0000000000000000
0.0000000000000000
0.0000000000000000
0.0000000000000000
0.0000000000000000
0.0000000000000000
