0.0000000000000000
0.0000000000000000
0.0000000000000000
0.0000000000000000
0.0000000000000000
0.0000000000000000
0.0000000000000000
0.0000000000000000
0.0000000000000000
0.0353942512432248
0.0388923558332065
0.0815257747912248
0.1169727103735987
0.1415641923394450
0.1520764946984481
0.1454082738658831
0.1173043385439683
0.0582955213405719
0.0000000000000000
0.0000000000000000
0.0000000000000000
0.0000000000000000
0.0000000000000000
0.0000000000000000
0.0000000000000000
0.0000000000000000
0.0000000000000000
0.0000000000000000
0.0000000000000000
0.0000000000000000
0.0000000000000000
0.0000000000000000
0.0000000000000000
0.0353572096324807
0.0386205093284225
0.0813189229565265
0.1168549454360290
0.1415510279036399
0.1521739291894030
0.1456113151385753
0.1175926085826524
0.0586014608201901
0.0000000000000000
0.0000000000000000
0.0000000000000000
0.0000000000000000
0.0000000000000000
0.0000000000000000
0.0000000000000000
0.0000000000000000
0.0000000000000000
0.0000000000000000
0.0000000000000000
0.0000000000000000
0.0000000000000000
0.0000000000000000
0.0000000000000000
0.0353182760372187
0.0383589618897512
0.0811231517943530
0.1167482629250004
0.1415478607686374
0.1522787123987810
0.1458164353272579
0.1178719740600933
0.0588725562783387
0.0000000000000000
0.0000000000000000
0.0000000000000000
0.0000000000000000
0.0000000000000000
0.0000000000000000
0.0000000000000000
0.0000000000000000
0.0000000000000000
0.0000000000000000
0.0000000000000000
0.0000000000000000
0.0000000000000000
0.0000000000000000
0.0000000000000000
0.0352774603382159
0.0381079506631045
0.0809386247977715
0.1166527354698387
0.1415546632804008
0.1523907154476645
0.1460234119557170
0.1181421306832576
0.0591083504361432
0.0000000000000000
0.0000000000000000
0.0000000000000000
0.0000000000000000
0.0000000000000000
0.0000000000000000
0.0000000000000000
0.0000000000000000
0.0000000000000000
0.0000000000000000
0.0000000000000000
0.0000000000000000
0.0000000000000000
0.0000000000000000
0.0000000000000000
0.0352347715371609
0.0378677006547950
0.0807654916283753
0.1165684209955469
0.1415713929074522
0.1525097946737903
0.1462320065600649
0.1184027495046149
0.0593083322044325
0.0000000000000000
0.0000000000000000
0.0000000000000000
0.0000000000000000
0.0000000000000000
0.0000000000000000
0.0000000000000000
0.0000000000000000
0.0000000000000000
0.0000000000000000
0.0000000000000000
0.0000000000000000
0.0000000000000000
0.0000000000000000
0.0000000000000000
0.0351902178297326
0.0376384264289117
0.0806038897166261
0.1164953640432339
0.1415979931688896
0.1526357920239611
0.1464419643560191
0.1186534754679426
0.0594719328717007
0.0000000000000000
0.0000000000000000
0.0000000000000000
0.0000000000000000
0.0000000000000000
0.0000000000000000
0.0000000000000000
0.0000000000000000
0.0000000000000000
0.0000000000000000
0.0000000000000000
0.0000000000000000
0.0000000000000000
0.0000000000000000
0.0000000000000000
0.0351438066403087
0.0374203329688308
0.0804539450674502
0.1164335964952959
0.1416343941886428
0.1527685353562997
0.1466530141737026
0.1188939267121163
0.0595985238729031
0.0000000000000000
0.0000000000000000
0.0000000000000000
0.0000000000000000
0.0000000000000000
0.0000000000000000
0.0000000000000000
0.0000000000000000
0.0000000000000000
0.0000000000000000
0.0000000000000000
0.0000000000000000
0.0000000000000000
0.0000000000000000
0.0000000000000000
0.0350955446321070
0.0372136157618013
0.0803157724196053
0.1163831377456671
0.1416805128786447
0.1529078386173053
0.1468648685719646
0.1191236944411601
0.0596874160226425
0.0000000000000000
0.0000000000000000
0.0000000000000000
0.0000000000000000
0.0000000000000000
0.0000000000000000
0.0000000000000000
0.0000000000000000
0.0000000000000000
0.0000000000000000
0.0000000000000000
0.0000000000000000
0.0000000000000000
0.0000000000000000
0.0000000000000000
0.0350454377114546
0.0370184604103349
0.0801894748967117
0.1163439944732567
0.1417362528419222
0.1530535018742835
0.1470772239964968
0.1193423431553879
0.0597378597279776
0.0000000000000000
0.0000000000000000
0.0000000000000000
0.0000000000000000
0.0000000000000000
0.0000000000000000
0.0000000000000000
0.0000000000000000
0.0000000000000000
0.0000000000000000
0.0000000000000000
0.0000000000000000
0.0000000000000000
0.0000000000000000
0.0000000000000000
0.0349934910473731
0.0368351630912599
0.0800751434926076
0.1163161602243707
0.1418015041006581
0.1532053112280289
0.1472897608932540
0.1195494109033622
0.0597490456826766
0.0000000000000000
0.0000000000000000
0.0000000000000000
0.0000000000000000
0.0000000000000000
0.0000000000000000
0.0000000000000000
0.0000000000000000
0.0000000000000000
0.0000000000000000
0.0000000000000000
0.0000000000000000
0.0000000000000000
0.0000000000000000
0.0000000000000000
0.0349397091238040
0.0367948773472194
0.0799728566884542
0.1162996151103205
0.1418761428695210
0.1533630386643730
0.1475021436433021
0.1197444092701302
0.0597201052720830
0.0000000000000000
0.0000000000000000
0.0000000000000000
0.0000000000000000
0.0000000000000000
0.0000000000000000
0.0000000000000000
0.0000000000000000
0.0000000000000000
0.0000000000000000
0.0000000000000000
0.0000000000000000
0.0000000000000000
0.0000000000000000
0.0000000000000000
0.0348840958448372
0.0367525641150282
0.0798826806049810
0.1162943258850384
0.1419600315431954
0.1535264419184972
0.1477140202566520
0.1199268227272916
0.0596501100489796
0.0000000000000000
0.0000000000000000
0.0000000000000000
0.0000000000000000
0.0000000000000000
0.0000000000000000
0.0000000000000000
0.0000000000000000
0.0000000000000000
0.0000000000000000
0.0000000000000000
0.0000000000000000
0.0000000000000000
0.0000000000000000
0.0000000000000000
0.0348266546990063
0.0367082151690495
0.0798046698399086
0.1163002465850169
0.1420530190158552
0.1536952643878106
0.1479250217789151
0.1200961072900297
0.0595380700098380
0.0000000000000000
0.0000000000000000
0.0000000000000000
0.0000000000000000
0.0000000000000000
0.0000000000000000
0.0000000000000000
0.0000000000000000
0.0000000000000000
0.0000000000000000
0.0000000000000000
0.0000000000000000
0.0000000000000000
0.0000000000000000
0.0000000000000000
0.0347673889885445
0.0366618221519231
0.0797388688923878
0.1163173195749062
0.1421549412324562
0.1538692350591599
0.1481347614608821
0.1202516885984212
0.0593829311993342
0.0000000000000000
0.0000000000000000
0.0000000000000000
0.0000000000000000
0.0000000000000000
0.0000000000000000
0.0000000000000000
0.0000000000000000
0.0000000000000000
0.0000000000000000
0.0000000000000000
0.0000000000000000
0.0000000000000000
0.0000000000000000
0.0000000000000000
0.0347063021170584
0.0366133767761213
0.0796853138033545
0.1163454767447176
0.1422656217616705
0.1540480683483922
0.1483428337586933
0.1203929598019401
0.0591835734480284
0.0000000000000000
0.0000000000000000
0.0000000000000000
0.0000000000000000
0.0000000000000000
0.0000000000000000
0.0000000000000000
0.0000000000000000
0.0000000000000000
0.0000000000000000
0.0000000000000000
0.0000000000000000
0.0000000000000000
0.0000000000000000
0.0000000000000000
0.0346433979307978
0.0365628710726402
0.0796440336999905
0.1163846405467498
0.1423848722153520
0.1542314638119226
0.1485488132751669
0.1205192795304925
0.0589388090515367
0.0000000000000000
0.0000000000000000
0.0000000000000000
0.0000000000000000
0.0000000000000000
0.0000000000000000
0.0000000000000000
0.0000000000000000
0.0000000000000000
0.0000000000000000
0.0000000000000000
0.0000000000000000
0.0000000000000000
0.0000000000000000
0.0000000000000000
0.0345786810799381
0.0365102976654019
0.0796150521151722
0.1164347248919875
0.1425124925863107
0.1544191058650063
0.1487522538173077
0.1206299701148603
0.0586473822031589
0.0000000000000000
0.0000000000000000
0.0000000000000000
0.0000000000000000
0.0000000000000000
0.0000000000000000
0.0000000000000000
0.0000000000000000
0.0000000000000000
0.0000000000000000
0.0000000000000000
0.0000000000000000
0.0000000000000000
0.0000000000000000
0.0000000000000000
0.0345121573239095
0.0364556500045194
0.0795983882117998
0.1164956360659988
0.1426482717821314
0.1546106638497661
0.1489526878988199
0.1207243161272639
0.0583079686886245
0.0000000000000000
0.0000000000000000
0.0000000000000000
0.0000000000000000
0.0000000000000000
0.0000000000000000
0.0000000000000000
0.0000000000000000
0.0000000000000000
0.0000000000000000
0.0000000000000000
0.0000000000000000
0.0000000000000000
0.0000000000000000
0.0000000000000000
0.0344438336616591
0.0363989224635091
0.0795940577865747
0.1165672737563324
0.1427919885706900
0.1548057927891230
0.1491496270616211
0.1208015635463049
0.0579191754759082
0.0000000000000000
0.0000000000000000
0.0000000000000000
0.0000000000000000
0.0000000000000000
0.0000000000000000
0.0000000000000000
0.0000000000000000
0.0000000000000000
0.0000000000000000
0.0000000000000000
0.0000000000000000
0.0000000000000000
0.0000000000000000
0.0000000000000000
0.0343737181853476
0.0363401102295643
0.0796020736236007
0.1166495318197241
0.1429434127610748
0.1550041348546113
0.1493425633002037
0.1208609200315719
0.0574795412677328
0.0000000000000000
0.0000000000000000
0.0000000000000000
0.0000000000000000
0.0000000000000000
0.0000000000000000
0.0000000000000000
0.0000000000000000
0.0000000000000000
0.0000000000000000
0.0000000000000000
0.0000000000000000
0.0000000000000000
0.0000000000000000
0.0000000000000000
0.0343018196470719
0.0362792090050481
0.0796224443114384
0.1167422980275293
0.1431023059509574
0.1552053210906685
0.1495309714600470
0.1209015569484819
0.0569875402712958
0.0000000000000000
0.0000000000000000
0.0000000000000000
0.0000000000000000
0.0000000000000000
0.0000000000000000
0.0000000000000000
0.0000000000000000
0.0000000000000000
0.0000000000000000
0.0000000000000000
0.0000000000000000
0.0000000000000000
0.0000000000000000
0.0000000000000000
0.0342281468678936
0.0362162146418275
0.0796551709303840
0.1168454520129923
0.1432684210486077
0.1554089726415037
0.1497143121232556
0.1209226132895951
0.0564415916573819
0.0000000000000000
0.0000000000000000
0.0000000000000000
0.0000000000000000
0.0000000000000000
0.0000000000000000
0.0000000000000000
0.0000000000000000
0.0000000000000000
0.0000000000000000
0.0000000000000000
0.0000000000000000
0.0000000000000000
0.0000000000000000
0.0000000000000000
0.0341527081934375
0.0361511228774686
0.0797002416949911
0.1169588613371895
0.1434415001835098
0.1556147008985367
0.1498920342872895
0.1209232011052556
0.0558400755532838
0.0000000000000000
0.0000000000000000
0.0000000000000000
0.0000000000000000
0.0000000000000000
0.0000000000000000
0.0000000000000000
0.0000000000000000
0.0000000000000000
0.0000000000000000
0.0000000000000000
0.0000000000000000
0.0000000000000000
0.0000000000000000
0.0000000000000000
0.0340755111711641
0.0360839292802693
0.0797576256293877
0.1170823764188908
0.1436212714699971
0.1558221065867800
0.1500635773804893
0.1209024113469090
0.0551813540131252
0.0000000000000000
0.0000000000000000
0.0000000000000000
0.0000000000000000
0.0000000000000000
0.0000000000000000
0.0000000000000000
0.0000000000000000
0.0000000000000000
0.0000000000000000
0.0000000000000000
0.0000000000000000
0.0000000000000000
0.0000000000000000
0.0000000000000000
0.0339965624758119
0.0360146293827181
0.0798272668335009
0.1172158257904823
0.1438074457055948
0.1560307784442088
0.1502283725680154
0.1208593189192209
0.0544637932934120
0.0000000000000000
0.0000000000000000
0.0000000000000000
0.0000000000000000
0.0000000000000000
0.0000000000000000
0.0000000000000000
0.0000000000000000
0.0000000000000000
0.0000000000000000
0.0000000000000000
0.0000000000000000
0.0000000000000000
0.0000000000000000
0.0000000000000000
0.0339158679753048
0.0359432188696027
0.0799090807089635
0.1173590129577389
0.1439997142185266
0.1562402923665605
0.1503858436302201
0.1207929859847400
0.0536857839443117
0.0000000000000000
0.0000000000000000
0.0000000000000000
0.0000000000000000
0.0000000000000000
0.0000000000000000
0.0000000000000000
0.0000000000000000
0.0000000000000000
0.0000000000000000
0.0000000000000000
0.0000000000000000
0.0000000000000000
0.0000000000000000
0.0000000000000000
0.0338334327811498
0.0358696936792670
0.0800029526499542
0.1175117155053448
0.1441977484519715
0.1564502115613242
0.1505354077285873
0.1207024632044343
0.0528457568411512
0.0000000000000000
0.0000000000000000
0.0000000000000000
0.0000000000000000
0.0000000000000000
0.0000000000000000
0.0000000000000000
0.0000000000000000
0.0000000000000000
0.0000000000000000
0.0000000000000000
0.0000000000000000
0.0000000000000000
0.0000000000000000
0.0000000000000000
0.0337492612062722
0.0357940499625056
0.0801087389111485
0.1176736861480159
0.1444012011242396
0.1566600876380418
0.1506764761154056
0.1205867891434661
0.0519421961933770
0.0000000000000000
0.0000000000000000
0.0000000000000000
0.0000000000000000
0.0000000000000000
0.0000000000000000
0.0000000000000000
0.0000000000000000
0.0000000000000000
0.0000000000000000
0.0000000000000000
0.0000000000000000
0.0000000000000000
0.0000000000000000
0.0000000000000000
0.0336633566666122
0.0357558458478295
0.0802262687775005
0.1178446549457669
0.1446097082408664
0.1568694621258981
0.1508084546447431
0.1204449884043681
0.0509736521383699
0.0000000000000000
0.0000000000000000
0.0000000000000000
0.0000000000000000
0.0000000000000000
0.0000000000000000
0.0000000000000000
0.0000000000000000
0.0000000000000000
0.0000000000000000
0.0000000000000000
0.0000000000000000
0.0000000000000000
0.0000000000000000
0.0000000000000000
0.0335757216248334
0.0358317155690320
0.0803553473175954
0.1180243318814899
0.1448228912533503
0.1570778678777648
0.1509307438979129
0.1202760690608848
0.0499387559180645
0.0000000000000000
0.0000000000000000
0.0000000000000000
0.0000000000000000
0.0000000000000000
0.0000000000000000
0.0000000000000000
0.0000000000000000
0.0000000000000000
0.0000000000000000
0.0000000000000000
0.0000000000000000
0.0000000000000000
0.0000000000000000
0.0000000000000000
0.0334863576374441
0.0359207898707450
0.0804957581846178
0.1182124093691665
0.1450403589822082
0.1572848301280473
0.1510427389178661
0.1200790197873257
0.0488362395988675
0.0000000000000000
0.0000000000000000
0.0000000000000000
0.0000000000000000
0.0000000000000000
0.0000000000000000
