0.0000000000000000
0.0000000000000000
0.0000000000000000
0.0000000000000000
0.0000000000000000
0.0000000000000000
0.0000000000000000
0.0000000000000000
0.0000000000000000
0.0000000000000000
0.0371092525524198
0.0370451023287465
0.0352070949607721
0.0317081978507195
0.0267567120125659
0.0206231430561274
0.0135620086085378
0.0056146171619942
0.0000000000000000
0.0000000000000000
0.0000000000000000
0.0000000000000000
0.0000000000000000
0.0000000000000000
0.0000000000000000
0.0000000000000000
0.0000000000000000
0.0000000000000000
0.0000000000000000
0.0000000000000000
0.0000000000000000
0.0000000000000000
0.0000000000000000
0.0000000000000000
0.0370869184363822
0.0370366831229800
0.0352109137331377
0.0317217998793342
0.0267770518396042
0.0206468609836821
0.0135858459141381
0.0056355506248990
0.0000000000000000
0.0000000000000000
0.0000000000000000
0.0000000000000000
0.0000000000000000
0.0000000000000000
0.0000000000000000
0.0000000000000000
0.0000000000000000
0.0000000000000000
0.0000000000000000
0.0000000000000000
0.0000000000000000
0.0000000000000000
0.0000000000000000
0.0000000000000000
0.0370626083211279
0.0370261248878836
0.0352123618865335
0.0317327431778067
0.0267943978478531
0.0206671980393611
0.0136058004864879
0.0056517821259226
0.0000000000000000
0.0000000000000000
0.0000000000000000
0.0000000000000000
0.0000000000000000
0.0000000000000000
0.0000000000000000
0.0000000000000000
0.0000000000000000
0.0000000000000000
0.0000000000000000
0.0000000000000000
0.0000000000000000
0.0000000000000000
0.0000000000000000
0.0000000000000000
0.0370363189913729
0.0370134124967217
0.0352114143607755
0.0317409953839433
0.0268087134789120
0.0206841168606161
0.0136218376914011
0.0056632807648849
0.0000000000000000
0.0000000000000000
0.0000000000000000
0.0000000000000000
0.0000000000000000
0.0000000000000000
0.0000000000000000
0.0000000000000000
0.0000000000000000
0.0000000000000000
0.0000000000000000
0.0000000000000000
0.0000000000000000
0.0000000000000000
0.0000000000000000
0.0000000000000000
0.0370080465551148
0.0369985304441515
0.0352080460902066
0.0317465245531033
0.0268199630312103
0.0206975813392821
0.0136339243640939
0.0056700173502124
0.0000000000000000
0.0000000000000000
0.0000000000000000
0.0000000000000000
0.0000000000000000
0.0000000000000000
0.0000000000000000
0.0000000000000000
0.0000000000000000
0.0000000000000000
0.0000000000000000
0.0000000000000000
0.0000000000000000
0.0000000000000000
0.0000000000000000
0.0000000000000000
0.0369777864602894
0.0369814628039456
0.0352022319036760
0.0317492990028269
0.0268281114526375
0.0207075563735163
0.0136420285156461
0.0056719640308621
0.0000000000000000
0.0000000000000000
0.0000000000000000
0.0000000000000000
0.0000000000000000
0.0000000000000000
0.0000000000000000
0.0000000000000000
0.0000000000000000
0.0000000000000000
0.0000000000000000
0.0000000000000000
0.0000000000000000
0.0000000000000000
0.0000000000000000
0.0000000000000000
0.0369455335065430
0.0369621932149168
0.0351939464832779
0.0317492872456109
0.0268331242517168
0.0207140077528624
0.0136461191936507
0.0056690941052601
0.0000000000000000
0.0000000000000000
0.0000000000000000
0.0000000000000000
0.0000000000000000
0.0000000000000000
0.0000000000000000
0.0000000000000000
0.0000000000000000
0.0000000000000000
0.0000000000000000
0.0000000000000000
0.0000000000000000
0.0000000000000000
0.0000000000000000
0.0000000000000000
0.0369112818575041
0.0369407048946837
0.0351831643789209
0.0317464580030299
0.0268349675062731
0.0207169021642566
0.0136461664736099
0.0056613819989581
0.0000000000000000
0.0000000000000000
0.0000000000000000
0.0000000000000000
0.0000000000000000
0.0000000000000000
0.0000000000000000
0.0000000000000000
0.0000000000000000
0.0000000000000000
0.0000000000000000
0.0000000000000000
0.0000000000000000
0.0000000000000000
0.0000000000000000
0.0000000000000000
0.0368750250645291
0.0369169806818062
0.0351698600667169
0.0317407802769493
0.0268336079475609
0.0207162072792050
0.0136421415508596
0.0056488033609101
0.0000000000000000
0.0000000000000000
0.0000000000000000
0.0000000000000000
0.0000000000000000
0.0000000000000000
0.0000000000000000
0.0000000000000000
0.0000000000000000
0.0000000000000000
0.0000000000000000
0.0000000000000000
0.0000000000000000
0.0000000000000000
0.0000000000000000
0.0000000000000000
0.0368367561081939
0.0368910030997215
0.0351540080345202
0.0317322234546899
0.0268290130775985
0.0207118918841184
0.0136340168696100
0.0056313352230805
0.0000000000000000
0.0000000000000000
0.0000000000000000
0.0000000000000000
0.0000000000000000
0.0000000000000000
0.0000000000000000
0.0000000000000000
0.0000000000000000
0.0000000000000000
0.0000000000000000
0.0000000000000000
0.0000000000000000
0.0000000000000000
0.0000000000000000
0.0000000000000000
0.0369016133319108
0.0368627544341888
0.0351355828686573
0.0317207574027514
0.0268211512706491
0.0207039259814884
0.0136217662290136
0.0056089561371325
0.0000000000000000
0.0000000000000000
0.0000000000000000
0.0000000000000000
0.0000000000000000
0.0000000000000000
0.0000000000000000
0.0000000000000000
0.0000000000000000
0.0000000000000000
0.0000000000000000
0.0000000000000000
0.0000000000000000
0.0000000000000000
0.0000000000000000
0.0000000000000000
0.0369764837214246
0.0368322168125134
0.0351145593192466
0.0317063525173812
0.0268099918069724
0.0206922808134297
0.0136053647880779
0.0055816462165312
0.0000000000000000
0.0000000000000000
0.0000000000000000
0.0000000000000000
0.0000000000000000
0.0000000000000000
0.0000000000000000
0.0000000000000000
0.0000000000000000
0.0000000000000000
0.0000000000000000
0.0000000000000000
0.0000000000000000
0.0000000000000000
0.0000000000000000
0.0000000000000000
0.0370350860683336
0.0367993722807820
0.0350909123302253
0.0316889797111679
0.0267955048235767
0.0206769287777549
0.0135847889565833
0.0055493870554947
0.0000000000000000
0.0000000000000000
0.0000000000000000
0.0000000000000000
0.0000000000000000
0.0000000000000000
0.0000000000000000
0.0000000000000000
0.0000000000000000
0.0000000000000000
0.0000000000000000
0.0000000000000000
0.0000000000000000
0.0000000000000000
0.0000000000000000
0.0000000000000000
0.0370772682180585
0.0367642028879832
0.0350646170527665
0.0316686103602591
0.0267776612035099
0.0206578432767436
0.0135600162054006
0.0055121615857580
0.0000000000000000
0.0000000000000000
0.0000000000000000
0.0000000000000000
0.0000000000000000
0.0000000000000000
0.0000000000000000
0.0000000000000000
0.0000000000000000
0.0000000000000000
0.0000000000000000
0.0000000000000000
0.0000000000000000
0.0000000000000000
0.0000000000000000
0.0000000000000000
0.0371028844222308
0.0367266907990235
0.0350356488732021
0.0316452162588445
0.0267564324731390
0.0206349985680633
0.0135310248866488
0.0054699539624266
0.0000000000000000
0.0000000000000000
0.0000000000000000
0.0000000000000000
0.0000000000000000
0.0000000000000000
0.0000000000000000
0.0000000000000000
0.0000000000000000
0.0000000000000000
0.0000000000000000
0.0000000000000000
0.0000000000000000
0.0000000000000000
0.0000000000000000
0.0000000000000000
0.0371117940057307
0.0366868184527888
0.0350039834880754
0.0316187696221335
0.0267317907473198
0.0206083696756659
0.0134977941199427
0.0054227495600835
0.0000000000000000
0.0000000000000000
0.0000000000000000
0.0000000000000000
0.0000000000000000
0.0000000000000000
0.0000000000000000
0.0000000000000000
0.0000000000000000
0.0000000000000000
0.0000000000000000
0.0000000000000000
0.0000000000000000
0.0000000000000000
0.0000000000000000
0.0000000000000000
0.0371038602930434
0.0366445687513580
0.0349695970146207
0.0315892431309977
0.0267037087249593
0.0205779323478911
0.0134603037301700
0.0053705350360228
0.0000000000000000
0.0000000000000000
0.0000000000000000
0.0000000000000000
0.0000000000000000
0.0000000000000000
0.0000000000000000
0.0000000000000000
0.0000000000000000
0.0000000000000000
0.0000000000000000
0.0000000000000000
0.0000000000000000
0.0000000000000000
0.0000000000000000
0.0000000000000000
0.0370789497109215
0.0365999252222330
0.0349324660870417
0.0315566099684307
0.0266721596746428
0.0205436630055752
0.0134185341537953
0.0053132983685464
0.0000000000000000
0.0000000000000000
0.0000000000000000
0.0000000000000000
0.0000000000000000
0.0000000000000000
0.0000000000000000
0.0000000000000000
0.0000000000000000
0.0000000000000000
0.0000000000000000
0.0000000000000000
0.0000000000000000
0.0000000000000000
0.0000000000000000
0.0000000000000000
0.0370369310362086
0.0365528720793331
0.0348925678781882
0.0315208438011337
0.0266371173739313
0.0205055386312924
0.0133724662708118
0.0052510287959310
0.0000000000000000
0.0000000000000000
0.0000000000000000
0.0000000000000000
0.0000000000000000
0.0000000000000000
0.0000000000000000
0.0000000000000000
0.0000000000000000
0.0000000000000000
0.0000000000000000
0.0000000000000000
0.0000000000000000
0.0000000000000000
0.0000000000000000
0.0000000000000000
0.0369776752444576
0.0365033941430595
0.0348498800394491
0.0314819187240082
0.0265985560415249
0.0204635366703927
0.0133220812299428
0.0051837167609184
0.0000000000000000
0.0000000000000000
0.0000000000000000
0.0000000000000000
0.0000000000000000
0.0000000000000000
0.0000000000000000
0.0000000000000000
0.0000000000000000
0.0000000000000000
0.0000000000000000
0.0000000000000000
0.0000000000000000
0.0000000000000000
0.0000000000000000
0.0000000000000000
0.0369010567831882
0.0364514766664572
0.0348043806334804
0.0314398092759810
0.0265564504027521
0.0204176351038788
0.0132673604862053
0.0051113541263092
0.0000000000000000
0.0000000000000000
0.0000000000000000
0.0000000000000000
0.0000000000000000
0.0000000000000000
0.0000000000000000
0.0000000000000000
0.0000000000000000
0.0000000000000000
0.0000000000000000
0.0000000000000000
0.0000000000000000
0.0000000000000000
0.0000000000000000
0.0000000000000000
0.0368069570575514
0.0363971051904624
0.0347560481923045
0.0313944906673786
0.0265107760470023
0.0203678128886984
0.0132082862628185
0.0050339349625087
0.0000000000000000
0.0000000000000000
0.0000000000000000
0.0000000000000000
0.0000000000000000
0.0000000000000000
0.0000000000000000
0.0000000000000000
0.0000000000000000
0.0000000000000000
0.0000000000000000
0.0000000000000000
0.0000000000000000
0.0000000000000000
0.0000000000000000
0.0000000000000000
0.0366952700937511
0.0363402655599156
0.0347048619979601
0.0313459392991366
0.0264615101407218
0.0203140508172518
0.0131448425185558
0.0049514570115579
0.0000000000000000
0.0000000000000000
0.0000000000000000
0.0000000000000000
0.0000000000000000
0.0000000000000000
0.0000000000000000
0.0000000000000000
0.0000000000000000
0.0000000000000000
0.0000000000000000
0.0000000000000000
0.0000000000000000
0.0000000000000000
0.0000000000000000
0.0000000000000000
0.0365659094507095
0.0362809441465868
0.0346508025768907
0.0312941335028118
0.0264086323844158
0.0202563326515355
0.0130770162313720
0.0048639236306983
0.0000000000000000
0.0000000000000000
0.0000000000000000
0.0000000000000000
0.0000000000000000
0.0000000000000000
0.0000000000000000
0.0000000000000000
0.0000000000000000
0.0000000000000000
0.0000000000000000
0.0000000000000000
0.0000000000000000
0.0000000000000000
0.0000000000000000
0.0000000000000000
0.0364188146561350
0.0362191281997559
0.0345938522646231
0.0312390543088457
0.0263521259562366
0.0201946462192201
0.0130047986352230
0.0047713457629503
0.0000000000000000
0.0000000000000000
0.0000000000000000
0.0000000000000000
0.0000000000000000
0.0000000000000000
0.0000000000000000
0.0000000000000000
0.0000000000000000
0.0000000000000000
0.0000000000000000
0.0000000000000000
0.0000000000000000
0.0000000000000000
0.0000000000000000
0.0000000000000000
0.0362539556948866
0.0361548061638321
0.0345339956509348
0.0311806860056130
0.0262919781731894
0.0201289841552324
0.0129281860374487
0.0046737435060297
0.0000000000000000
0.0000000000000000
0.0000000000000000
0.0000000000000000
0.0000000000000000
0.0000000000000000
0.0000000000000000
0.0000000000000000
0.0000000000000000
0.0000000000000000
0.0000000000000000
0.0000000000000000
0.0000000000000000
0.0000000000000000
0.0000000000000000
0.0000000000000000
0.0360713347693699
0.0360879678266478
0.0344712197668672
0.0311190163565356
0.0262281807210711
0.0200593441358690
0.0128471800404366
0.0045711470633620
0.0000000000000000
0.0000000000000000
0.0000000000000000
0.0000000000000000
0.0000000000000000
0.0000000000000000
0.0000000000000000
0.0000000000000000
0.0000000000000000
0.0000000000000000
0.0000000000000000
0.0000000000000000
0.0000000000000000
0.0000000000000000
0.0000000000000000
0.0000000000000000
0.0358709856267895
0.0360186042669560
0.0344055140084395
0.0310540364855408
0.0261607294936636
0.0199857286544200
0.0127617872383200
0.0044635972053382
0.0000000000000000
0.0000000000000000
0.0000000000000000
0.0000000000000000
0.0000000000000000
0.0000000000000000
0.0000000000000000
0.0000000000000000
0.0000000000000000
0.0000000000000000
0.0000000000000000
0.0000000000000000
0.0000000000000000
0.0000000000000000
0.0000000000000000
0.0000000000000000
0.0357177981599165
0.0359467076801060
0.0343368698995145
0.0309857405666436
0.0260896241974695
0.0199081445387475
0.0126720186232117
0.0043511455454408
0.0000000000000000
0.0000000000000000
0.0000000000000000
0.0000000000000000
0.0000000000000000
0.0000000000000000
0.0000000000000000
0.0000000000000000
0.0000000000000000
0.0000000000000000
0.0000000000000000
0.0000000000000000
0.0000000000000000
0.0000000000000000
0.0000000000000000
0.0000000000000000
0.0356379005219017
0.0358722711959245
0.0342652808264892
0.0309141254672753
0.0260148679048766
0.0198266024076774
0.0125778889348795
0.0042338549499562
0.0000000000000000
0.0000000000000000
0.0000000000000000
0.0000000000000000
0.0000000000000000
0.0000000000000000
0.0000000000000000
0.0000000000000000
0.0000000000000000
0.0000000000000000
0.0000000000000000
0.0000000000000000
0.0000000000000000
0.0000000000000000
0.0000000000000000
0.0000000000000000
0.0355558728194974
0.0357952887619587
0.0341907418240371
0.0308391904374403
0.0259364666476065
0.0197411161803291
0.0124794160757286
0.0041118002545793
0.0000000000000000
0.0000000000000000
0.0000000000000000
0.0000000000000000
0.0000000000000000
0.0000000000000000
