0.0000000000000000
0.0000000000000000
0.0000000000000000
0.0000000000000000
0.0255082294866004
0.0642140812362809
0.0942842680587611
0.1128719358371233
0.1190140565406875
0.1127274884943087
0.0949453753371094
0.0674891237005590
0.0000000000000000
0.0000000000000000
0.0000000000000000
0.0000000000000000
0.0000000000000000
0.0000000000000000
0.0000000000000000
0.0000000000000000
0.0000000000000000
0.0000000000000000
0.0000000000000000
0.0000000000000000
0.0000000000000000
0.0000000000000000
0.0000000000000000
0.0000000000000000
0.0251410931990707
0.0640185423190633
0.0942442912430565
0.1129670746951816
0.1192277639074269
0.1130413920209521
0.0953371650748659
0.0679322618168040
0.0000000000000000
0.0000000000000000
0.0000000000000000
0.0000000000000000
0.0000000000000000
0.0000000000000000
0.0000000000000000
0.0000000000000000
0.0000000000000000
0.0000000000000000
0.0000000000000000
0.0000000000000000
0.0000000000000000
0.0000000000000000
0.0000000000000000
0.0000000000000000
0.0247687998084828
0.0638299128221691
0.0942172106510058
0.1130776703172292
0.1194576533958444
0.1133710758581679
0.0957436121911660
0.0683885184518584
0.0000000000000000
0.0000000000000000
0.0000000000000000
0.0000000000000000
0.0000000000000000
0.0000000000000000
0.0000000000000000
0.0000000000000000
0.0000000000000000
0.0000000000000000
0.0000000000000000
0.0000000000000000
0.0000000000000000
0.0000000000000000
0.0000000000000000
0.0000000000000000
0.0243909222709734
0.0636480062115866
0.0942028949193543
0.1132035506207098
0.1197034881741553
0.1137162403993775
0.0961643684240004
0.0688575174996228
0.0000000000000000
0.0000000000000000
0.0000000000000000
0.0000000000000000
0.0000000000000000
0.0000000000000000
0.0000000000000000
0.0000000000000000
0.0000000000000000
0.0000000000000000
0.0000000000000000
0.0000000000000000
0.0000000000000000
0.0000000000000000
0.0000000000000000
0.0000000000000000
0.0240069976130101
0.0634726104433026
0.0942011944302941
0.1133445281154935
0.1199650182797017
0.1140765753949689
0.0965990776126214
0.0693388778093297
0.0000000000000000
0.0000000000000000
0.0000000000000000
0.0000000000000000
0.0000000000000000
0.0000000000000000
0.0000000000000000
0.0000000000000000
0.0000000000000000
0.0000000000000000
0.0000000000000000
0.0000000000000000
0.0000000000000000
0.0000000000000000
0.0000000000000000
0.0000000000000000
0.0236165301426913
0.0633034896712944
0.0942119428307944
0.1135004010332843
0.1202419813002667
0.1144517601933219
0.0970473755488388
0.0698322126942759
0.0000000000000000
0.0000000000000000
0.0000000000000000
0.0000000000000000
0.0000000000000000
0.0000000000000000
0.0000000000000000
0.0000000000000000
0.0000000000000000
0.0000000000000000
0.0000000000000000
0.0000000000000000
0.0000000000000000
0.0000000000000000
0.0000000000000000
0.0000000000000000
0.0232189942264582
0.0631403852577826
0.0942349580364985
0.1136709541363218
0.1205341029702942
0.1148414641213568
0.0975088901466920
0.0703371299477864
0.0000000000000000
0.0000000000000000
0.0000000000000000
0.0000000000000000
0.0000000000000000
0.0000000000000000
0.0000000000000000
0.0000000000000000
0.0000000000000000
0.0000000000000000
0.0000000000000000
0.0000000000000000
0.0000000000000000
0.0000000000000000
0.0000000000000000
0.0000000000000000
0.0228138368168005
0.0629830161652636
0.0942700427266265
0.1138559591973842
0.1208410976088864
0.1152453468840581
0.0979832418135627
0.0708532321520739
0.0000000000000000
0.0000000000000000
0.0000000000000000
0.0000000000000000
0.0000000000000000
0.0000000000000000
0.0000000000000000
0.0000000000000000
0.0000000000000000
0.0000000000000000
0.0000000000000000
0.0000000000000000
0.0000000000000000
0.0000000000000000
0.0000000000000000
0.0000000000000000
0.0224004799991702
0.0628310788621222
0.0943169844233007
0.1140551751351612
0.1211626683295121
0.1156630588492281
0.0984700437901840
0.0713801170870627
0.0000000000000000
0.0000000000000000
0.0000000000000000
0.0000000000000000
0.0000000000000000
0.0000000000000000
0.0000000000000000
0.0000000000000000
0.0000000000000000
0.0000000000000000
0.0000000000000000
0.0000000000000000
0.0000000000000000
0.0000000000000000
0.0000000000000000
0.0000000000000000
0.0219783239741386
0.0626842470134734
0.0943755552911069
0.1142683478929700
0.1214985070080522
0.1160942411164779
0.0989689023245645
0.0719173779613698
0.0000000000000000
0.0000000000000000
0.0000000000000000
0.0000000000000000
0.0000000000000000
0.0000000000000000
0.0000000000000000
0.0000000000000000
0.0000000000000000
0.0000000000000000
0.0000000000000000
0.0000000000000000
0.0000000000000000
0.0000000000000000
0.0000000000000000
0.0000000000000000
0.0215467508419043
0.0625421712463272
0.0944455119261610
0.1144952101972749
0.1218482940588761
0.1165385253309563
0.0994794165143027
0.0724646032972859
0.0000000000000000
0.0000000000000000
0.0000000000000000
0.0000000000000000
0.0000000000000000
0.0000000000000000
0.0000000000000000
0.0000000000000000
0.0000000000000000
0.0000000000000000
0.0000000000000000
0.0000000000000000
0.0000000000000000
0.0000000000000000
0.0000000000000000
0.0000000000000000
0.0211051297065221
0.0624044793605160
0.0945265953734837
0.1147354813881408
0.1222116981044837
0.1169955332163971
0.1000011777343315
0.0730213762574036
0.0000000000000000
0.0000000000000000
0.0000000000000000
0.0000000000000000
0.0000000000000000
0.0000000000000000
0.0000000000000000
0.0000000000000000
0.0000000000000000
0.0000000000000000
0.0000000000000000
0.0000000000000000
0.0000000000000000
0.0000000000000000
0.0000000000000000
0.0000000000000000
0.0206528233920826
0.0622707772210462
0.0946185316056682
0.1149888674452522
0.1225883756054464
0.1174648758525328
0.1005337685966315
0.0735872733605004
0.0000000000000000
0.0000000000000000
0.0000000000000000
0.0000000000000000
0.0000000000000000
0.0000000000000000
0.0000000000000000
0.0000000000000000
0.0000000000000000
0.0000000000000000
0.0000000000000000
0.0000000000000000
0.0000000000000000
0.0000000000000000
0.0000000000000000
0.0000000000000000
0.0201891969714688
0.0621406503579210
0.0947210323999187
0.1152550611830868
0.1229779704209383
0.1179461526627766
0.1010767614550152
0.0741618625968272
0.0000000000000000
0.0000000000000000
0.0000000000000000
0.0000000000000000
0.0000000000000000
0.0000000000000000
0.0000000000000000
0.0000000000000000
0.0000000000000000
0.0000000000000000
0.0000000000000000
0.0000000000000000
0.0000000000000000
0.0000000000000000
0.0000000000000000
0.0000000000000000
0.0197136280555690
0.0620136660175024
0.0948337964046940
0.1155337424017826
0.1233801131611561
0.1184389500639088
0.1016297164544124
0.0747447010363304
0.0000000000000000
0.0000000000000000
0.0000000000000000
0.0000000000000000
0.0000000000000000
0.0000000000000000
0.0000000000000000
0.0000000000000000
0.0000000000000000
0.0000000000000000
0.0000000000000000
0.0000000000000000
0.0000000000000000
0.0000000000000000
0.0000000000000000
0.0000000000000000
0.0192255188096305
0.0618893754435157
0.0949565101173537
0.1158245778176538
0.1237944202246244
0.1189428397511465
0.1021921792170178
0.0753353320604689
0.0000000000000000
0.0000000000000000
0.0000000000000000
0.0000000000000000
0.0000000000000000
0.0000000000000000
0.0000000000000000
0.0000000000000000
0.0000000000000000
0.0000000000000000
0.0000000000000000
0.0000000000000000
0.0000000000000000
0.0000000000000000
0.0000000000000000
0.0000000000000000
0.0187243095890214
0.0617673162123912
0.0950888487667111
0.1161272208395842
0.1242204927094850
0.1194573769029463
0.1027636784873510
0.0759332826321406
0.0000000000000000
0.0000000000000000
0.0000000000000000
0.0000000000000000
0.0000000000000000
0.0000000000000000
0.0000000000000000
0.0000000000000000
0.0000000000000000
0.0000000000000000
0.0000000000000000
0.0000000000000000
0.0000000000000000
0.0000000000000000
0.0000000000000000
0.0000000000000000
0.0182094938618949
0.0616470146513140
0.0952304773558829
0.1164413116848291
0.1246579158176775
0.1199820990274085
0.1033437245491284
0.0765380613907148
0.0000000000000000
0.0000000000000000
0.0000000000000000
0.0000000000000000
0.0000000000000000
0.0000000000000000
0.0000000000000000
0.0000000000000000
0.0000000000000000
0.0000000000000000
0.0000000000000000
0.0000000000000000
0.0000000000000000
0.0000000000000000
0.0000000000000000
0.0000000000000000
0.0176806335305206
0.0615279880981841
0.0953810521504340
0.1167664784003277
0.1251062595687480
0.1205165264326125
0.1039318094880227
0.0771491587573187
0.0000000000000000
0.0000000000000000
0.0000000000000000
0.0000000000000000
0.0000000000000000
0.0000000000000000
0.0000000000000000
0.0000000000000000
0.0000000000000000
0.0000000000000000
0.0000000000000000
0.0000000000000000
0.0000000000000000
0.0000000000000000
0.0000000000000000
0.0000000000000000
0.0171373735229436
0.0614097463632577
0.0955402224315307
0.1171023389710604
0.1255650812340314
0.1210601649257427
0.1045274100711725
0.0777660498652372
0.0000000000000000
0.0000000000000000
0.0000000000000000
0.0000000000000000
0.0000000000000000
0.0000000000000000
0.0000000000000000
0.0000000000000000
0.0000000000000000
0.0000000000000000
0.0000000000000000
0.0000000000000000
0.0000000000000000
0.0000000000000000
0.0000000000000000
0.0000000000000000
0.0165794547978836
0.0612917915249785
0.0957076317800598
0.1174485038576402
0.1260339289715819
0.1216125103575043
0.1051299929655885
0.0783882002110406
0.0000000000000000
0.0000000000000000
0.0000000000000000
0.0000000000000000
0.0000000000000000
0.0000000000000000
0.0000000000000000
0.0000000000000000
0.0000000000000000
0.0000000000000000
0.0000000000000000
0.0000000000000000
0.0000000000000000
0.0000000000000000
0.0000000000000000
0.0000000000000000
0.0160067262291610
0.0611736153749884
0.0958829178141951
0.1178045776984097
0.1265123452566765
0.1221730535378787
0.1057390208532823
0.0790150725771870
0.0000000000000000
0.0000000000000000
0.0000000000000000
0.0000000000000000
0.0000000000000000
0.0000000000000000
0.0000000000000000
0.0000000000000000
0.0000000000000000
0.0000000000000000
0.0000000000000000
0.0000000000000000
0.0000000000000000
0.0000000000000000
0.0000000000000000
0.0000000000000000
0.0154191570548664
0.0610546947850499
0.0960657098105342
0.1181701590330124
0.1269998685955912
0.1227412837572448
0.1063539574607179
0.0796461332116150
0.0000000000000000
0.0000000000000000
0.0000000000000000
0.0000000000000000
0.0000000000000000
0.0000000000000000
0.0000000000000000
0.0000000000000000
0.0000000000000000
0.0000000000000000
0.0000000000000000
0.0000000000000000
0.0000000000000000
0.0000000000000000
0.0000000000000000
0.0000000000000000
0.0148168522437771
0.0609344860704885
0.0962556245627264
0.1185448378861116
0.1274960329077671
0.1233166899099905
0.1069742702524750
0.0802808557532842
0.0000000000000000
0.0000000000000000
0.0000000000000000
0.0000000000000000
0.0000000000000000
0.0000000000000000
0.0000000000000000
0.0000000000000000
0.0000000000000000
0.0000000000000000
0.0000000000000000
0.0000000000000000
0.0000000000000000
0.0000000000000000
0.0000000000000000
0.0000000000000000
0.0142000723149513
0.0608124199329238
0.0964522617793200
0.1189281922435703
0.1280003653307765
0.1238987596857525
0.1075994309092733
0.0809187228129862
0.0000000000000000
0.0000000000000000
0.0000000000000000
0.0000000000000000
0.0000000000000000
0.0000000000000000
0.0000000000000000
0.0000000000000000
0.0000000000000000
0.0000000000000000
0.0000000000000000
0.0000000000000000
0.0000000000000000
0.0000000000000000
0.0000000000000000
0.0000000000000000
0.0135692576950442
0.0606878981124781
0.0966552006055939
0.1193197851069547
0.1285123840813831
0.1244869783248595
0.1082289149530354
0.0815592263206140
0.0000000000000000
0.0000000000000000
0.0000000000000000
0.0000000000000000
0.0000000000000000
0.0000000000000000
0.0000000000000000
0.0000000000000000
0.0000000000000000
0.0000000000000000
0.0000000000000000
0.0000000000000000
0.0000000000000000
0.0000000000000000
0.0000000000000000
0.0000000000000000
0.0129250564449521
0.0605602920931122
0.0968639982066593
0.1197191634011680
0.1290315977993555
0.1250808284068340
0.1088622019203869
0.0822018680104990
0.0000000000000000
0.0000000000000000
0.0000000000000000
0.0000000000000000
0.0000000000000000
0.0000000000000000
0.0000000000000000
0.0000000000000000
0.0000000000000000
0.0000000000000000
0.0000000000000000
0.0000000000000000
0.0000000000000000
0.0000000000000000
0.0000000000000000
0.0000000000000000
0.0122683540452519
0.0604289434337587
0.0970781904500991
0.1201258589486121
0.1295575067194347
0.1256797911125349
0.1094987766165874
0.0828461605631353
0.0000000000000000
0.0000000000000000
0.0000000000000000
0.0000000000000000
0.0000000000000000
0.0000000000000000
0.0000000000000000
0.0000000000000000
0.0000000000000000
0.0000000000000000
0.0000000000000000
0.0000000000000000
0.0000000000000000
0.0000000000000000
0.0000000000000000
0.0000000000000000
0.0116003044937248
0.0602931650988585
0.0972972938889635
0.1205393907368309
0.1300896049327500
0.1262833482978810
0.1101381308731312
0.0834916289942243
0.0000000000000000
0.0000000000000000
0.0000000000000000
0.0000000000000000
0.0000000000000000
0.0000000000000000
0.0000000000000000
0.0000000000000000
0.0000000000000000
0.0000000000000000
0.0000000000000000
0.0000000000000000
0.0000000000000000
0.0000000000000000
0.0000000000000000
0.0000000000000000
0.0109223625980336
0.0601522432907541
0.0975208081821099
0.1209592673990749
0.1306273826308584
0.1268909843126494
0.1107797648517335
0.0841378114012180
0.0000000000000000
0.0000000000000000
0.0000000000000000
0.0000000000000000
0.0000000000000000
0.0000000000000000
0.0000000000000000
0.0000000000000000
0.0000000000000000
0.0000000000000000
0.0000000000000000
0.0000000000000000
0.0000000000000000
0.0000000000000000
0.0000000000000000
0.0000000000000000
0.0102363169759067
0.0600054396410294
0.0977482183765830
0.1213849892559592
0.1311703276600364
0.1275021869561182
0.1114231873548821
0.0847842586865714
0.0000000000000000
0.0000000000000000
0.0000000000000000
0.0000000000000000
0.0000000000000000
0.0000000000000000
0.0000000000000000
0.0000000000000000
0.0000000000000000
0.0000000000000000
0.0000000000000000
0.0000000000000000
