0.0000000000000000
0.0000000000000000
0.0000000000000000
0.0000000000000000
0.0878717422056179
0.1438490364288948
0.1552806996648567
0.1426950130513598
0.1149130522803498
0.0000000000000000
0.0000000000000000
0.0185225446175107
0.0352070790762291
0.0317081805984363
0.0267566952096303
0.0206231284510733
0.0135619977707221
0.0056146117896567
0.0000000000000000
0.0000000000000000
0.0000000000000000
0.0000000000000000
0.0000000000000000
0.0000000000000000
0.0000000000000000
0.0000000000000000
0.0000000000000000
0.0000000000000000
0.0866900748482171
0.1434580057991123
0.1552198176530903
0.1428004161626420
0.1151067652081181
0.0000000000000000
0.0000000000000000
0.0185183350020464
0.0352108978106700
0.0317217825734727
0.0267770349681904
0.0206468462964115
0.0135858349802745
0.0056355451350324
0.0000000000000000
0.0000000000000000
0.0000000000000000
0.0000000000000000
0.0000000000000000
0.0000000000000000
0.0000000000000000
0.0000000000000000
0.0000000000000000
0.0000000000000000
0.0854585122187683
0.1430467672740759
0.1551468134258932
0.1428951088045549
0.1152890601406069
0.0000000000000000
0.0000000000000000
0.0185130558694582
0.0352123459213808
0.0317327258136791
0.0267943809033791
0.0206671832653685
0.0136057894519822
0.0056517765139110
0.0000000000000000
0.0000000000000000
0.0000000000000000
0.0000000000000000
0.0000000000000000
0.0000000000000000
0.0000000000000000
0.0000000000000000
0.0000000000000000
0.0000000000000000
0.0841765958996977
0.1426151082055853
0.1550615084441965
0.1429788644348555
0.1154596758370799
0.0000000000000000
0.0000000000000000
0.0000000000000000
0.0352113983482018
0.0317409779568996
0.0268086964568456
0.0206841019954549
0.0136218265517222
0.0056632750261698
0.0000000000000000
0.0000000000000000
0.0000000000000000
0.0000000000000000
0.0000000000000000
0.0000000000000000
0.0000000000000000
0.0000000000000000
0.0000000000000000
0.0000000000000000
0.0828438731366447
0.1421628063097073
0.1549637221086781
0.1430514580699405
0.1156183558852036
0.0000000000000000
0.0000000000000000
0.0000000000000000
0.0352080300255026
0.0317465070585335
0.0268199459270709
0.0206975663785662
0.0136339131147736
0.0056700114802939
0.0000000000000000
0.0000000000000000
0.0000000000000000
0.0000000000000000
0.0000000000000000
0.0000000000000000
0.0000000000000000
0.0000000000000000
0.0000000000000000
0.0000000000000000
0.0814599068874766
0.1416896308246597
0.1548532717474553
0.1431126655366036
0.1157648474874382
0.0000000000000000
0.0000000000000000
0.0000000000000000
0.0352022157821617
0.0317492814361633
0.0268280942619980
0.0207075413129211
0.0136420171522787
0.0056719580252993
0.0000000000000000
0.0000000000000000
0.0000000000000000
0.0000000000000000
0.0000000000000000
0.0000000000000000
0.0000000000000000
0.0000000000000000
0.0000000000000000
0.0000000000000000
0.0800242853969390
0.1411953432523254
0.1547299727114033
0.1431622631812133
0.1158989008900612
0.0000000000000000
0.0000000000000000
0.0000000000000000
0.0351939303003050
0.0317492696023305
0.0268331069702055
0.0207139925881258
0.0136461077118932
0.0056690879596720
0.0000000000000000
0.0000000000000000
0.0000000000000000
0.0000000000000000
0.0000000000000000
0.0000000000000000
0.0000000000000000
0.0000000000000000
0.0000000000000000
0.0000000000000000
0.0785366317159040
0.1406796977756563
0.1545936385717780
0.1432000279454890
0.1160202694128712
0.0000000000000000
0.0000000000000000
0.0000000000000000
0.0351831481298747
0.0317464402786557
0.0268349501295750
0.0207168868911801
0.0136461548691811
0.0056613757090249
0.0000000000000000
0.0000000000000000
0.0000000000000000
0.0000000000000000
0.0000000000000000
0.0000000000000000
0.0000000000000000
0.0000000000000000
0.0000000000000000
0.0000000000000000
0.0769966138241347
0.1401424415176967
0.1544440814242916
0.1432257377387086
0.1161287098605948
0.0000000000000000
0.0000000000000000
0.0000000000000000
0.0351698437470190
0.0317407624670530
0.0268335904714194
0.0207161918936545
0.0136421298195397
0.0056487969223748
0.0000000000000000
0.0000000000000000
0.0000000000000000
0.0000000000000000
0.0000000000000000
0.0000000000000000
0.0000000000000000
0.0000000000000000
0.0000000000000000
0.0000000000000000
0.0754039563218771
0.1395833148924196
0.1542811122976653
0.1432391719475321
0.1162239831435053
0.0000000000000000
0.0000000000000000
0.0000000000000000
0.0351539916396302
0.0317322055548937
0.0268289954978173
0.0207118763820253
0.0136340050072403
0.0056313286317504
0.0000000000000000
0.0000000000000000
0.0000000000000000
0.0000000000000000
0.0000000000000000
0.0000000000000000
0.0000000000000000
0.0000000000000000
0.0000000000000000
0.0000000000000000
0.0737584544858668
0.1390020522697557
0.1541045416530594
0.1432401119304836
0.1163058547920554
0.0000000000000000
0.0000000000000000
0.0000000000000000
0.0351355663940758
0.0317207394087300
0.0268211335830935
0.0207039103588506
0.0136217542314961
0.0056089493888818
0.0000000000000000
0.0000000000000000
0.0000000000000000
0.0000000000000000
0.0000000000000000
0.0000000000000000
0.0000000000000000
0.0000000000000000
0.0000000000000000
0.0000000000000000
0.0720599918365285
0.1383983832320819
0.1539141799634368
0.1432283413118740
0.1163740951110850
0.0000000000000000
0.0000000000000000
0.0000000000000000
0.0351145427605172
0.0317063344248642
0.0268099740075716
0.0206922650663126
0.0136053526513749
0.0055816393073047
0.0000000000000000
0.0000000000000000
0.0000000000000000
0.0000000000000000
0.0000000000000000
0.0000000000000000
0.0000000000000000
0.0000000000000000
0.0000000000000000
0.0000000000000000
0.0703085618689283
0.1377720346161184
0.1537098383814496
0.1432036459883455
0.1164284787993432
0.0000000000000000
0.0000000000000000
0.0000000000000000
0.0350908956829376
0.0316889615159422
0.0267954869083255
0.0206769129022930
0.0135847766767173
0.0055493799813120
0.0000000000000000
0.0000000000000000
0.0000000000000000
0.0000000000000000
0.0000000000000000
0.0000000000000000
0.0000000000000000
0.0000000000000000
0.0000000000000000
0.0000000000000000
0.0685042945011887
0.1371227334582450
0.1534913295534191
0.1431658139000316
0.1164687841288213
0.0000000000000000
0.0000000000000000
0.0000000000000000
0.0350646003125584
0.0316685920581713
0.0267776431684712
0.0206578272691422
0.0135600037784547
0.0055121543427196
0.0000000000000000
0.0000000000000000
0.0000000000000000
0.0000000000000000
0.0000000000000000
0.0000000000000000
0.0000000000000000
0.0000000000000000
0.0000000000000000
0.0000000000000000
0.0666474872836429
0.1364502108355164
0.1532584686869851
0.1431146347872380
0.1164947919547429
0.0000000000000000
0.0000000000000000
0.0000000000000000
0.0350356320357629
0.0316451978458039
0.0267564143144461
0.0206349824246004
0.0135310123087679
0.0054699465467218
0.0000000000000000
0.0000000000000000
0.0000000000000000
0.0000000000000000
0.0000000000000000
0.0000000000000000
0.0000000000000000
0.0000000000000000
0.0000000000000000
0.0000000000000000
0.0647386413516001
0.1357542066021550
0.1530110749679152
0.1430499001220404
0.1165062848828668
0.0000000000000000
0.0000000000000000
0.0000000000000000
0.0350039665491486
0.0316187510941151
0.0267317724611799
0.0206083533926951
0.0134977813873344
0.0054227419680003
0.0000000000000000
0.0000000000000000
0.0000000000000000
0.0000000000000000
0.0000000000000000
0.0000000000000000
0.0000000000000000
0.0000000000000000
0.0000000000000000
0.0000000000000000
0.0627785014250194
0.1350344747111560
0.1527489732784715
0.1429714033074800
0.1165030466750259
0.0000000000000000
0.0000000000000000
0.0000000000000000
0.0349695799700073
0.0315892244840455
0.0267036903076566
0.0205779159218447
0.0134602908391070
0.0053705272639598
0.0000000000000000
0.0000000000000000
0.0000000000000000
0.0000000000000000
0.0000000000000000
0.0000000000000000
0.0000000000000000
0.0000000000000000
0.0000000000000000
0.0000000000000000
0.0607680978657328
0.1342907883961833
0.1524719959136549
0.1428789399912737
0.1164848618795549
0.0000000000000000
0.0000000000000000
0.0000000000000000
0.0349324489326036
0.0315565911986615
0.0266721411225422
0.0205436464329677
0.0134185211006174
0.0053132904130277
0.0000000000000000
0.0000000000000000
0.0000000000000000
0.0000000000000000
0.0000000000000000
0.0000000000000000
0.0000000000000000
0.0000000000000000
0.0000000000000000
0.0000000000000000
0.0587087869672432
0.1335229438034468
0.1521799837845643
0.1427723083587630
0.1164515156158413
0.0000000000000000
0.0000000000000000
0.0000000000000000
0.0348925506098517
0.0315208249047406
0.0266370986834821
0.0205055219087233
0.0133724530519280
0.0052510206536226
0.0000000000000000
0.0000000000000000
0.0000000000000000
0.0000000000000000
0.0000000000000000
0.0000000000000000
0.0000000000000000
0.0000000000000000
0.0000000000000000
0.0000000000000000
0.0566022854690725
0.1327307605456187
0.1518727866542970
0.1426513093996199
0.1164027938247166
0.0000000000000000
0.0000000000000000
0.0000000000000000
0.0348498626532071
0.0314818996972632
0.0265985372092635
0.0204635197945496
0.0133220678418324
0.0051837084286461
0.0000000000000000
0.0000000000000000
0.0000000000000000
0.0000000000000000
0.0000000000000000
0.0000000000000000
0.0000000000000000
0.0000000000000000
0.0000000000000000
0.0000000000000000
0.0544506972408648
0.1319140785059739
0.1515502623634960
0.1425157474704254
0.1163384844937337
0.0000000000000000
0.0000000000000000
0.0000000000000000
0.0348043631253944
0.0314397901152371
0.0265564314253036
0.0204176180715379
0.0132673469254173
0.0051113456010782
0.0000000000000000
0.0000000000000000
0.0000000000000000
0.0000000000000000
0.0000000000000000
0.0000000000000000
0.0000000000000000
0.0000000000000000
0.0000000000000000
0.0000000000000000
0.0522565347986478
0.1310727516864581
0.1512122755589632
0.1423654315975155
0.1162583803923446
0.0000000000000000
0.0000000000000000
0.0000000000000000
0.0347560305585062
0.0313944713690704
0.0265107569210813
0.0203677956967250
0.0132082725259697
0.0050339262415250
0.0000000000000000
0.0000000000000000
0.0000000000000000
0.0000000000000000
0.0000000000000000
0.0000000000000000
0.0000000000000000
0.0000000000000000
0.0000000000000000
0.0000000000000000
0.0500227417602960
0.1302066413717506
0.1508586967617780
0.1422001778021735
0.1161622833369496
0.0000000000000000
0.0000000000000000
0.0000000000000000
0.0347048442346523
0.0313459198597817
0.0264614908631323
0.0203140334625985
0.0131448286023279
0.0049514480922530
0.0000000000000000
0.0000000000000000
0.0000000000000000
0.0000000000000000
0.0000000000000000
0.0000000000000000
0.0000000000000000
0.0000000000000000
0.0000000000000000
0.0000000000000000
0.0477527229638317
0.1293156108876128
0.1504894023882918
0.1420198122419863
0.1160500093482724
0.0000000000000000
0.0000000000000000
0.0000000000000000
0.0346507846803493
0.0312941139190114
0.0264086129520517
0.0202563151312423
0.0130770021325080
0.0048639145107576
0.0000000000000000
0.0000000000000000
0.0000000000000000
0.0000000000000000
0.0000000000000000
0.0000000000000000
0.0000000000000000
0.0000000000000000
0.0000000000000000
0.0000000000000000
0.0454503850139011
0.1283995230541956
0.1501042756774008
0.1418241744973114
0.1159213935499916
0.0000000000000000
0.0000000000000000
0.0000000000000000
0.0345938342312000
0.0312390345772868
0.0263521063660820
0.0201946285304127
0.0130047843505243
0.0047713364403487
0.0000000000000000
0.0000000000000000
0.0000000000000000
0.0000000000000000
0.0000000000000000
0.0000000000000000
0.0000000000000000
0.0000000000000000
0.0000000000000000
0.0000000000000000
0.0431201850255930
0.1274582395791995
0.1497032078402132
0.1416131201151922
0.1157762937258719
0.0000000000000000
0.0000000000000000
0.0000000000000000
0.0345339774770612
0.0311806661230703
0.0262919584223203
0.0201289662951224
0.0129281715637720
0.0046737339790738
0.0000000000000000
0.0000000000000000
0.0000000000000000
0.0000000000000000
0.0000000000000000
0.0000000000000000
0.0000000000000000
0.0000000000000000
0.0000000000000000
0.0000000000000000
0.0407671823245900
0.1264916207555316
0.1492860985953519
0.1413865218145724
0.1156145919095128
0.0000000000000000
0.0000000000000000
0.0000000000000000
0.0344712014490572
0.0311189963198746
0.0262281608066562
0.0200593261017535
0.0128471653746912
0.0045711373307404
0.0000000000000000
0.0000000000000000
0.0000000000000000
0.0000000000000000
0.0000000000000000
0.0000000000000000
0.0000000000000000
0.0000000000000000
0.0000000000000000
0.0000000000000000
0.0383970889134528
0.1254995242823788
0.1488528557086910
0.1411442692848399
0.1154361941614724
0.0000000000000000
0.0000000000000000
0.0000000000000000
0.0344054955432934
0.0310540162917195
0.0261607094129653
0.0199857104436808
0.0127617723774643
0.0044635872661821
0.0000000000000000
0.0000000000000000
0.0000000000000000
0.0000000000000000
0.0000000000000000
0.0000000000000000
0.0000000000000000
0.0000000000000000
0.0000000000000000
0.0000000000000000
0.0360163173741536
0.1244818033956723
0.1484033938097150
0.1408862680068728
0.1152410290887490
0.0000000000000000
0.0000000000000000
0.0000000000000000
0.0343368512837218
0.0309857202127141
0.0260896039478442
0.0199081261488496
0.0126720035642492
0.0043511353993944
0.0000000000000000
0.0000000000000000
0.0000000000000000
0.0000000000000000
0.0000000000000000
0.0000000000000000
0.0000000000000000
0.0000000000000000
0.0000000000000000
0.0000000000000000
0.0336320268945297
0.1234383053745111
0.1479376331404017
0.1406124377209946
0.1150290458259892
0.0000000000000000
0.0000000000000000
0.0000000000000000
0.0342652620568299
0.0309141049503848
0.0260148474837742
0.0198265838361673
0.0125778736748543
0.0042338445972618
0.0000000000000000
0.0000000000000000
0.0000000000000000
0.0000000000000000
0.0000000000000000
0.0000000000000000
0.0000000000000000
0.0000000000000000
0.0000000000000000
0.0000000000000000
0.0312521664381682
0.1223688714376118
0.1474554987474765
0.1403227109720692
0.1148002119651723
0.0000000000000000
0.0000000000000000
0.0000000000000000
0.0341907228973836
0.0308391697548315
0.0259364460525700
0.0197410974248330
0.0124794006117209
0.0041117896961778
0.0000000000000000
0.0000000000000000
0.0000000000000000
0.0000000000000000
0.0000000000000000
0.0000000000000000
