0.0000000000000000
0.0000000000000000
0.0000000000000000
0.0000000000000000
0.0255083833906425
0.0642142194184363
0.0942843975904257
0.1128720593944953
0.1190141725000057
0.1127275937750691
0.0949454668296342
0.0674891990922309
0.0000000000000000
0.0000000000000000
0.0000000000000000
0.0000000000000000
0.0000000000000000
0.0000000000000000
0.0000000000000000
0.0000000000000000
0.0000000000000000
0.0000000000000000
0.0000000000000000
0.0000000000000000
0.0000000000000000
0.0000000000000000
0.0000000000000000
0.0000000000000000
0.0251412476127223
0.0640186806436711
0.0942444207168266
0.1129671981465892
0.1192278797621041
0.1130414972118353
0.0953372564915647
0.0679323371400343
0.0000000000000000
0.0000000000000000
0.0000000000000000
0.0000000000000000
0.0000000000000000
0.0000000000000000
0.0000000000000000
0.0000000000000000
0.0000000000000000
0.0000000000000000
0.0000000000000000
0.0000000000000000
0.0000000000000000
0.0000000000000000
0.0000000000000000
0.0000000000000000
0.0247689547726938
0.0638300512955970
0.0942173400559766
0.1130777936462712
0.1194577691273126
0.1133711809394930
0.0957437035116780
0.0683885936859480
0.0000000000000000
0.0000000000000000
0.0000000000000000
0.0000000000000000
0.0000000000000000
0.0000000000000000
0.0000000000000000
0.0000000000000000
0.0000000000000000
0.0000000000000000
0.0000000000000000
0.0000000000000000
0.0000000000000000
0.0000000000000000
0.0000000000000000
0.0000000000000000
0.0243910778267495
0.0636481448407434
0.0942030242446730
0.1132036738109330
0.1197036037637627
0.1137163453513650
0.0961644596278586
0.0688575926237646
0.0000000000000000
0.0000000000000000
0.0000000000000000
0.0000000000000000
0.0000000000000000
0.0000000000000000
0.0000000000000000
0.0000000000000000
0.0000000000000000
0.0000000000000000
0.0000000000000000
0.0000000000000000
0.0000000000000000
0.0000000000000000
0.0000000000000000
0.0000000000000000
0.0240071538011731
0.0634727492356432
0.0942013236651531
0.1133446511503863
0.1199651337087099
0.1140766801977404
0.0965991686792543
0.0693389528026132
0.0000000000000000
0.0000000000000000
0.0000000000000000
0.0000000000000000
0.0000000000000000
0.0000000000000000
0.0000000000000000
0.0000000000000000
0.0000000000000000
0.0000000000000000
0.0000000000000000
0.0000000000000000
0.0000000000000000
0.0000000000000000
0.0000000000000000
0.0000000000000000
0.0236166870035877
0.0633036286348250
0.0942120719644221
0.1135005238962703
0.1202420965498472
0.1144518648268992
0.0970474664575718
0.0698322875356892
0.0000000000000000
0.0000000000000000
0.0000000000000000
0.0000000000000000
0.0000000000000000
0.0000000000000000
0.0000000000000000
0.0000000000000000
0.0000000000000000
0.0000000000000000
0.0000000000000000
0.0000000000000000
0.0000000000000000
0.0000000000000000
0.0000000000000000
0.0000000000000000
0.0232191517996141
0.0631405244010632
0.0942350870581501
0.1136710768107532
0.1205342180215246
0.1148415685656603
0.0975089808767480
0.0703372046162193
0.0000000000000000
0.0000000000000000
0.0000000000000000
0.0000000000000000
0.0000000000000000
0.0000000000000000
0.0000000000000000
0.0000000000000000
0.0000000000000000
0.0000000000000000
0.0000000000000000
0.0000000000000000
0.0000000000000000
0.0000000000000000
0.0000000000000000
0.0000000000000000
0.0228139951405108
0.0629831554974110
0.0942701716255730
0.1138560816665340
0.1208412124427463
0.1152454511189056
0.0979833323440626
0.0708533066263195
0.0000000000000000
0.0000000000000000
0.0000000000000000
0.0000000000000000
0.0000000000000000
0.0000000000000000
0.0000000000000000
0.0000000000000000
0.0000000000000000
0.0000000000000000
0.0000000000000000
0.0000000000000000
0.0000000000000000
0.0000000000000000
0.0000000000000000
0.0000000000000000
0.0224006391100141
0.0628312183928110
0.0943171131888195
0.1140552973822163
0.1211627829268796
0.1156631628543337
0.0984701341001472
0.0713801913458204
0.0000000000000000
0.0000000000000000
0.0000000000000000
0.0000000000000000
0.0000000000000000
0.0000000000000000
0.0000000000000000
0.0000000000000000
0.0000000000000000
0.0000000000000000
0.0000000000000000
0.0000000000000000
0.0000000000000000
0.0000000000000000
0.0000000000000000
0.0000000000000000
0.0219784839064116
0.0626843867529357
0.0943756839124708
0.1142684699010240
0.1214986213497002
0.1160943448714510
0.0989689923929110
0.0719174519832486
0.0000000000000000
0.0000000000000000
0.0000000000000000
0.0000000000000000
0.0000000000000000
0.0000000000000000
0.0000000000000000
0.0000000000000000
0.0000000000000000
0.0000000000000000
0.0000000000000000
0.0000000000000000
0.0000000000000000
0.0000000000000000
0.0000000000000000
0.0000000000000000
0.0215469116269503
0.0625423112053518
0.0944456403926278
0.1144953319493216
0.1218484081254698
0.1165386288153019
0.0994795063198548
0.0724646770608079
0.0000000000000000
0.0000000000000000
0.0000000000000000
0.0000000000000000
0.0000000000000000
0.0000000000000000
0.0000000000000000
0.0000000000000000
0.0000000000000000
0.0000000000000000
0.0000000000000000
0.0000000000000000
0.0000000000000000
0.0000000000000000
0.0000000000000000
0.0000000000000000
0.0211052913719566
0.0624046195504458
0.0945267236742846
0.1147356028670680
0.1222118118765781
0.1169956364095161
0.1000012672558168
0.0730214497410088
0.0000000000000000
0.0000000000000000
0.0000000000000000
0.0000000000000000
0.0000000000000000
0.0000000000000000
0.0000000000000000
0.0000000000000000
0.0000000000000000
0.0000000000000000
0.0000000000000000
0.0000000000000000
0.0000000000000000
0.0000000000000000
0.0000000000000000
0.0000000000000000
0.0206529859608918
0.0622709176537726
0.0946186597299979
0.1149889886338354
0.1225884890634849
0.1174649787337234
0.1005338578126857
0.0735873465425515
0.0000000000000000
0.0000000000000000
0.0000000000000000
0.0000000000000000
0.0000000000000000
0.0000000000000000
0.0000000000000000
0.0000000000000000
0.0000000000000000
0.0000000000000000
0.0000000000000000
0.0000000000000000
0.0000000000000000
0.0000000000000000
0.0000000000000000
0.0000000000000000
0.0201893604609647
0.0621407910458767
0.0947211603369230
0.1152551820639850
0.1229780835452511
0.1179462552112358
0.1010768503441858
0.0741619354556146
0.0000000000000000
0.0000000000000000
0.0000000000000000
0.0000000000000000
0.0000000000000000
0.0000000000000000
0.0000000000000000
0.0000000000000000
0.0000000000000000
0.0000000000000000
0.0000000000000000
0.0000000000000000
0.0000000000000000
0.0000000000000000
0.0000000000000000
0.0000000000000000
0.0197137924761899
0.0620138069736491
0.0948339241434586
0.1155338629575318
0.1233802259319605
0.1184390522587346
0.1016298049951631
0.0747447735500784
0.0000000000000000
0.0000000000000000
0.0000000000000000
0.0000000000000000
0.0000000000000000
0.0000000000000000
0.0000000000000000
0.0000000000000000
0.0000000000000000
0.0000000000000000
0.0000000000000000
0.0000000000000000
0.0000000000000000
0.0000000000000000
0.0000000000000000
0.0000000000000000
0.0192256841635638
0.0618895166813283
0.0949566376468923
0.1158246980306644
0.1237945326220249
0.1189429415713415
0.1021922673877338
0.0753354042073421
0.0000000000000000
0.0000000000000000
0.0000000000000000
0.0000000000000000
0.0000000000000000
0.0000000000000000
0.0000000000000000
0.0000000000000000
0.0000000000000000
0.0000000000000000
0.0000000000000000
0.0000000000000000
0.0000000000000000
0.0000000000000000
0.0000000000000000
0.0000000000000000
0.0187244758686352
0.0617674577458378
0.0950889760759532
0.1161273406921380
0.1242206047134758
0.1194574783274223
0.1027637662663448
0.0759333543902513
0.0000000000000000
0.0000000000000000
0.0000000000000000
0.0000000000000000
0.0000000000000000
0.0000000000000000
0.0000000000000000
0.0000000000000000
0.0000000000000000
0.0000000000000000
0.0000000000000000
0.0000000000000000
0.0000000000000000
0.0000000000000000
0.0000000000000000
0.0000000000000000
0.0182096610479597
0.0616471564948284
0.0952306044336621
0.1164414311590773
0.1246580274081463
0.1199822000349926
0.1033438119146475
0.0765381327381326
0.0000000000000000
0.0000000000000000
0.0000000000000000
0.0000000000000000
0.0000000000000000
0.0000000000000000
0.0000000000000000
0.0000000000000000
0.0000000000000000
0.0000000000000000
0.0000000000000000
0.0000000000000000
0.0000000000000000
0.0000000000000000
0.0000000000000000
0.0000000000000000
0.0176808015902112
0.0615281302666347
0.0953811789854748
0.1167665974782897
0.1251063707254791
0.1205166270020532
0.1039318964182580
0.0771492296720784
0.0000000000000000
0.0000000000000000
0.0000000000000000
0.0000000000000000
0.0000000000000000
0.0000000000000000
0.0000000000000000
0.0000000000000000
0.0000000000000000
0.0000000000000000
0.0000000000000000
0.0000000000000000
0.0000000000000000
0.0000000000000000
0.0000000000000000
0.0000000000000000
0.0171375424076091
0.0614098888719110
0.0955403490124331
0.1171024576346207
0.1255651919367084
0.1210602650357147
0.1045274965442631
0.0777661203253463
0.0000000000000000
0.0000000000000000
0.0000000000000000
0.0000000000000000
0.0000000000000000
0.0000000000000000
0.0000000000000000
0.0000000000000000
0.0000000000000000
0.0000000000000000
0.0000000000000000
0.0000000000000000
0.0000000000000000
0.0000000000000000
0.0000000000000000
0.0000000000000000
0.0165796244405748
0.0612919343894612
0.0957077580952841
0.1174486220885442
0.1260340391997887
0.1216126099866116
0.1051300789596270
0.0783882701944845
0.0000000000000000
0.0000000000000000
0.0000000000000000
0.0000000000000000
0.0000000000000000
0.0000000000000000
0.0000000000000000
0.0000000000000000
0.0000000000000000
0.0000000000000000
0.0000000000000000
0.0000000000000000
0.0000000000000000
0.0000000000000000
0.0000000000000000
0.0000000000000000
0.0160068965419051
0.0611737586112490
0.0958830438520429
0.1178046954782565
0.1265124549898952
0.1221731526646559
0.1057391063463170
0.0790151420619334
0.0000000000000000
0.0000000000000000
0.0000000000000000
0.0000000000000000
0.0000000000000000
0.0000000000000000
0.0000000000000000
0.0000000000000000
0.0000000000000000
0.0000000000000000
0.0000000000000000
0.0000000000000000
0.0000000000000000
0.0000000000000000
0.0000000000000000
0.0000000000000000
0.0154193279256728
0.0610548384093195
0.0960658355591301
0.1181702763432477
0.1269999778132012
0.1227413823601584
0.1063540424307571
0.0796462021756186
0.0000000000000000
0.0000000000000000
0.0000000000000000
0.0000000000000000
0.0000000000000000
0.0000000000000000
0.0000000000000000
0.0000000000000000
0.0000000000000000
0.0000000000000000
0.0000000000000000
0.0000000000000000
0.0000000000000000
0.0000000000000000
0.0000000000000000
0.0000000000000000
0.0148170235333692
0.0609346300992427
0.0962557500100020
0.1185449547080223
0.1274961415890451
0.1233167879674438
0.1069743546774935
0.0802809241744960
0.0000000000000000
0.0000000000000000
0.0000000000000000
0.0000000000000000
0.0000000000000000
0.0000000000000000
0.0000000000000000
0.0000000000000000
0.0000000000000000
0.0000000000000000
0.0000000000000000
0.0000000000000000
0.0000000000000000
0.0000000000000000
0.0000000000000000
0.0000000000000000
0.0142002438532288
0.0608125643828440
0.0964523869129983
0.1189283085582822
0.1280004734549014
0.1238988571760934
0.1075995147672239
0.0809187906693664
0.0000000000000000
0.0000000000000000
0.0000000000000000
0.0000000000000000
0.0000000000000000
0.0000000000000000
0.0000000000000000
0.0000000000000000
0.0000000000000000
0.0000000000000000
0.0000000000000000
0.0000000000000000
0.0000000000000000
0.0000000000000000
0.0000000000000000
0.0000000000000000
0.0135694292773013
0.0606880430004112
0.0966553254131780
0.1193199008954328
0.1285124916274434
0.1244870752263930
0.1082289982218641
0.0815592935901494
0.0000000000000000
0.0000000000000000
0.0000000000000000
0.0000000000000000
0.0000000000000000
0.0000000000000000
0.0000000000000000
0.0000000000000000
0.0000000000000000
0.0000000000000000
0.0000000000000000
0.0000000000000000
0.0000000000000000
0.0000000000000000
0.0000000000000000
0.0000000000000000
0.0129252278279025
0.0605604374360280
0.0968641226754217
0.1197192786442196
0.1290317047463582
0.1250809246978354
0.1088622845780488
0.0822019346712214
0.0000000000000000
0.0000000000000000
0.0000000000000000
0.0000000000000000
0.0000000000000000
0.0000000000000000
0.0000000000000000
0.0000000000000000
0.0000000000000000
0.0000000000000000
0.0000000000000000
0.0000000000000000
0.0000000000000000
0.0000000000000000
0.0000000000000000
0.0000000000000000
0.0122685249429386
0.0604290892487047
0.0970783145670709
0.1201259736268884
0.1295576130463148
0.1256798867712630
0.1094988586410629
0.0828462265931387
0.0000000000000000
0.0000000000000000
0.0000000000000000
0.0000000000000000
0.0000000000000000
0.0000000000000000
0.0000000000000000
0.0000000000000000
0.0000000000000000
0.0000000000000000
0.0000000000000000
0.0000000000000000
0.0000000000000000
0.0000000000000000
0.0000000000000000
0.0000000000000000
0.0116004745734239
0.0602933114029153
0.0972974176409232
0.1205395048308281
0.1300897106183770
0.1262834433025887
0.1101382122424393
0.0834916943716804
0.0000000000000000
0.0000000000000000
0.0000000000000000
0.0000000000000000
0.0000000000000000
0.0000000000000000
0.0000000000000000
0.0000000000000000
0.0000000000000000
0.0000000000000000
0.0000000000000000
0.0000000000000000
0.0000000000000000
0.0000000000000000
0.0000000000000000
0.0000000000000000
0.0109225314763042
0.0601523901009852
0.0975209315555709
0.1209593808891331
0.1306274876540415
0.1268910786415924
0.1107798455439427
0.0841378761043877
0.0000000000000000
0.0000000000000000
0.0000000000000000
0.0000000000000000
0.0000000000000000
0.0000000000000000
0.0000000000000000
0.0000000000000000
0.0000000000000000
0.0000000000000000
0.0000000000000000
0.0000000000000000
0.0000000000000000
0.0000000000000000
0.0000000000000000
0.0000000000000000
0.0102364842150003
0.0600055869744313
0.0977483413577802
0.1213851021222606
0.1311704319995280
0.1275022805875614
0.1114232673481189
0.0847843226938154
0.0000000000000000
0.0000000000000000
0.0000000000000000
0.0000000000000000
0.0000000000000000
0.0000000000000000
0.0000000000000000
0.0000000000000000
0.0000000000000000
0.0000000000000000
0.0000000000000000
0.0000000000000000
