0.0000000000000000
0.0000000000000000
0.0000000000000000
0.0000000000000000
0.0878719588000596
0.1438491004910803
0.1552806911075683
0.1426949614028224
0.1149129728460542
0.0775481322756270
0.0000000000000000
0.0000000000000000
0.0352070722340224
0.0317081707760243
0.0267566830806424
0.0206231147427359
0.0135619830306572
0.0056145960453032
0.0000000000000000
0.0000000000000000
0.0000000000000000
0.0000000000000000
0.0000000000000000
0.0000000000000000
0.0000000000000000
0.0000000000000000
0.0000000000000000
0.0000000000000000
0.0866902941737607
0.1434580709604917
0.1552198095986416
0.1428003647835812
0.1151066859097763
0.0777788132322547
0.0000000000000000
0.0000000000000000
0.0352108909836403
0.0317217727592849
0.0267770228397362
0.0206468325808264
0.0135858202258391
0.0056355293657481
0.0000000000000000
0.0000000000000000
0.0000000000000000
0.0000000000000000
0.0000000000000000
0.0000000000000000
0.0000000000000000
0.0000000000000000
0.0000000000000000
0.0000000000000000
0.0854587343640197
0.1430468335661909
0.1551468058805423
0.1428950576942071
0.1152889809752880
0.0779966858463759
0.0000000000000000
0.0000000000000000
0.0352123391084548
0.0317327160065613
0.0267943687742375
0.0206671695412051
0.0136057746814871
0.0056517607176206
0.0000000000000000
0.0000000000000000
0.0000000000000000
0.0000000000000000
0.0000000000000000
0.0000000000000000
0.0000000000000000
0.0000000000000000
0.0000000000000000
0.0000000000000000
0.0841768209505656
0.1426151756602570
0.1550615014140707
0.1429788135923332
0.1154595968017973
0.0782014829594099
0.0000000000000000
0.0000000000000000
0.0352113915482935
0.0317409681556918
0.0268086843257971
0.0206840882613921
0.0136218117634944
0.0056632592007967
0.0000000000000000
0.0000000000000000
0.0000000000000000
0.0000000000000000
0.0000000000000000
0.0000000000000000
0.0000000000000000
0.0000000000000000
0.0000000000000000
0.0000000000000000
0.0828441011757561
0.1421628749590607
0.1549637155997830
0.1430514074942404
0.1156182769769231
0.0783929453974656
0.0000000000000000
0.0000000000000000
0.0352080232375149
0.0317464972620715
0.0268199337928988
0.0206975526332925
0.0136338983071559
0.0056699956237659
0.0000000000000000
0.0000000000000000
0.0000000000000000
0.0000000000000000
0.0000000000000000
0.0000000000000000
0.0000000000000000
0.0000000000000000
0.0000000000000000
0.0000000000000000
0.0814601379934893
0.1416897007011463
0.1548532657656808
0.1431126152266120
0.1157647687030842
0.0785708204348989
0.0000000000000000
0.0000000000000000
0.0352022090049868
0.0317492716432792
0.0268280821234895
0.0207075275551359
0.0136420023236298
0.0056719421355543
0.0000000000000000
0.0000000000000000
0.0000000000000000
0.0000000000000000
0.0000000000000000
0.0000000000000000
0.0000000000000000
0.0000000000000000
0.0000000000000000
0.0000000000000000
0.0800245196437408
0.1411954143887419
0.1547299672625296
0.1431622131357121
0.1158988222265234
0.0787348610717555
0.0000000000000000
0.0000000000000000
0.0351939235328256
0.0317492598118539
0.0268330948261523
0.0207139788165397
0.0136460928605875
0.0056690720346634
0.0000000000000000
0.0000000000000000
0.0000000000000000
0.0000000000000000
0.0000000000000000
0.0000000000000000
0.0000000000000000
0.0000000000000000
0.0000000000000000
0.0000000000000000
0.0785368691716899
0.1406797702051639
0.1545936336614801
0.1431999781631611
0.1160201908670106
0.0788848259955461
0.0000000000000000
0.0000000000000000
0.0175915705802212
0.0317464304894145
0.0268349379787741
0.0207168731045156
0.0136461399936085
0.0056613597467274
0.0000000000000000
0.0000000000000000
0.0000000000000000
0.0000000000000000
0.0000000000000000
0.0000000000000000
0.0000000000000000
0.0000000000000000
0.0000000000000000
0.0000000000000000
0.0769968545503421
0.1401425152738384
0.1544440770581449
0.1432256882181426
0.1161286314292497
0.0790204800411192
0.0000000000000000
0.0000000000000000
0.0175849183905191
0.0317407526778742
0.0268335783126744
0.0207161780906467
0.0136421149181054
0.0056487809207902
0.0000000000000000
0.0000000000000000
0.0000000000000000
0.0000000000000000
0.0000000000000000
0.0000000000000000
0.0000000000000000
0.0000000000000000
0.0000000000000000
0.0000000000000000
0.0754042003719697
0.1395833900091395
0.1542811084811510
0.1432391226872294
0.1162239048234985
0.0791415948546337
0.0000000000000000
0.0000000000000000
0.0175769923379195
0.0317321957646046
0.0268289833299388
0.0207118625614223
0.0136339900783645
0.0056313125889139
0.0000000000000000
0.0000000000000000
0.0000000000000000
0.0000000000000000
0.0000000000000000
0.0000000000000000
0.0000000000000000
0.0000000000000000
0.0000000000000000
0.0000000000000000
0.0737587019039384
0.1390021287814157
0.1541045383915698
0.1432400629288626
0.1163057765801996
0.0792479494495389
0.0000000000000000
0.0000000000000000
0.0175677797156043
0.0317207296161588
0.0268211214049001
0.0207038965194143
0.0136217392736138
0.0056089333028687
0.0000000000000000
0.0000000000000000
0.0000000000000000
0.0000000000000000
0.0000000000000000
0.0000000000000000
0.0000000000000000
0.0000000000000000
0.0000000000000000
0.0000000000000000
0.0720602426557035
0.1383984611734760
0.1539141772622797
0.1432282925672766
0.1163740170041903
0.0793393302584615
0.0000000000000000
0.0000000000000000
0.0175572678986529
0.0317063246288414
0.0268099618178910
0.0206922512068194
0.0136053376629355
0.0055816231762379
0.0000000000000000
0.0000000000000000
0.0000000000000000
0.0000000000000000
0.0000000000000000
0.0000000000000000
0.0000000000000000
0.0000000000000000
0.0000000000000000
0.0000000000000000
0.0703088161095342
0.1377721140224824
0.1537098362458512
0.1432035974990416
0.1164284007942216
0.0794155305489482
0.0000000000000000
0.0000000000000000
0.0175454443590562
0.0316889517153011
0.0267954747059951
0.0206768990215342
0.0135847616561847
0.0055493638033708
0.0000000000000000
0.0000000000000000
0.0000000000000000
0.0000000000000000
0.0000000000000000
0.0000000000000000
0.0000000000000000
0.0000000000000000
0.0000000000000000
0.0000000000000000
0.0685045521686719
0.1371228143652575
0.1534913279885235
0.1431657656642210
0.1164687062222922
0.0794763492430204
0.0000000000000000
0.0000000000000000
0.0175322966724243
0.0316685822517492
0.0267776309523392
0.0206578133659248
0.0135599887243069
0.0055121381161489
0.0000000000000000
0.0000000000000000
0.0000000000000000
0.0000000000000000
0.0000000000000000
0.0000000000000000
0.0000000000000000
0.0000000000000000
0.0000000000000000
0.0000000000000000
0.0666477483661949
0.1364502932792903
0.1532584676978493
0.1431145868030515
0.1164947141436368
0.0795215895509800
0.0000000000000000
0.0000000000000000
0.0175178125319489
0.0316451880324425
0.0267564020833720
0.0206349684977476
0.0135309972194964
0.0054699302698433
0.0000000000000000
0.0000000000000000
0.0000000000000000
0.0000000000000000
0.0000000000000000
0.0000000000000000
0.0000000000000000
0.0000000000000000
0.0000000000000000
0.0000000000000000
0.0647389058174682
0.1357542906192170
0.1530110745595006
0.1430498523875386
0.1165062071640271
0.0795510577281397
0.0000000000000000
0.0000000000000000
0.0175019797859289
0.0316187412726613
0.0267317602140351
0.0206083394410471
0.0134977662614446
0.0054227256392252
0.0000000000000000
0.0000000000000000
0.0000000000000000
0.0000000000000000
0.0000000000000000
0.0000000000000000
0.0000000000000000
0.0000000000000000
0.0000000000000000
0.0000000000000000
0.0627787692194886
0.1350345603384118
0.1527489734556294
0.1429713558206485
0.1165029690453103
0.0795645621202002
0.0000000000000000
0.0000000000000000
0.0174847864930108
0.0315892146533521
0.0267036780433256
0.0205779019442588
0.0134602756751174
0.0053705108818033
0.0000000000000000
0.0000000000000000
0.0000000000000000
0.0000000000000000
0.0000000000000000
0.0000000000000000
0.0000000000000000
0.0000000000000000
0.0000000000000000
0.0000000000000000
0.0607683689077436
0.1342908756708698
0.1524719966811091
0.1428788927500173
0.1164847843358353
0.0795619124079648
0.0000000000000000
0.0000000000000000
0.0174662209703276
0.0315565813575874
0.0266721288399227
0.0205436324283194
0.0134185058970597
0.0053132739761261
0.0000000000000000
0.0000000000000000
0.0000000000000000
0.0000000000000000
0.0000000000000000
0.0000000000000000
0.0000000000000000
0.0000000000000000
0.0000000000000000
0.0000000000000000
0.0587090611456547
0.1335230327630753
0.1521799851468893
0.1427722613608986
0.1164514381550028
0.0795429190878062
0.0000000000000000
0.0000000000000000
0.0174462718043373
0.0315208150521515
0.0266370863814861
0.0205055078759066
0.0133724378073466
0.0052510041607527
0.0000000000000000
0.0000000000000000
0.0000000000000000
0.0000000000000000
0.0000000000000000
0.0000000000000000
0.0000000000000000
0.0000000000000000
0.0000000000000000
0.0000000000000000
0.0566025626385660
0.1327308512279144
0.1518727886158980
0.1426512626428692
0.1164027164436565
0.0795073935593903
0.0000000000000000
0.0000000000000000
0.0174249278207686
0.0314818898320319
0.0265985248868171
0.0204635057324772
0.0133220525547839
0.0051836918787475
0.0000000000000000
0.0000000000000000
0.0000000000000000
0.0000000000000000
0.0000000000000000
0.0000000000000000
0.0000000000000000
0.0000000000000000
0.0000000000000000
0.0000000000000000
0.0544509772174969
0.1319141709488240
0.1515502649285912
0.1425157009524093
0.1163384071893608
0.0794551495781523
0.0000000000000000
0.0000000000000000
0.0174021780509853
0.0314397802362436
0.0265564190813478
0.0204176039791413
0.0132673315944691
0.0051113289932790
0.0000000000000000
0.0000000000000000
0.0000000000000000
0.0000000000000000
0.0000000000000000
0.0000000000000000
0.0000000000000000
0.0000000000000000
0.0000000000000000
0.0000000000000000
0.0522568173550577
0.1310728459278732
0.1512122787315755
0.1423653853157530
0.1162583031615814
0.0793860066424822
0.0000000000000000
0.0000000000000000
0.0173780117610350
0.0313944614752028
0.0265107445545722
0.0203677815729545
0.0132082571496991
0.0050339095751713
0.0000000000000000
0.0000000000000000
0.0000000000000000
0.0000000000000000
0.0000000000000000
0.0000000000000000
0.0000000000000000
0.0000000000000000
0.0000000000000000
0.0000000000000000
0.0500230266205632
0.1302067374498461
0.1508587005457348
0.1422001317540865
0.1161622061767369
0.0792997953450070
0.0000000000000000
0.0000000000000000
0.0173524185919746
0.0313459099499366
0.0264614784730415
0.0203140193064233
0.0131448131793203
0.0049514313669431
0.0000000000000000
0.0000000000000000
0.0000000000000000
0.0000000000000000
0.0000000000000000
0.0000000000000000
0.0000000000000000
0.0000000000000000
0.0000000000000000
0.0000000000000000
0.0477530097979981
0.1293157088406052
0.1504894067872347
0.1420197664249091
0.1160499322555780
0.0791963637250469
0.0000000000000000
0.0000000000000000
0.0173253888070651
0.0312941039920953
0.0264086005373675
0.0202563009416507
0.0130769866613565
0.0048638977263838
0.0000000000000000
0.0000000000000000
0.0000000000000000
0.0000000000000000
0.0000000000000000
0.0000000000000000
0.0000000000000000
0.0000000000000000
0.0000000000000000
0.0000000000000000
0.0454506734321708
0.1283996229204075
0.1501042806948021
0.1418241289085060
0.1159213165218220
0.0790755832289434
0.0000000000000000
0.0000000000000000
0.0172969135741113
0.0312390246322178
0.0263520939258104
0.0201946143064129
0.0130047688298284
0.0047713195971445
0.0000000000000000
0.0000000000000000
0.0000000000000000
0.0000000000000000
0.0000000000000000
0.0000000000000000
0.0000000000000000
0.0000000000000000
0.0000000000000000
0.0000000000000000
0.0431204745722742
0.1274583413970709
0.1497032134793960
0.1416130747518655
0.1157762167592858
0.0789373528885357
0.0000000000000000
0.0000000000000000
0.0172669851880467
0.0311806561587802
0.0262919459554867
0.0201289520357432
0.0129281559921375
0.0046737170776705
0.0000000000000000
0.0000000000000000
0.0000000000000000
0.0000000000000000
0.0000000000000000
0.0000000000000000
0.0000000000000000
0.0000000000000000
0.0000000000000000
0.0000000000000000
0.0407674724718836
0.1264917245636302
0.1492861048595126
0.1413864766738947
0.1156145150016358
0.0787816011070212
0.0000000000000000
0.0000000000000000
0.0172355971644392
0.0311189863353106
0.0262281483123070
0.0200593118060452
0.0128471497507294
0.0045711203722328
0.0000000000000000
0.0000000000000000
0.0000000000000000
0.0000000000000000
0.0000000000000000
0.0000000000000000
0.0000000000000000
0.0000000000000000
0.0000000000000000
0.0000000000000000
0.0383973790552425
0.1254996301194114
0.1488528626009228
0.1411442243639652
0.1154361173095111
0.0786082852367741
0.0000000000000000
0.0000000000000000
0.0172027442013485
0.0310540062858465
0.0261606968901691
0.0199856961107160
0.0127617566997914
0.0044635702522045
0.0000000000000000
0.0000000000000000
0.0000000000000000
0.0000000000000000
0.0000000000000000
0.0000000000000000
0.0000000000000000
0.0000000000000000
0.0000000000000000
0.0000000000000000
0.0360166068200080
0.1244819113004992
0.1484034013330323
0.1408862233029565
0.1152409522900051
0.0784173897191102
0.0000000000000000
0.0000000000000000
0.0171684220607588
0.0309857101845164
0.0260895913956935
0.0199081117777237
0.0126719878314855
0.0043511183322099
0.0000000000000000
0.0000000000000000
0.0000000000000000
0.0000000000000000
0.0000000000000000
0.0000000000000000
0.0000000000000000
0.0000000000000000
0.0000000000000000
0.0000000000000000
0.0336323148642112
0.1234384153861560
0.1479376412977636
0.1406123932312117
0.1150289690778710
0.0782089235776782
0.0000000000000000
0.0000000000000000
0.0171326274359229
0.0309140948988676
0.0260148349013861
0.0198265694259987
0.0125778578856228
0.0042338274798655
0.0000000000000000
0.0000000000000000
0.0000000000000000
0.0000000000000000
0.0000000000000000
0.0000000000000000
0.0000000000000000
0.0000000000000000
0.0000000000000000
0.0000000000000000
0.0312524520570369
0.1223689835952709
0.1474555075418094
0.1403226666936300
0.1148001352652064
0.0779829178394731
0.0000000000000000
0.0000000000000000
0.0170953578442333
0.0308391596790217
0.0259364334390869
0.0197410829747632
0.0124793847646459
0.0041117725324179
0.0000000000000000
0.0000000000000000
0.0000000000000000
0.0000000000000000
0.0000000000000000
0.0000000000000000
