0.0000000000000000
0.0000000000000000
0.0000000000000000
0.0000000000000000
0.0255082156513861
0.0642140702171247
0.0942842689639897
0.1128719514370494
0.1190140870136626
0.1127275323955614
0.0949454300028675
0.0674891855128653
0.0000000000000000
0.0000000000000000
0.0000000000000000
0.0000000000000000
0.0000000000000000
0.0000000000000000
0.0000000000000000
0.0000000000000000
0.0000000000000000
0.0000000000000000
0.0000000000000000
0.0000000000000000
0.0000000000000000
0.0000000000000000
0.0000000000000000
0.0000000000000000
0.0251410793224179
0.0640185311113365
0.0942442919413085
0.1129670900986891
0.1192277942069526
0.1130414357795940
0.0953372196343454
0.0679323235628159
0.0000000000000000
0.0000000000000000
0.0000000000000000
0.0000000000000000
0.0000000000000000
0.0000000000000000
0.0000000000000000
0.0000000000000000
0.0000000000000000
0.0000000000000000
0.0000000000000000
0.0000000000000000
0.0000000000000000
0.0000000000000000
0.0000000000000000
0.0000000000000000
0.0247687858840627
0.0638299014158942
0.0942172111342365
0.1130776855180476
0.1194576835169573
0.1133711194701421
0.0957436666408797
0.0683885801283653
0.0000000000000000
0.0000000000000000
0.0000000000000000
0.0000000000000000
0.0000000000000000
0.0000000000000000
0.0000000000000000
0.0000000000000000
0.0000000000000000
0.0000000000000000
0.0000000000000000
0.0000000000000000
0.0000000000000000
0.0000000000000000
0.0000000000000000
0.0000000000000000
0.0243909082925162
0.0636479945967201
0.0942028951795470
0.1132035656126330
0.1197035181119585
0.1137162838606771
0.0961644227604851
0.0688575791034072
0.0000000000000000
0.0000000000000000
0.0000000000000000
0.0000000000000000
0.0000000000000000
0.0000000000000000
0.0000000000000000
0.0000000000000000
0.0000000000000000
0.0000000000000000
0.0000000000000000
0.0000000000000000
0.0000000000000000
0.0000000000000000
0.0000000000000000
0.0000000000000000
0.0240069835743038
0.0634725986097182
0.0942011944594538
0.1133445428923756
0.1199650480293608
0.1140766187016337
0.0965991318324352
0.0693389393371647
0.0000000000000000
0.0000000000000000
0.0000000000000000
0.0000000000000000
0.0000000000000000
0.0000000000000000
0.0000000000000000
0.0000000000000000
0.0000000000000000
0.0000000000000000
0.0000000000000000
0.0000000000000000
0.0000000000000000
0.0000000000000000
0.0000000000000000
0.0000000000000000
0.0236165160375793
0.0633034776087685
0.0942119426209404
0.1135004155890349
0.1202420108570063
0.1144518033414352
0.0970474296485572
0.0698322741429218
0.0000000000000000
0.0000000000000000
0.0000000000000000
0.0000000000000000
0.0000000000000000
0.0000000000000000
0.0000000000000000
0.0000000000000000
0.0000000000000000
0.0000000000000000
0.0000000000000000
0.0000000000000000
0.0000000000000000
0.0000000000000000
0.0000000000000000
0.0000000000000000
0.0232189800488422
0.0631403729559766
0.0942349575796580
0.1136709684649027
0.1205341323293948
0.1148415071070421
0.0975089441229056
0.0703371913139887
0.0000000000000000
0.0000000000000000
0.0000000000000000
0.0000000000000000
0.0000000000000000
0.0000000000000000
0.0000000000000000
0.0000000000000000
0.0000000000000000
0.0000000000000000
0.0000000000000000
0.0000000000000000
0.0000000000000000
0.0000000000000000
0.0000000000000000
0.0000000000000000
0.0228138225606458
0.0629830036137081
0.0942700420148263
0.1138559732928047
0.1208411267656814
0.1152453897034763
0.0979832956628743
0.0708532934325608
0.0000000000000000
0.0000000000000000
0.0000000000000000
0.0000000000000000
0.0000000000000000
0.0000000000000000
0.0000000000000000
0.0000000000000000
0.0000000000000000
0.0000000000000000
0.0000000000000000
0.0000000000000000
0.0000000000000000
0.0000000000000000
0.0000000000000000
0.0000000000000000
0.0224004656585157
0.0628310660501982
0.0943169834485608
0.1140551889914743
0.1211626972793842
0.1156631014985745
0.0984700975092055
0.0713801782785421
0.0000000000000000
0.0000000000000000
0.0000000000000000
0.0000000000000000
0.0000000000000000
0.0000000000000000
0.0000000000000000
0.0000000000000000
0.0000000000000000
0.0000000000000000
0.0000000000000000
0.0000000000000000
0.0000000000000000
0.0000000000000000
0.0000000000000000
0.0000000000000000
0.0219783095431143
0.0626842339303941
0.0943755540454324
0.1142683615042679
0.1214985357464300
0.1160942835919791
0.0989689559099143
0.0719174390605274
0.0000000000000000
0.0000000000000000
0.0000000000000000
0.0000000000000000
0.0000000000000000
0.0000000000000000
0.0000000000000000
0.0000000000000000
0.0000000000000000
0.0000000000000000
0.0000000000000000
0.0000000000000000
0.0000000000000000
0.0000000000000000
0.0000000000000000
0.0000000000000000
0.0215467363147537
0.0625421578811194
0.0944455104015353
0.1144952235576852
0.1218483225812314
0.1165385676288673
0.0994794699626032
0.0724646643007826
0.0000000000000000
0.0000000000000000
0.0000000000000000
0.0000000000000000
0.0000000000000000
0.0000000000000000
0.0000000000000000
0.0000000000000000
0.0000000000000000
0.0000000000000000
0.0000000000000000
0.0000000000000000
0.0000000000000000
0.0000000000000000
0.0000000000000000
0.0000000000000000
0.0211051150776354
0.0624044657020007
0.0945265935618601
0.1147354944918226
0.1222117264063281
0.1169955753329987
0.1000012310422062
0.0730214371618737
0.0000000000000000
0.0000000000000000
0.0000000000000000
0.0000000000000000
0.0000000000000000
0.0000000000000000
0.0000000000000000
0.0000000000000000
0.0000000000000000
0.0000000000000000
0.0000000000000000
0.0000000000000000
0.0000000000000000
0.0000000000000000
0.0000000000000000
0.0000000000000000
0.0206528086560401
0.0622707632578194
0.0946185294989641
0.1149888802863927
0.1225884036823294
0.1174649177841295
0.1005338217607034
0.0735873341625496
0.0000000000000000
0.0000000000000000
0.0000000000000000
0.0000000000000000
0.0000000000000000
0.0000000000000000
0.0000000000000000
0.0000000000000000
0.0000000000000000
0.0000000000000000
0.0000000000000000
0.0000000000000000
0.0000000000000000
0.0000000000000000
0.0000000000000000
0.0000000000000000
0.0201891821230944
0.0621406360783355
0.0947210299900096
0.1152550737559000
0.1229779982684458
0.1179461944056956
0.1010768144719054
0.0741619232930310
0.0000000000000000
0.0000000000000000
0.0000000000000000
0.0000000000000000
0.0000000000000000
0.0000000000000000
0.0000000000000000
0.0000000000000000
0.0000000000000000
0.0000000000000000
0.0000000000000000
0.0000000000000000
0.0000000000000000
0.0000000000000000
0.0000000000000000
0.0000000000000000
0.0197136130900005
0.0620136514096484
0.0948337936834089
0.1155337547005073
0.1233801407749105
0.1184389916144993
0.1016297693207397
0.0747447616232348
0.0000000000000000
0.0000000000000000
0.0000000000000000
0.0000000000000000
0.0000000000000000
0.0000000000000000
0.0000000000000000
0.0000000000000000
0.0000000000000000
0.0000000000000000
0.0000000000000000
0.0000000000000000
0.0000000000000000
0.0000000000000000
0.0000000000000000
0.0000000000000000
0.0192255037224033
0.0618893604952035
0.0949565070764719
0.1158245898365552
0.1237944476002859
0.1189428811057811
0.1021922319293990
0.0753353925345891
0.0000000000000000
0.0000000000000000
0.0000000000000000
0.0000000000000000
0.0000000000000000
0.0000000000000000
0.0000000000000000
0.0000000000000000
0.0000000000000000
0.0000000000000000
0.0000000000000000
0.0000000000000000
0.0000000000000000
0.0000000000000000
0.0000000000000000
0.0000000000000000
0.0187242943761753
0.0617673009111349
0.0950888453979612
0.1161272325729563
0.1242205198427541
0.1194574180580232
0.1027637310424025
0.0759333429899621
0.0000000000000000
0.0000000000000000
0.0000000000000000
0.0000000000000000
0.0000000000000000
0.0000000000000000
0.0000000000000000
0.0000000000000000
0.0000000000000000
0.0000000000000000
0.0000000000000000
0.0000000000000000
0.0000000000000000
0.0000000000000000
0.0000000000000000
0.0000000000000000
0.0182094785200996
0.0616469989843162
0.0952304736509420
0.1164413231269977
0.1246579427042992
0.1199821399793545
0.1033437769434688
0.0765381216286953
0.0000000000000000
0.0000000000000000
0.0000000000000000
0.0000000000000000
0.0000000000000000
0.0000000000000000
0.0000000000000000
0.0000000000000000
0.0000000000000000
0.0000000000000000
0.0000000000000000
0.0000000000000000
0.0000000000000000
0.0000000000000000
0.0000000000000000
0.0000000000000000
0.0176806180572289
0.0615279720523195
0.0953810481009296
0.1167664895456554
0.1251062862045158
0.1205165671778870
0.1039318617182753
0.0771492188718895
0.0000000000000000
0.0000000000000000
0.0000000000000000
0.0000000000000000
0.0000000000000000
0.0000000000000000
0.0000000000000000
0.0000000000000000
0.0000000000000000
0.0000000000000000
0.0000000000000000
0.0000000000000000
0.0000000000000000
0.0000000000000000
0.0000000000000000
0.0000000000000000
0.0171373579165726
0.0614097299250567
0.0955402180290389
0.1171023498139492
0.1255651076147916
0.1210602054608405
0.1045274621339673
0.0777661098528046
0.0000000000000000
0.0000000000000000
0.0000000000000000
0.0000000000000000
0.0000000000000000
0.0000000000000000
0.0000000000000000
0.0000000000000000
0.0000000000000000
0.0000000000000000
0.0000000000000000
0.0000000000000000
0.0000000000000000
0.0000000000000000
0.0000000000000000
0.0000000000000000
0.0165794390580264
0.0612917746806075
0.0957076270161038
0.1174485143925340
0.1260339550932354
0.1216125506789578
0.1051300448575640
0.0783882600679869
0.0000000000000000
0.0000000000000000
0.0000000000000000
0.0000000000000000
0.0000000000000000
0.0000000000000000
0.0000000000000000
0.0000000000000000
0.0000000000000000
0.0000000000000000
0.0000000000000000
0.0000000000000000
0.0000000000000000
0.0000000000000000
0.0000000000000000
0.0000000000000000
0.0160067103568392
0.0611735981102273
0.0958829126802389
0.1178045879197921
0.1265123711151781
0.1221730936422567
0.1057390725710844
0.0790151322998702
0.0000000000000000
0.0000000000000000
0.0000000000000000
0.0000000000000000
0.0000000000000000
0.0000000000000000
0.0000000000000000
0.0000000000000000
0.0000000000000000
0.0000000000000000
0.0000000000000000
0.0000000000000000
0.0000000000000000
0.0000000000000000
0.0000000000000000
0.0000000000000000
0.0154191410528229
0.0610546770852656
0.0960657042979730
0.1181701689354022
0.1269998941869460
0.1227413236411503
0.1063540090009984
0.0796461927963673
0.0000000000000000
0.0000000000000000
0.0000000000000000
0.0000000000000000
0.0000000000000000
0.0000000000000000
0.0000000000000000
0.0000000000000000
0.0000000000000000
0.0000000000000000
0.0000000000000000
0.0000000000000000
0.0000000000000000
0.0000000000000000
0.0000000000000000
0.0000000000000000
0.0148168361168221
0.0609344679206069
0.0962556186628770
0.1185448474640559
0.1274960582280254
0.1233167295700556
0.1069743216118875
0.0802809151964103
0.0000000000000000
0.0000000000000000
0.0000000000000000
0.0000000000000000
0.0000000000000000
0.0000000000000000
0.0000000000000000
0.0000000000000000
0.0000000000000000
0.0000000000000000
0.0000000000000000
0.0000000000000000
0.0000000000000000
0.0000000000000000
0.0000000000000000
0.0000000000000000
0.0142000560703626
0.0608124013174031
0.0964522554834080
0.1189282014916375
0.1280003903760271
0.1238987991186332
0.1075994820844695
0.0809187821107606
0.0000000000000000
0.0000000000000000
0.0000000000000000
0.0000000000000000
0.0000000000000000
0.0000000000000000
0.0000000000000000
0.0000000000000000
0.0000000000000000
0.0000000000000000
0.0000000000000000
0.0000000000000000
0.0000000000000000
0.0000000000000000
0.0000000000000000
0.0000000000000000
0.0135692413430237
0.0606878790152835
0.0966551939047432
0.1193197940197264
0.1285124088477469
0.1244870175272304
0.1082289659406613
0.0815592854692798
0.0000000000000000
0.0000000000000000
0.0000000000000000
0.0000000000000000
0.0000000000000000
0.0000000000000000
0.0000000000000000
0.0000000000000000
0.0000000000000000
0.0000000000000000
0.0000000000000000
0.0000000000000000
0.0000000000000000
0.0000000000000000
0.0000000000000000
0.0000000000000000
0.0129250399991431
0.0605602724976908
0.0968639910918813
0.1197191719732316
0.1290316222829787
0.1250808673753823
0.1088622527170780
0.0822019270062648
0.0000000000000000
0.0000000000000000
0.0000000000000000
0.0000000000000000
0.0000000000000000
0.0000000000000000
0.0000000000000000
0.0000000000000000
0.0000000000000000
0.0000000000000000
0.0000000000000000
0.0000000000000000
0.0000000000000000
0.0000000000000000
0.0000000000000000
0.0000000000000000
0.0122683375233127
0.0604289233230121
0.0970781829122812
0.1201258671745530
0.1295575309164822
0.1256798298439547
0.1094988272189650
0.0828462194021740
0.0000000000000000
0.0000000000000000
0.0000000000000000
0.0000000000000000
0.0000000000000000
0.0000000000000000
0.0000000000000000
0.0000000000000000
0.0000000000000000
0.0000000000000000
0.0000000000000000
0.0000000000000000
0.0000000000000000
0.0000000000000000
0.0000000000000000
0.0000000000000000
0.0116002879179538
0.0602931444551193
0.0972972859188569
0.1205393986112241
0.1300896288393978
0.1262833867888673
0.1101381812777978
0.0834916876726708
0.0000000000000000
0.0000000000000000
0.0000000000000000
0.0000000000000000
0.0000000000000000
0.0000000000000000
0.0000000000000000
0.0000000000000000
0.0000000000000000
0.0000000000000000
0.0000000000000000
0.0000000000000000
0.0000000000000000
0.0000000000000000
0.0000000000000000
0.0000000000000000
0.0109223459960390
0.0601522220957555
0.0975207997703172
0.1209592749164766
0.1306274062432864
0.1268910225598918
0.1107798150552688
0.0841378699151666
0.0000000000000000
0.0000000000000000
0.0000000000000000
0.0000000000000000
0.0000000000000000
0.0000000000000000
0.0000000000000000
0.0000000000000000
0.0000000000000000
0.0000000000000000
0.0000000000000000
0.0000000000000000
0.0000000000000000
0.0000000000000000
0.0000000000000000
0.0000000000000000
0.0102363003813044
0.0600054178758788
0.0977482095135456
0.1213849964108979
0.1311703509744218
0.1275022249562957
0.1114232373538384
0.0847843170320738
0.0000000000000000
0.0000000000000000
0.0000000000000000
0.0000000000000000
0.0000000000000000
0.0000000000000000
0.0000000000000000
0.0000000000000000
0.0000000000000000
0.0000000000000000
0.0000000000000000
0.0000000000000000
