0.0000000000000000
0.0000000000000000
0.0000000000000000
0.0000000000000000
0.0000000000000000
0.0000000000000000
0.0000000000000000
0.0000000000000000
0.0000000000000000
0.0353942567060566
0.0388923643778043
0.0815257806042925
0.1169727115266305
0.1415641868653376
0.1520764800948416
0.1454082455381636
0.1173042843270443
0.0582954040142441
0.0000000000000000
0.0000000000000000
0.0000000000000000
0.0000000000000000
0.0000000000000000
0.0000000000000000
0.0000000000000000
0.0000000000000000
0.0000000000000000
0.0000000000000000
0.0000000000000000
0.0000000000000000
0.0000000000000000
0.0000000000000000
0.0000000000000000
0.0353572151198901
0.0386205179429640
0.0813189288581734
0.1168549466933306
0.1415510225483397
0.1521739147215677
0.1456112869742642
0.1175925545873305
0.0586013437589577
0.0000000000000000
0.0000000000000000
0.0000000000000000
0.0000000000000000
0.0000000000000000
0.0000000000000000
0.0000000000000000
0.0000000000000000
0.0000000000000000
0.0000000000000000
0.0000000000000000
0.0000000000000000
0.0000000000000000
0.0000000000000000
0.0000000000000000
0.0353182815509838
0.0383589705787706
0.0811231577892895
0.1167482642912655
0.1415478555365886
0.1522786980703679
0.1458164073273925
0.1178719202773596
0.0588724394424779
0.0000000000000000
0.0000000000000000
0.0000000000000000
0.0000000000000000
0.0000000000000000
0.0000000000000000
0.0000000000000000
0.0000000000000000
0.0000000000000000
0.0000000000000000
0.0000000000000000
0.0000000000000000
0.0000000000000000
0.0000000000000000
0.0000000000000000
0.0352774658800978
0.0381079594310849
0.0809386308906498
0.1166527369496996
0.1415546581759871
0.1523907012622731
0.1460233841213123
0.1181420771041625
0.0591082337858227
0.0000000000000000
0.0000000000000000
0.0000000000000000
0.0000000000000000
0.0000000000000000
0.0000000000000000
0.0000000000000000
0.0000000000000000
0.0000000000000000
0.0000000000000000
0.0000000000000000
0.0000000000000000
0.0000000000000000
0.0000000000000000
0.0000000000000000
0.0352347771089026
0.0378677095061663
0.0807654978237900
0.1165684225935747
0.1415713879349981
0.1525097806349708
0.1462319788921153
0.1184026961202659
0.0593082156997459
0.0000000000000000
0.0000000000000000
0.0000000000000000
0.0000000000000000
0.0000000000000000
0.0000000000000000
0.0000000000000000
0.0000000000000000
0.0000000000000000
0.0000000000000000
0.0000000000000000
0.0000000000000000
0.0000000000000000
0.0000000000000000
0.0000000000000000
0.0351902234330586
0.0376384353680508
0.0806038960191126
0.1164953657639389
0.1415979883326612
0.1526357781352162
0.1464419368554997
0.1186534222694944
0.0594718164726943
0.0000000000000000
0.0000000000000000
0.0000000000000000
0.0000000000000000
0.0000000000000000
0.0000000000000000
0.0000000000000000
0.0000000000000000
0.0000000000000000
0.0000000000000000
0.0000000000000000
0.0000000000000000
0.0000000000000000
0.0000000000000000
0.0000000000000000
0.0351438122769239
0.0374203420000601
0.0804539514814850
0.1164335983431275
0.1416343894928487
0.1527685216210866
0.1466529868415706
0.1188938736907603
0.0595984075395978
0.0000000000000000
0.0000000000000000
0.0000000000000000
0.0000000000000000
0.0000000000000000
0.0000000000000000
0.0000000000000000
0.0000000000000000
0.0000000000000000
0.0000000000000000
0.0000000000000000
0.0000000000000000
0.0000000000000000
0.0000000000000000
0.0000000000000000
0.0350955503036962
0.0372136248893883
0.0803157789496057
0.1163831397250144
0.1416805083274373
0.1529078250390369
0.1468648414091598
0.1191236415881145
0.0596872997150589
0.0000000000000000
0.0000000000000000
0.0000000000000000
0.0000000000000000
0.0000000000000000
0.0000000000000000
0.0000000000000000
0.0000000000000000
0.0000000000000000
0.0000000000000000
0.0000000000000000
0.0000000000000000
0.0000000000000000
0.0000000000000000
0.0000000000000000
0.0350454434196817
0.0370184696384913
0.0801894815470350
0.1163439965884485
0.1417362484393987
0.1530534884563305
0.1470771970039433
0.1193422904618862
0.0597377434061604
0.0000000000000000
0.0000000000000000
0.0000000000000000
0.0000000000000000
0.0000000000000000
0.0000000000000000
0.0000000000000000
0.0000000000000000
0.0000000000000000
0.0000000000000000
0.0000000000000000
0.0000000000000000
0.0000000000000000
0.0000000000000000
0.0000000000000000
0.0349934967938803
0.0368351681770917
0.0800751502675515
0.1163161624796764
0.1418014998508612
0.1532052979737216
0.1472897340718609
0.1195493583606440
0.0597489293067257
0.0000000000000000
0.0000000000000000
0.0000000000000000
0.0000000000000000
0.0000000000000000
0.0000000000000000
0.0000000000000000
0.0000000000000000
0.0000000000000000
0.0000000000000000
0.0000000000000000
0.0000000000000000
0.0000000000000000
0.0000000000000000
0.0000000000000000
0.0349397149102112
0.0367948824765219
0.0799728635922563
0.1162996175099494
0.1418761387764404
0.1533630255770027
0.1475021169939645
0.1197443568694307
0.0597199888021892
0.0000000000000000
0.0000000000000000
0.0000000000000000
0.0000000000000000
0.0000000000000000
0.0000000000000000
0.0000000000000000
0.0000000000000000
0.0000000000000000
0.0000000000000000
0.0000000000000000
0.0000000000000000
0.0000000000000000
0.0000000000000000
0.0000000000000000
0.0348841016727411
0.0367525692892752
0.0798826876418179
0.1162943284331406
0.1419600276107681
0.1535264290013177
0.1477139937802519
0.1199267704598305
0.0596499934454678
0.0000000000000000
0.0000000000000000
0.0000000000000000
0.0000000000000000
0.0000000000000000
0.0000000000000000
0.0000000000000000
0.0000000000000000
0.0000000000000000
0.0000000000000000
0.0000000000000000
0.0000000000000000
0.0000000000000000
0.0000000000000000
0.0000000000000000
0.0348266605699795
0.0367082203896882
0.0798046770138954
0.1163002492856826
0.1420530152479659
0.1536952516440391
0.1479249954763213
0.1200960551469996
0.0595379532332154
0.0000000000000000
0.0000000000000000
0.0000000000000000
0.0000000000000000
0.0000000000000000
0.0000000000000000
0.0000000000000000
0.0000000000000000
0.0000000000000000
0.0000000000000000
0.0000000000000000
0.0000000000000000
0.0000000000000000
0.0000000000000000
0.0000000000000000
0.0347673949041347
0.0366618274203729
0.0797388762075771
0.1163173224321649
0.1421549376329369
0.1538692224919768
0.1481347353329491
0.1202516365709736
0.0593828142103499
0.0000000000000000
0.0000000000000000
0.0000000000000000
0.0000000000000000
0.0000000000000000
0.0000000000000000
0.0000000000000000
0.0000000000000000
0.0000000000000000
0.0000000000000000
0.0000000000000000
0.0000000000000000
0.0000000000000000
0.0000000000000000
0.0000000000000000
0.0347063080787871
0.0366133820937728
0.0796853212637341
0.1163454797625367
0.1422656183342995
0.1540480559609405
0.1483428078062592
0.1203929078811697
0.0591834562077405
0.0000000000000000
0.0000000000000000
0.0000000000000000
0.0000000000000000
0.0000000000000000
0.0000000000000000
0.0000000000000000
0.0000000000000000
0.0000000000000000
0.0000000000000000
0.0000000000000000
0.0000000000000000
0.0000000000000000
0.0000000000000000
0.0000000000000000
0.0346434039401593
0.0365628764408543
0.0796440413094820
0.1163846437290324
0.1423848689638523
0.1542314516073063
0.1485487874990499
0.1205192277074194
0.0589386915213961
0.0000000000000000
0.0000000000000000
0.0000000000000000
0.0000000000000000
0.0000000000000000
0.0000000000000000
0.0000000000000000
0.0000000000000000
0.0000000000000000
0.0000000000000000
0.0000000000000000
0.0000000000000000
0.0000000000000000
0.0000000000000000
0.0000000000000000
0.0345786871383980
0.0365103030855078
0.0796150598776275
0.1164347282425698
0.1425124895143467
0.1544190938462875
0.1487522282183015
0.1206299183804108
0.0586472643451088
0.0000000000000000
0.0000000000000000
0.0000000000000000
0.0000000000000000
0.0000000000000000
0.0000000000000000
0.0000000000000000
0.0000000000000000
0.0000000000000000
0.0000000000000000
0.0000000000000000
0.0000000000000000
0.0000000000000000
0.0000000000000000
0.0000000000000000
0.0345121634329032
0.0364556554778138
0.0795983961309985
0.1164956395886462
0.1426482688933061
0.1546106520199613
0.1489526624776882
0.1207242644722489
0.0583078504652231
0.0000000000000000
0.0000000000000000
0.0000000000000000
0.0000000000000000
0.0000000000000000
0.0000000000000000
0.0000000000000000
0.0000000000000000
0.0000000000000000
0.0000000000000000
0.0000000000000000
0.0000000000000000
0.0000000000000000
0.0000000000000000
0.0000000000000000
0.0344438398225903
0.0363989279912540
0.0795940658662201
0.1165672774547372
0.1427919858685415
0.1548057811512001
0.1491496018190920
0.1208015119613978
0.0579190568504744
0.0000000000000000
0.0000000000000000
0.0000000000000000
0.0000000000000000
0.0000000000000000
0.0000000000000000
0.0000000000000000
0.0000000000000000
0.0000000000000000
0.0000000000000000
0.0000000000000000
0.0000000000000000
0.0000000000000000
0.0000000000000000
0.0000000000000000
0.0343737243995872
0.0363401158129862
0.0796020818673180
0.1166495356975017
0.1429434102490737
0.1550041234114865
0.1493425382369639
0.1208608685072851
0.0574794222045245
0.0000000000000000
0.0000000000000000
0.0000000000000000
0.0000000000000000
0.0000000000000000
0.0000000000000000
0.0000000000000000
0.0000000000000000
0.0000000000000000
0.0000000000000000
0.0000000000000000
0.0000000000000000
0.0000000000000000
0.0000000000000000
0.0000000000000000
0.0343018259159569
0.0362792146453370
0.0796224527227733
0.1167423020882180
0.1431023036325061
0.1552053098452055
0.1495309465767396
0.1209015054751464
0.0569874207357263
0.0000000000000000
0.0000000000000000
0.0000000000000000
0.0000000000000000
0.0000000000000000
0.0000000000000000
0.0000000000000000
0.0000000000000000
0.0000000000000000
0.0000000000000000
0.0000000000000000
0.0000000000000000
0.0000000000000000
0.0000000000000000
0.0000000000000000
0.0342281531927270
0.0362162203401365
0.0796551795128029
0.1168454562600534
0.1432684189270411
0.1554089615965150
0.1497142874204787
0.1209225618573415
0.0564414716162894
0.0000000000000000
0.0000000000000000
0.0000000000000000
0.0000000000000000
0.0000000000000000
0.0000000000000000
0.0000000000000000
0.0000000000000000
0.0000000000000000
0.0000000000000000
0.0000000000000000
0.0000000000000000
0.0000000000000000
0.0000000000000000
0.0000000000000000
0.0341527145754874
0.0361511286349138
0.0797002504518820
0.1169588657740091
0.1434414982620978
0.1556146900567864
0.1498920097655982
0.1209231497040024
0.0558399549752674
0.0000000000000000
0.0000000000000000
0.0000000000000000
0.0000000000000000
0.0000000000000000
0.0000000000000000
0.0000000000000000
0.0000000000000000
0.0000000000000000
0.0000000000000000
0.0000000000000000
0.0000000000000000
0.0000000000000000
0.0000000000000000
0.0000000000000000
0.0340755176116642
0.0360839350979298
0.0797576345640620
0.1170823810487820
0.1436212697519480
0.1558220959509880
0.1500635530404009
0.1209023599663548
0.0551812328689595
0.0000000000000000
0.0000000000000000
0.0000000000000000
0.0000000000000000
0.0000000000000000
0.0000000000000000
0.0000000000000000
0.0000000000000000
0.0000000000000000
0.0000000000000000
0.0000000000000000
0.0000000000000000
0.0000000000000000
0.0000000000000000
0.0000000000000000
0.0339965689759607
0.0360146352616361
0.0798272759491939
0.1172158306166873
0.1438074441940583
0.1560307680170563
0.1502283484100150
0.1208592675488429
0.0544636715565494
0.0000000000000000
0.0000000000000000
0.0000000000000000
0.0000000000000000
0.0000000000000000
0.0000000000000000
0.0000000000000000
0.0000000000000000
0.0000000000000000
0.0000000000000000
0.0000000000000000
0.0000000000000000
0.0000000000000000
0.0000000000000000
0.0000000000000000
0.0339158745362648
0.0359432248107829
0.0799090900088356
0.1173590179834307
0.1439997129165971
0.1562402821506945
0.1503858196547672
0.1207929346137940
0.0536856615914786
0.0000000000000000
0.0000000000000000
0.0000000000000000
0.0000000000000000
0.0000000000000000
0.0000000000000000
0.0000000000000000
0.0000000000000000
0.0000000000000000
0.0000000000000000
0.0000000000000000
0.0000000000000000
0.0000000000000000
0.0000000000000000
0.0000000000000000
0.0338334394040473
0.0358696996836767
0.0800029621370907
0.1175117207336289
0.1441977473626911
0.1564502015593620
0.1505353839361228
0.1207024118219576
0.0528456338530465
0.0000000000000000
0.0000000000000000
0.0000000000000000
0.0000000000000000
0.0000000000000000
0.0000000000000000
0.0000000000000000
0.0000000000000000
0.0000000000000000
0.0000000000000000
0.0000000000000000
0.0000000000000000
0.0000000000000000
0.0000000000000000
0.0000000000000000
0.0337492678921962
0.0357940560310741
0.0801087485885611
0.1176736915819324
0.1444012002506016
0.1566600778525769
0.1506764525063593
0.1205867377382787
0.0519420725554791
0.0000000000000000
0.0000000000000000
0.0000000000000000
0.0000000000000000
0.0000000000000000
0.0000000000000000
0.0000000000000000
0.0000000000000000
0.0000000000000000
0.0000000000000000
0.0000000000000000
0.0000000000000000
0.0000000000000000
0.0000000000000000
0.0000000000000000
0.0336633634166143
0.0357558578748421
0.0802262786481280
0.1178446605882928
0.1446097075858189
0.1568694525595051
0.1508084312195410
0.1204449369650730
0.0509735278418706
0.0000000000000000
0.0000000000000000
0.0000000000000000
0.0000000000000000
0.0000000000000000
0.0000000000000000
0.0000000000000000
0.0000000000000000
0.0000000000000000
0.0000000000000000
0.0000000000000000
0.0000000000000000
0.0000000000000000
0.0000000000000000
0.0000000000000000
0.0335757284399276
0.0358317277699035
0.0803553573843059
0.1180243377355420
0.1448228908198005
0.1570778585330058
0.1509307206569838
0.1202760175758661
0.0499386309609483
0.0000000000000000
0.0000000000000000
0.0000000000000000
0.0000000000000000
0.0000000000000000
0.0000000000000000
0.0000000000000000
0.0000000000000000
0.0000000000000000
0.0000000000000000
0.0000000000000000
0.0000000000000000
0.0000000000000000
0.0000000000000000
0.0000000000000000
0.0334863645186067
0.0359208022481604
0.0804957684502103
0.1182124154376042
0.1450403587730263
0.1572848210074769
0.1510427158616481
0.1200789682447459
0.0488361139871602
0.0000000000000000
0.0000000000000000
0.0000000000000000
0.0000000000000000
0.0000000000000000
0.0000000000000000
