0.0000000000000000
0.0000000000000000
0.0000000000000000
0.0000000000000000
0.0255082350162533
0.0642140868391770
0.0942842784683909
0.1128719525347475
0.1190140794841255
0.1127275167828714
0.0949454075075924
0.0674891579127428
0.0000000000000000
0.0000000000000000
0.0000000000000000
0.0000000000000000
0.0000000000000000
0.0000000000000000
0.0000000000000000
0.0000000000000000
0.0000000000000000
0.0000000000000000
0.0000000000000000
0.0000000000000000
0.0000000000000000
0.0000000000000000
0.0000000000000000
0.0000000000000000
0.0251410987491952
0.0640185478464182
0.0942443015531796
0.1129670912944174
0.1192277867631187
0.1130414202370683
0.0953371971906737
0.0679322959932491
0.0000000000000000
0.0000000000000000
0.0000000000000000
0.0000000000000000
0.0000000000000000
0.0000000000000000
0.0000000000000000
0.0000000000000000
0.0000000000000000
0.0000000000000000
0.0000000000000000
0.0000000000000000
0.0000000000000000
0.0000000000000000
0.0000000000000000
0.0000000000000000
0.0247688053793426
0.0638299182698959
0.0942172208570876
0.1130776868139318
0.1194576761600782
0.1133711039984562
0.0957436442491263
0.0683885525894934
0.0000000000000000
0.0000000000000000
0.0000000000000000
0.0000000000000000
0.0000000000000000
0.0000000000000000
0.0000000000000000
0.0000000000000000
0.0000000000000000
0.0000000000000000
0.0000000000000000
0.0000000000000000
0.0000000000000000
0.0000000000000000
0.0000000000000000
0.0000000000000000
0.0243909278628636
0.0636480115756104
0.0942029050168770
0.1132035670107601
0.1197035108432432
0.1137162684604716
0.0961644004209438
0.0688575515953647
0.0000000000000000
0.0000000000000000
0.0000000000000000
0.0000000000000000
0.0000000000000000
0.0000000000000000
0.0000000000000000
0.0000000000000000
0.0000000000000000
0.0000000000000000
0.0000000000000000
0.0000000000000000
0.0000000000000000
0.0000000000000000
0.0000000000000000
0.0000000000000000
0.0240070032262382
0.0634726157195521
0.0942012044147535
0.1133445443947954
0.1199650408499779
0.1140766033735165
0.0965991095453800
0.0693389118600832
0.0000000000000000
0.0000000000000000
0.0000000000000000
0.0000000000000000
0.0000000000000000
0.0000000000000000
0.0000000000000000
0.0000000000000000
0.0000000000000000
0.0000000000000000
0.0000000000000000
0.0000000000000000
0.0000000000000000
0.0000000000000000
0.0000000000000000
0.0000000000000000
0.0236165357775536
0.0633034948556967
0.0942119526976957
0.1135004171977620
0.1202420037680854
0.1144517880859829
0.0970474074142449
0.0698322466969321
0.0000000000000000
0.0000000000000000
0.0000000000000000
0.0000000000000000
0.0000000000000000
0.0000000000000000
0.0000000000000000
0.0000000000000000
0.0000000000000000
0.0000000000000000
0.0000000000000000
0.0000000000000000
0.0000000000000000
0.0000000000000000
0.0000000000000000
0.0000000000000000
0.0232189998832145
0.0631403903462546
0.0942349677813525
0.1136709701819185
0.1205341253320283
0.1148414919248018
0.0975089219415768
0.0703371638992220
0.0000000000000000
0.0000000000000000
0.0000000000000000
0.0000000000000000
0.0000000000000000
0.0000000000000000
0.0000000000000000
0.0000000000000000
0.0000000000000000
0.0000000000000000
0.0000000000000000
0.0000000000000000
0.0000000000000000
0.0000000000000000
0.0000000000000000
0.0000000000000000
0.0228138424956448
0.0629830211537053
0.0942700523449450
0.1138559751200585
0.1208411198609254
0.1152453745949669
0.0979832735347552
0.0708532660491502
0.0000000000000000
0.0000000000000000
0.0000000000000000
0.0000000000000000
0.0000000000000000
0.0000000000000000
0.0000000000000000
0.0000000000000000
0.0000000000000000
0.0000000000000000
0.0000000000000000
0.0000000000000000
0.0000000000000000
0.0000000000000000
0.0000000000000000
0.0000000000000000
0.0224004857001973
0.0628310837464079
0.0943169939105929
0.1140551909308851
0.1211626904682603
0.1156630864642884
0.0984700754345092
0.0713801509266243
0.0000000000000000
0.0000000000000000
0.0000000000000000
0.0000000000000000
0.0000000000000000
0.0000000000000000
0.0000000000000000
0.0000000000000000
0.0000000000000000
0.0000000000000000
0.0000000000000000
0.0000000000000000
0.0000000000000000
0.0000000000000000
0.0000000000000000
0.0000000000000000
0.0219783296973090
0.0626842517894436
0.0943755646428751
0.1142683635577265
0.1214985290299269
0.1160942686323835
0.0989689338888435
0.0719174117402444
0.0000000000000000
0.0000000000000000
0.0000000000000000
0.0000000000000000
0.0000000000000000
0.0000000000000000
0.0000000000000000
0.0000000000000000
0.0000000000000000
0.0000000000000000
0.0000000000000000
0.0000000000000000
0.0000000000000000
0.0000000000000000
0.0000000000000000
0.0000000000000000
0.0215467565870027
0.0625421759097798
0.0944455211378960
0.1144952257270554
0.1218483159603061
0.1165385527444061
0.0994794479953503
0.0724646370122828
0.0000000000000000
0.0000000000000000
0.0000000000000000
0.0000000000000000
0.0000000000000000
0.0000000000000000
0.0000000000000000
0.0000000000000000
0.0000000000000000
0.0000000000000000
0.0000000000000000
0.0000000000000000
0.0000000000000000
0.0000000000000000
0.0000000000000000
0.0000000000000000
0.0211051354731123
0.0624044839071974
0.0945266044406607
0.1147354967789429
0.1222117198819076
0.1169955605240940
0.1000012091289559
0.0730214099053137
0.0000000000000000
0.0000000000000000
0.0000000000000000
0.0000000000000000
0.0000000000000000
0.0000000000000000
0.0000000000000000
0.0000000000000000
0.0000000000000000
0.0000000000000000
0.0000000000000000
0.0000000000000000
0.0000000000000000
0.0000000000000000
0.0000000000000000
0.0000000000000000
0.0206528291794580
0.0622707816466416
0.0946185405237431
0.1149888826930781
0.1225883972553116
0.1174649030511824
0.1005337999016335
0.0735873069380955
0.0000000000000000
0.0000000000000000
0.0000000000000000
0.0000000000000000
0.0000000000000000
0.0000000000000000
0.0000000000000000
0.0000000000000000
0.0000000000000000
0.0000000000000000
0.0000000000000000
0.0000000000000000
0.0000000000000000
0.0000000000000000
0.0000000000000000
0.0000000000000000
0.0201892027785963
0.0621406546580458
0.0947210411643244
0.1152550762839416
0.1229779919397002
0.1179461797490873
0.1010767926671878
0.0741618961008596
0.0000000000000000
0.0000000000000000
0.0000000000000000
0.0000000000000000
0.0000000000000000
0.0000000000000000
0.0000000000000000
0.0000000000000000
0.0000000000000000
0.0000000000000000
0.0000000000000000
0.0000000000000000
0.0000000000000000
0.0000000000000000
0.0000000000000000
0.0000000000000000
0.0197136338810282
0.0620136701876928
0.0948338050108373
0.1155337573516736
0.1233801345452782
0.1184389770345912
0.1016297475705414
0.0747447344635339
0.0000000000000000
0.0000000000000000
0.0000000000000000
0.0000000000000000
0.0000000000000000
0.0000000000000000
0.0000000000000000
0.0000000000000000
0.0000000000000000
0.0000000000000000
0.0000000000000000
0.0000000000000000
0.0000000000000000
0.0000000000000000
0.0000000000000000
0.0000000000000000
0.0192255246515465
0.0618893794792186
0.0949565185606133
0.1158245926125908
0.1237944414705789
0.1189428666029150
0.1021922102338818
0.0753353654075583
0.0000000000000000
0.0000000000000000
0.0000000000000000
0.0000000000000000
0.0000000000000000
0.0000000000000000
0.0000000000000000
0.0000000000000000
0.0000000000000000
0.0000000000000000
0.0000000000000000
0.0000000000000000
0.0000000000000000
0.0000000000000000
0.0000000000000000
0.0000000000000000
0.0187243154449914
0.0617673201089556
0.0950888570424355
0.1161272354755800
0.1242205138137538
0.1194574036325197
0.1027637094017228
0.0759333158958131
0.0000000000000000
0.0000000000000000
0.0000000000000000
0.0000000000000000
0.0000000000000000
0.0000000000000000
0.0000000000000000
0.0000000000000000
0.0000000000000000
0.0000000000000000
0.0000000000000000
0.0000000000000000
0.0000000000000000
0.0000000000000000
0.0000000000000000
0.0000000000000000
0.0182094997289098
0.0616470184039821
0.0952304854593900
0.1164413261579012
0.1246579367767550
0.1199821256315125
0.1033437553577767
0.0765380945676516
0.0000000000000000
0.0000000000000000
0.0000000000000000
0.0000000000000000
0.0000000000000000
0.0000000000000000
0.0000000000000000
0.0000000000000000
0.0000000000000000
0.0000000000000000
0.0000000000000000
0.0000000000000000
0.0000000000000000
0.0000000000000000
0.0000000000000000
0.0000000000000000
0.0176806394048798
0.0615279917020811
0.0953810600770102
0.1167664927065003
0.1251062803791429
0.1205165529079813
0.1039318401877144
0.0771491918441861
0.0000000000000000
0.0000000000000000
0.0000000000000000
0.0000000000000000
0.0000000000000000
0.0000000000000000
0.0000000000000000
0.0000000000000000
0.0000000000000000
0.0000000000000000
0.0000000000000000
0.0000000000000000
0.0000000000000000
0.0000000000000000
0.0000000000000000
0.0000000000000000
0.0171373794001663
0.0614097498133815
0.0955402301764294
0.1171023531063655
0.1255651018922686
0.1210601912691213
0.1045274406586731
0.0777660828586879
0.0000000000000000
0.0000000000000000
0.0000000000000000
0.0000000000000000
0.0000000000000000
0.0000000000000000
0.0000000000000000
0.0000000000000000
0.0000000000000000
0.0000000000000000
0.0000000000000000
0.0000000000000000
0.0000000000000000
0.0000000000000000
0.0000000000000000
0.0000000000000000
0.0165794606726150
0.0612917948161879
0.0957076393384991
0.1174485178181182
0.1260339494742041
0.1216125365656495
0.1051300234376640
0.0783882331077145
0.0000000000000000
0.0000000000000000
0.0000000000000000
0.0000000000000000
0.0000000000000000
0.0000000000000000
0.0000000000000000
0.0000000000000000
0.0000000000000000
0.0000000000000000
0.0000000000000000
0.0000000000000000
0.0000000000000000
0.0000000000000000
0.0000000000000000
0.0000000000000000
0.0160067320950773
0.0611736185019890
0.0958829251813540
0.1178045914801079
0.1265123656002429
0.1221730796075587
0.1057390512066987
0.0790151053737117
0.0000000000000000
0.0000000000000000
0.0000000000000000
0.0000000000000000
0.0000000000000000
0.0000000000000000
0.0000000000000000
0.0000000000000000
0.0000000000000000
0.0000000000000000
0.0000000000000000
0.0000000000000000
0.0000000000000000
0.0000000000000000
0.0000000000000000
0.0000000000000000
0.0154191629045783
0.0610546977423801
0.0960657169815463
0.1181701726319825
0.1269998887766765
0.1227413096852382
0.1063539876922409
0.0796461659046051
0.0000000000000000
0.0000000000000000
0.0000000000000000
0.0000000000000000
0.0000000000000000
0.0000000000000000
0.0000000000000000
0.0000000000000000
0.0000000000000000
0.0000000000000000
0.0000000000000000
0.0000000000000000
0.0000000000000000
0.0000000000000000
0.0000000000000000
0.0000000000000000
0.0148168580687358
0.0609344888525028
0.0962556315326741
0.1185448512984060
0.1274960529229585
0.1233167156930844
0.1069743003588682
0.0802808883393413
0.0000000000000000
0.0000000000000000
0.0000000000000000
0.0000000000000000
0.0000000000000000
0.0000000000000000
0.0000000000000000
0.0000000000000000
0.0000000000000000
0.0000000000000000
0.0000000000000000
0.0000000000000000
0.0000000000000000
0.0000000000000000
0.0000000000000000
0.0000000000000000
0.0142000781053587
0.0608124225337781
0.0964522685432281
0.1189282054652388
0.1280003851766716
0.1238987853207407
0.1075994608872981
0.0809187552886988
0.0000000000000000
0.0000000000000000
0.0000000000000000
0.0000000000000000
0.0000000000000000
0.0000000000000000
0.0000000000000000
0.0000000000000000
0.0000000000000000
0.0000000000000000
0.0000000000000000
0.0000000000000000
0.0000000000000000
0.0000000000000000
0.0000000000000000
0.0000000000000000
0.0135692634397706
0.0606879005261147
0.0966552071584235
0.1193197981340405
0.1285124037545873
0.1244870038085410
0.1082289447994499
0.0815592586825581
0.0000000000000000
0.0000000000000000
0.0000000000000000
0.0000000000000000
0.0000000000000000
0.0000000000000000
0.0000000000000000
0.0000000000000000
0.0000000000000000
0.0000000000000000
0.0000000000000000
0.0000000000000000
0.0000000000000000
0.0000000000000000
0.0000000000000000
0.0000000000000000
0.0129250621314664
0.0605602943132449
0.0968640045433019
0.1197191762297052
0.1290316172964791
0.1250808537360112
0.1088622316319450
0.0822019002552384
0.0000000000000000
0.0000000000000000
0.0000000000000000
0.0000000000000000
0.0000000000000000
0.0000000000000000
0.0000000000000000
0.0000000000000000
0.0000000000000000
0.0000000000000000
0.0000000000000000
0.0000000000000000
0.0000000000000000
0.0000000000000000
0.0000000000000000
0.0000000000000000
0.0122683596595688
0.0604289454538570
0.0970781965653705
0.1201258715746215
0.1295575260370915
0.1256798162840123
0.1094988061900385
0.0828461926872221
0.0000000000000000
0.0000000000000000
0.0000000000000000
0.0000000000000000
0.0000000000000000
0.0000000000000000
0.0000000000000000
0.0000000000000000
0.0000000000000000
0.0000000000000000
0.0000000000000000
0.0000000000000000
0.0000000000000000
0.0000000000000000
0.0000000000000000
0.0000000000000000
0.0116003100203754
0.0602931669121328
0.0972972997775978
0.1205394031563168
0.1300896240675537
0.1262833733084628
0.1101381603052191
0.0834916609941992
0.0000000000000000
0.0000000000000000
0.0000000000000000
0.0000000000000000
0.0000000000000000
0.0000000000000000
0.0000000000000000
0.0000000000000000
0.0000000000000000
0.0000000000000000
0.0000000000000000
0.0000000000000000
0.0000000000000000
0.0000000000000000
0.0000000000000000
0.0000000000000000
0.0109223680200676
0.0601522448901389
0.0975208138387522
0.1209592796080207
0.1306274015794197
0.1268910091591379
0.1107797941391951
0.0841378432736097
0.0000000000000000
0.0000000000000000
0.0000000000000000
0.0000000000000000
0.0000000000000000
0.0000000000000000
0.0000000000000000
0.0000000000000000
0.0000000000000000
0.0000000000000000
0.0000000000000000
0.0000000000000000
0.0000000000000000
0.0000000000000000
0.0000000000000000
0.0000000000000000
0.0102363222749352
0.0600054410191661
0.0977482237957829
0.1213850012503234
0.1311703464189605
0.1275022116353110
0.1114232164944464
0.0847842904278970
0.0000000000000000
0.0000000000000000
0.0000000000000000
0.0000000000000000
0.0000000000000000
0.0000000000000000
0.0000000000000000
0.0000000000000000
0.0000000000000000
0.0000000000000000
0.0000000000000000
0.0000000000000000
