0.0000000000000000
0.0000000000000000
0.0000000000000000
0.0000000000000000
0.0000000000000000
0.0000000000000000
0.0000000000000000
0.0000000000000000
0.0000000000000000
0.0353942344860817
0.0388921292834554
0.0815255757648811
0.1169725595112464
0.1415641079332643
0.1520764936646531
0.1454083759395134
0.1173045815576342
0.0582959988086911
0.0000000000000000
0.0000000000000000
0.0000000000000000
0.0000000000000000
0.0000000000000000
0.0000000000000000
0.0000000000000000
0.0000000000000000
0.0000000000000000
0.0000000000000000
0.0000000000000000
0.0000000000000000
0.0000000000000000
0.0000000000000000
0.0000000000000000
0.0353571927838935
0.0386202824815609
0.0813187234812885
0.1168547940152817
0.1415509428743264
0.1521739275150507
0.1456114166055703
0.1175928511019797
0.0586019384580523
0.0000000000000000
0.0000000000000000
0.0000000000000000
0.0000000000000000
0.0000000000000000
0.0000000000000000
0.0000000000000000
0.0000000000000000
0.0000000000000000
0.0000000000000000
0.0000000000000000
0.0000000000000000
0.0000000000000000
0.0000000000000000
0.0000000000000000
0.0353182590960506
0.0383587347371136
0.0811229518645485
0.1167481109446981
0.1415477751214607
0.1522787100991993
0.1458165362225133
0.1178722161712050
0.0588730342882657
0.0000000000000000
0.0000000000000000
0.0000000000000000
0.0000000000000000
0.0000000000000000
0.0000000000000000
0.0000000000000000
0.0000000000000000
0.0000000000000000
0.0000000000000000
0.0000000000000000
0.0000000000000000
0.0000000000000000
0.0000000000000000
0.0000000000000000
0.0352774433034084
0.0381077231963694
0.0809384244081781
0.1166525829293398
0.1415545770211738
0.1523907125387010
0.1460235123145706
0.1181423724726201
0.0591088290223660
0.0000000000000000
0.0000000000000000
0.0000000000000000
0.0000000000000000
0.0000000000000000
0.0000000000000000
0.0000000000000000
0.0000000000000000
0.0000000000000000
0.0000000000000000
0.0000000000000000
0.0000000000000000
0.0000000000000000
0.0000000000000000
0.0000000000000000
0.0352347544077335
0.0378674728659954
0.0807652907742280
0.1165682678947308
0.1415713060425307
0.1525097911718119
0.1462321064183098
0.1184029910591310
0.0593088115730724
0.0000000000000000
0.0000000000000000
0.0000000000000000
0.0000000000000000
0.0000000000000000
0.0000000000000000
0.0000000000000000
0.0000000000000000
0.0000000000000000
0.0000000000000000
0.0000000000000000
0.0000000000000000
0.0000000000000000
0.0000000000000000
0.0000000000000000
0.0351902006047836
0.0376381983104474
0.0806036883936243
0.1164952103825052
0.1415979057051729
0.1526357879458559
0.1464420637499226
0.1186537168750527
0.0594724132307736
0.0000000000000000
0.0000000000000000
0.0000000000000000
0.0000000000000000
0.0000000000000000
0.0000000000000000
0.0000000000000000
0.0000000000000000
0.0000000000000000
0.0000000000000000
0.0000000000000000
0.0000000000000000
0.0000000000000000
0.0000000000000000
0.0000000000000000
0.0351437893190147
0.0374201045134786
0.0804537432717661
0.1164334422755889
0.1416343061335762
0.1527685307194810
0.1466531131400269
0.1188941680599050
0.0595990054323322
0.0000000000000000
0.0000000000000000
0.0000000000000000
0.0000000000000000
0.0000000000000000
0.0000000000000000
0.0000000000000000
0.0000000000000000
0.0000000000000000
0.0000000000000000
0.0000000000000000
0.0000000000000000
0.0000000000000000
0.0000000000000000
0.0000000000000000
0.0350955272137236
0.0372133869627262
0.0803155701478913
0.1163829829684503
0.1416804242402218
0.1529078334397154
0.1468649671479880
0.1191239358184656
0.0596878989942726
0.0000000000000000
0.0000000000000000
0.0000000000000000
0.0000000000000000
0.0000000000000000
0.0000000000000000
0.0000000000000000
0.0000000000000000
0.0000000000000000
0.0000000000000000
0.0000000000000000
0.0000000000000000
0.0000000000000000
0.0000000000000000
0.0000000000000000
0.0350454201953162
0.0370182312611001
0.0801892721461076
0.1163438391405359
0.1417361636286857
0.1530534961743971
0.1470773222200358
0.1193425846519107
0.0597383443255753
0.0000000000000000
0.0000000000000000
0.0000000000000000
0.0000000000000000
0.0000000000000000
0.0000000000000000
0.0000000000000000
0.0000000000000000
0.0000000000000000
0.0000000000000000
0.0000000000000000
0.0000000000000000
0.0000000000000000
0.0000000000000000
0.0000000000000000
0.0349934734328928
0.0368351545491640
0.0800749402607469
0.1163160043386929
0.1418014143217007
0.1532053050248554
0.1472898588026821
0.1195496526097741
0.0597495321219093
0.0000000000000000
0.0000000000000000
0.0000000000000000
0.0000000000000000
0.0000000000000000
0.0000000000000000
0.0000000000000000
0.0000000000000000
0.0000000000000000
0.0000000000000000
0.0000000000000000
0.0000000000000000
0.0000000000000000
0.0000000000000000
0.0000000000000000
0.0349396914104740
0.0367948687087412
0.0799726529734709
0.1162994586747759
0.1418760525344857
0.1533630319774579
0.1475022412775698
0.1197446512781836
0.0597205937704691
0.0000000000000000
0.0000000000000000
0.0000000000000000
0.0000000000000000
0.0000000000000000
0.0000000000000000
0.0000000000000000
0.0000000000000000
0.0000000000000000
0.0000000000000000
0.0000000000000000
0.0000000000000000
0.0000000000000000
0.0000000000000000
0.0000000000000000
0.0348840780322283
0.0367525553801878
0.0798824764055161
0.1162941689032643
0.1419599406622764
0.1535264347679255
0.1477141176553076
0.1199270651299306
0.0596506008258069
0.0000000000000000
0.0000000000000000
0.0000000000000000
0.0000000000000000
0.0000000000000000
0.0000000000000000
0.0000000000000000
0.0000000000000000
0.0000000000000000
0.0000000000000000
0.0000000000000000
0.0000000000000000
0.0000000000000000
0.0000000000000000
0.0000000000000000
0.0348266367867683
0.0367082063379405
0.0798044651551180
0.1163000890612029
0.1420529275998010
0.1536952567942121
0.1479251189821290
0.1200963501815083
0.0595385632860406
0.0000000000000000
0.0000000000000000
0.0000000000000000
0.0000000000000000
0.0000000000000000
0.0000000000000000
0.0000000000000000
0.0000000000000000
0.0000000000000000
0.0000000000000000
0.0000000000000000
0.0000000000000000
0.0000000000000000
0.0000000000000000
0.0000000000000000
0.0347673709764073
0.0366618132247125
0.0797386637219530
0.1163171615138016
0.1421548492925762
0.1538692270437182
0.1481348585094755
0.1202519320744295
0.0593834271973253
0.0000000000000000
0.0000000000000000
0.0000000000000000
0.0000000000000000
0.0000000000000000
0.0000000000000000
0.0000000000000000
0.0000000000000000
0.0000000000000000
0.0000000000000000
0.0000000000000000
0.0000000000000000
0.0000000000000000
0.0000000000000000
0.0000000000000000
0.0347062840048328
0.0366133677530505
0.0796851081474934
0.1163453181516422
0.1422655293098452
0.1540480599328590
0.1483429306941727
0.1203932039597387
0.0591840723914707
0.0000000000000000
0.0000000000000000
0.0000000000000000
0.0000000000000000
0.0000000000000000
0.0000000000000000
0.0000000000000000
0.0000000000000000
0.0000000000000000
0.0000000000000000
0.0000000000000000
0.0000000000000000
0.0000000000000000
0.0000000000000000
0.0000000000000000
0.0346433797183774
0.0365628619540263
0.0796438275594726
0.1163844814276080
0.1423847792640474
0.1542314550186357
0.1485489101397637
0.1205195244690554
0.0589393111650369
0.0000000000000000
0.0000000000000000
0.0000000000000000
0.0000000000000000
0.0000000000000000
0.0000000000000000
0.0000000000000000
0.0000000000000000
0.0000000000000000
0.0000000000000000
0.0000000000000000
0.0000000000000000
0.0000000000000000
0.0000000000000000
0.0000000000000000
0.0345786627673019
0.0365102884516396
0.0796148454913345
0.1164345652532856
0.1425123991485957
0.1544190967169117
0.1487523506540213
0.1206302159350240
0.0586478877118615
0.0000000000000000
0.0000000000000000
0.0000000000000000
0.0000000000000000
0.0000000000000000
0.0000000000000000
0.0000000000000000
0.0000000000000000
0.0000000000000000
0.0000000000000000
0.0000000000000000
0.0000000000000000
0.0000000000000000
0.0000000000000000
0.0000000000000000
0.0345121389111242
0.0364556406960836
0.0795981811065654
0.1164954759148637
0.1426481778716984
0.1546106543704428
0.1489527847514663
0.1207245629318847
0.0583084778176996
0.0000000000000000
0.0000000000000000
0.0000000000000000
0.0000000000000000
0.0000000000000000
0.0000000000000000
0.0000000000000000
0.0000000000000000
0.0000000000000000
0.0000000000000000
0.0000000000000000
0.0000000000000000
0.0000000000000000
0.0000000000000000
0.0000000000000000
0.0344438151488822
0.0363989130609569
0.0795938502024699
0.1165671131005314
0.1427918942018760
0.1548057830028105
0.1491497239748832
0.1208018114404275
0.0579196884499127
0.0000000000000000
0.0000000000000000
0.0000000000000000
0.0000000000000000
0.0000000000000000
0.0000000000000000
0.0000000000000000
0.0000000000000000
0.0000000000000000
0.0000000000000000
0.0000000000000000
0.0000000000000000
0.0000000000000000
0.0000000000000000
0.0000000000000000
0.0343736995728298
0.0363401007335379
0.0796018655637703
0.1166493706676811
0.1429433179488799
0.1550041247862340
0.1493426603196851
0.1208611691226096
0.0574800583098305
0.0000000000000000
0.0000000000000000
0.0000000000000000
0.0000000000000000
0.0000000000000000
0.0000000000000000
0.0000000000000000
0.0000000000000000
0.0000000000000000
0.0000000000000000
0.0000000000000000
0.0000000000000000
0.0000000000000000
0.0000000000000000
0.0000000000000000
0.0343018009351585
0.0362791994162752
0.0796222357796550
0.1167421363883350
0.1431022107110573
0.1552053107658564
0.1495310686323213
0.1209018073464044
0.0569880616023008
0.0000000000000000
0.0000000000000000
0.0000000000000000
0.0000000000000000
0.0000000000000000
0.0000000000000000
0.0000000000000000
0.0000000000000000
0.0000000000000000
0.0000000000000000
0.0000000000000000
0.0000000000000000
0.0000000000000000
0.0000000000000000
0.0000000000000000
0.0342281280570246
0.0362162049611214
0.0796549619310505
0.1168452898964061
0.1432683253973557
0.1554089620866012
0.1497144094959070
0.1209228651071110
0.0564421174945667
0.0000000000000000
0.0000000000000000
0.0000000000000000
0.0000000000000000
0.0000000000000000
0.0000000000000000
0.0000000000000000
0.0000000000000000
0.0000000000000000
0.0000000000000000
0.0000000000000000
0.0000000000000000
0.0000000000000000
0.0000000000000000
0.0000000000000000
0.0341526892841457
0.0361511131057262
0.0797000322331365
0.1169586987536317
0.1434414041379281
0.1556146901405988
0.1498921319089379
0.1209234544579790
0.0558406061088829
0.0000000000000000
0.0000000000000000
0.0000000000000000
0.0000000000000000
0.0000000000000000
0.0000000000000000
0.0000000000000000
0.0000000000000000
0.0000000000000000
0.0000000000000000
0.0000000000000000
0.0000000000000000
0.0000000000000000
0.0000000000000000
0.0000000000000000
0.0340754921640728
0.0360839194184678
0.0797574157106583
0.1170822133794266
0.1436211750477565
0.1558220956535540
0.1500636753007979
0.1209026663534987
0.0551818894924599
0.0000000000000000
0.0000000000000000
0.0000000000000000
0.0000000000000000
0.0000000000000000
0.0000000000000000
0.0000000000000000
0.0000000000000000
0.0000000000000000
0.0000000000000000
0.0000000000000000
0.0000000000000000
0.0000000000000000
0.0000000000000000
0.0000000000000000
0.0339965433716314
0.0360146194319107
0.0798270564641479
0.1172156623068004
0.1438073489249866
0.1560307673641062
0.1502284708376811
0.1208595757014931
0.0544643338925787
0.0000000000000000
0.0000000000000000
0.0000000000000000
0.0000000000000000
0.0000000000000000
0.0000000000000000
0.0000000000000000
0.0000000000000000
0.0000000000000000
0.0000000000000000
0.0000000000000000
0.0000000000000000
0.0000000000000000
0.0000000000000000
0.0000000000000000
0.0339158487748280
0.0359432088309139
0.0799088698958291
0.1173588490421269
0.1439996170984291
0.1562402811686195
0.1503859423009540
0.1207932446677638
0.0536863298473900
0.0000000000000000
0.0000000000000000
0.0000000000000000
0.0000000000000000
0.0000000000000000
0.0000000000000000
0.0000000000000000
0.0000000000000000
0.0000000000000000
0.0000000000000000
0.0000000000000000
0.0000000000000000
0.0000000000000000
0.0000000000000000
0.0000000000000000
0.0338334134852488
0.0358696835538879
0.0800027414004570
0.1175115511706625
0.1441976510118141
0.1564502002751708
0.1505355068530917
0.1207027239166236
0.0528463082168890
0.0000000000000000
0.0000000000000000
0.0000000000000000
0.0000000000000000
0.0000000000000000
0.0000000000000000
0.0000000000000000
0.0000000000000000
0.0000000000000000
0.0000000000000000
0.0000000000000000
0.0000000000000000
0.0000000000000000
0.0000000000000000
0.0000000000000000
0.0337492418158937
0.0357940397516882
0.0801085272332677
0.1176735214076682
0.1444011033839675
0.1566600762938515
0.1506765757473543
0.1205870520166833
0.0519427531912906
0.0000000000000000
0.0000000000000000
0.0000000000000000
0.0000000000000000
0.0000000000000000
0.0000000000000000
0.0000000000000000
0.0000000000000000
0.0000000000000000
0.0000000000000000
0.0000000000000000
0.0000000000000000
0.0000000000000000
0.0000000000000000
0.0000000000000000
0.0336633371827730
0.0357556090541088
0.0802260566797591
0.1178444898136771
0.1446096102209062
0.1568694507543605
0.1508085548387686
0.1204452535740465
0.0509742148841795
0.0000000000000000
0.0000000000000000
0.0000000000000000
0.0000000000000000
0.0000000000000000
0.0000000000000000
0.0000000000000000
0.0000000000000000
0.0000000000000000
0.0000000000000000
0.0000000000000000
0.0000000000000000
0.0000000000000000
0.0000000000000000
0.0000000000000000
0.0335757020486165
0.0358314784006624
0.0803551348090437
0.1180241663720732
0.1448227929745777
0.1570778565100534
0.1509308447096021
0.1202763366661712
0.0499393245083439
0.0000000000000000
0.0000000000000000
0.0000000000000000
0.0000000000000000
0.0000000000000000
0.0000000000000000
0.0000000000000000
0.0000000000000000
0.0000000000000000
0.0000000000000000
0.0000000000000000
0.0000000000000000
0.0000000000000000
0.0000000000000000
0.0000000000000000
0.0334863379699943
0.0359205523323510
0.0804955452748171
0.1182122434973069
0.1450402604659202
0.1572848187957938
0.1510428404037645
0.1200792899712454
0.0488368140947717
0.0000000000000000
0.0000000000000000
0.0000000000000000
0.0000000000000000
0.0000000000000000
0.0000000000000000
