0.0000000000000000
0.0000000000000000
0.0000000000000000
0.0000000000000000
0.0878720173845541
0.1438491149882796
0.1552806867154378
0.1426949463944319
0.1149129511443944
0.0775481066839688
0.0000000000000000
0.0000000000000000
0.0352070700101516
0.0317081683606691
0.0267566807281986
0.0206231126980016
0.0135619815133451
0.0056145952931707
0.0000000000000000
0.0000000000000000
0.0000000000000000
0.0000000000000000
0.0000000000000000
0.0000000000000000
0.0000000000000000
0.0000000000000000
0.0000000000000000
0.0000000000000000
0.0866903535008417
0.1434580857194041
0.1552198053180054
0.1428003498342149
0.1151066642385984
0.0777787876497961
0.0000000000000000
0.0000000000000000
0.0352108887544599
0.0317217703364286
0.0267770204777053
0.0206468305245815
0.0135858186950802
0.0056355285971613
0.0000000000000000
0.0000000000000000
0.0000000000000000
0.0000000000000000
0.0000000000000000
0.0000000000000000
0.0000000000000000
0.0000000000000000
0.0000000000000000
0.0000000000000000
0.0854587944514792
0.1430468485916785
0.1551468017114591
0.1428950428030311
0.1152889593336856
0.0779966602723904
0.0000000000000000
0.0000000000000000
0.0352123368732985
0.0317327135755476
0.0267943664019780
0.0206671674728190
0.0136057731366381
0.0056517599319332
0.0000000000000000
0.0000000000000000
0.0000000000000000
0.0000000000000000
0.0000000000000000
0.0000000000000000
0.0000000000000000
0.0000000000000000
0.0000000000000000
0.0000000000000000
0.0841768818152076
0.1426151909571473
0.1550614973565297
0.1429787987584689
0.1154595751888445
0.0782014573931726
0.0000000000000000
0.0000000000000000
0.0352113893064981
0.0317409657158697
0.0268086819426745
0.0206840861802422
0.0136218102039210
0.0056632583973707
0.0000000000000000
0.0000000000000000
0.0000000000000000
0.0000000000000000
0.0000000000000000
0.0000000000000000
0.0000000000000000
0.0000000000000000
0.0000000000000000
0.0000000000000000
0.0828441628332261
0.1421628905321490
0.1549637116537051
0.1430513927167665
0.1156182553916767
0.0783929198382552
0.0000000000000000
0.0000000000000000
0.0352080209884212
0.0317464948127956
0.0268199313982858
0.0206975505387648
0.0136338967322324
0.0056699948019711
0.0000000000000000
0.0000000000000000
0.0000000000000000
0.0000000000000000
0.0000000000000000
0.0000000000000000
0.0000000000000000
0.0000000000000000
0.0000000000000000
0.0000000000000000
0.0814602004580755
0.1416897165551951
0.1548532619309189
0.1431126005045657
0.1157647471445853
0.0785707948819999
0.0000000000000000
0.0000000000000000
0.0352022067479396
0.0317492691839101
0.0268280797167663
0.0207075254466249
0.0136420007327395
0.0056719412947690
0.0000000000000000
0.0000000000000000
0.0000000000000000
0.0000000000000000
0.0000000000000000
0.0000000000000000
0.0000000000000000
0.0000000000000000
0.0000000000000000
0.0000000000000000
0.0800245829281495
0.1411954305284806
0.1547299635388691
0.1431621984680907
0.1158988006937992
0.0787348355244592
0.0000000000000000
0.0000000000000000
0.0351939212671740
0.0317492573417582
0.0268330924067068
0.0207139766934487
0.0136460912531224
0.0056690711742743
0.0000000000000000
0.0000000000000000
0.0000000000000000
0.0000000000000000
0.0000000000000000
0.0000000000000000
0.0000000000000000
0.0000000000000000
0.0000000000000000
0.0000000000000000
0.0785369332867833
0.1406797866352872
0.1545936300486389
0.1431999635489228
0.1160201693590759
0.0788848004531535
0.0000000000000000
0.0000000000000000
0.0351831390960628
0.0317464280079655
0.0268349355460024
0.0207168709662568
0.0136461383689691
0.0056613588661298
0.0000000000000000
0.0000000000000000
0.0000000000000000
0.0000000000000000
0.0000000000000000
0.0000000000000000
0.0000000000000000
0.0000000000000000
0.0000000000000000
0.0000000000000000
0.0769969195048501
0.1401425319990060
0.1544440735557736
0.1432256736562085
0.1161286099451087
0.0790204545029414
0.0000000000000000
0.0000000000000000
0.0351698347107512
0.0317407501844520
0.0268335758659804
0.0207161759366413
0.0136421132757011
0.0056487800193880
0.0000000000000000
0.0000000000000000
0.0000000000000000
0.0000000000000000
0.0000000000000000
0.0000000000000000
0.0000000000000000
0.0000000000000000
0.0000000000000000
0.0000000000000000
0.0754042661721529
0.1395834070339737
0.1542811050888335
0.1432391081764839
0.1162238833621466
0.0791415693199948
0.0000000000000000
0.0000000000000000
0.0351539825991302
0.0317321932585962
0.0268289808687350
0.0207118603911007
0.0136339884176130
0.0056313116661201
0.0000000000000000
0.0000000000000000
0.0000000000000000
0.0000000000000000
0.0000000000000000
0.0000000000000000
0.0000000000000000
0.0000000000000000
0.0000000000000000
0.0000000000000000
0.0737587685532142
0.1390021461105013
0.1541045351088232
0.1432400484681558
0.1163057551406256
0.0792479239177773
0.0000000000000000
0.0000000000000000
0.0351355573475665
0.0317207270969587
0.0268211189286077
0.0207038943322163
0.0136217375939413
0.0056089323581057
0.0000000000000000
0.0000000000000000
0.0000000000000000
0.0000000000000000
0.0000000000000000
0.0000000000000000
0.0000000000000000
0.0000000000000000
0.0000000000000000
0.0000000000000000
0.0720603101542189
0.1383984788113569
0.1539141740885552
0.1432282781554254
0.1163739955853770
0.0793393047289316
0.0000000000000000
0.0000000000000000
0.0351145337062230
0.0317063220958517
0.0268099593259401
0.0206922490021939
0.0136053359637767
0.0055816222089379
0.0000000000000000
0.0000000000000000
0.0000000000000000
0.0000000000000000
0.0000000000000000
0.0000000000000000
0.0000000000000000
0.0000000000000000
0.0000000000000000
0.0000000000000000
0.0703088844536839
0.1377721319736586
0.1537098331805332
0.1432035831348304
0.1164283793951487
0.0794155050210220
0.0000000000000000
0.0000000000000000
0.0175454432016499
0.0316889491679321
0.0267954721978249
0.0206768967989402
0.0135847599369828
0.0055493628129767
0.0000000000000000
0.0000000000000000
0.0000000000000000
0.0000000000000000
0.0000000000000000
0.0000000000000000
0.0000000000000000
0.0000000000000000
0.0000000000000000
0.0000000000000000
0.0685046213505501
0.1371228326341800
0.1534913250309294
0.1431657513464034
0.1164686848419378
0.0794763237160900
0.0000000000000000
0.0000000000000000
0.0175322955085577
0.0316685796894192
0.0267776284273985
0.0206578111248311
0.0135599869845136
0.0055121371021147
0.0000000000000000
0.0000000000000000
0.0000000000000000
0.0000000000000000
0.0000000000000000
0.0000000000000000
0.0000000000000000
0.0000000000000000
0.0000000000000000
0.0000000000000000
0.0666478183729817
0.1364503118703530
0.1532584648472276
0.1431145725303506
0.1164946927809770
0.0795215640244578
0.0000000000000000
0.0000000000000000
0.0175178113613223
0.0316451854545789
0.0267563995411194
0.0206349662376331
0.0135309954585719
0.0054699292316355
0.0000000000000000
0.0000000000000000
0.0000000000000000
0.0000000000000000
0.0000000000000000
0.0000000000000000
0.0000000000000000
0.0000000000000000
0.0000000000000000
0.0000000000000000
0.0647389766307404
0.1357543095367455
0.1530110718150280
0.1430498381586462
0.1165061858180390
0.0795510322014605
0.0000000000000000
0.0000000000000000
0.0175019786082464
0.0316187386787006
0.0267317576539398
0.0206083371614011
0.0134977644788579
0.0054227245763240
0.0000000000000000
0.0000000000000000
0.0000000000000000
0.0000000000000000
0.0000000000000000
0.0000000000000000
0.0000000000000000
0.0000000000000000
0.0000000000000000
0.0000000000000000
0.0627788408144468
0.1350345795866498
0.1527489708164080
0.1429713416342255
0.1165029477149712
0.0795645365928225
0.0000000000000000
0.0000000000000000
0.0174847853079804
0.0315892120427404
0.0267036754648672
0.0205778996445820
0.0134602738703468
0.0053705097937046
0.0000000000000000
0.0000000000000000
0.0000000000000000
0.0000000000000000
0.0000000000000000
0.0000000000000000
0.0000000000000000
0.0000000000000000
0.0000000000000000
0.0000000000000000
0.0607684412523636
0.1342908952539624
0.1524719941461613
0.1428788786046925
0.1164847630201236
0.0795618868793712
0.0000000000000000
0.0000000000000000
0.0174662197776616
0.0315565787297811
0.0266721262425923
0.0205436301081237
0.0134185040695927
0.0053132728623433
0.0000000000000000
0.0000000000000000
0.0000000000000000
0.0000000000000000
0.0000000000000000
0.0000000000000000
0.0000000000000000
0.0000000000000000
0.0000000000000000
0.0000000000000000
0.0587091341997518
0.1335230526850499
0.1521799827151535
0.1427722472552678
0.1164514168528983
0.0795428935575052
0.0000000000000000
0.0000000000000000
0.0174462706037525
0.0315208124066177
0.0266370837647866
0.0205055055347161
0.0133724359566805
0.0052510030208191
0.0000000000000000
0.0000000000000000
0.0000000000000000
0.0000000000000000
0.0000000000000000
0.0000000000000000
0.0000000000000000
0.0000000000000000
0.0000000000000000
0.0000000000000000
0.0566026363527834
0.1327308714926610
0.1518727862862235
0.1426512485754938
0.1164026951541408
0.0795073680269163
0.0000000000000000
0.0000000000000000
0.0174249266119865
0.0314818871682485
0.0265985222502637
0.0204635033698280
0.0133220506804257
0.0051836907122186
0.0000000000000000
0.0000000000000000
0.0000000000000000
0.0000000000000000
0.0000000000000000
0.0000000000000000
0.0000000000000000
0.0000000000000000
0.0000000000000000
0.0000000000000000
0.0544510515322196
0.1319141915600772
0.1515502626997343
0.1425156869218159
0.1163383859114178
0.0794551240430667
0.0000000000000000
0.0000000000000000
0.0174021768337320
0.0314397775537001
0.0265564164244680
0.0204176015945821
0.0132673296959357
0.0051113277997355
0.0000000000000000
0.0000000000000000
0.0000000000000000
0.0000000000000000
0.0000000000000000
0.0000000000000000
0.0000000000000000
0.0000000000000000
0.0000000000000000
0.0000000000000000
0.0522568921992537
0.1310728668891972
0.1512122766021970
0.1423653713204338
0.1162582818941975
0.0793859811043749
0.0000000000000000
0.0000000000000000
0.0173780105350415
0.0313944587734000
0.0265107418769059
0.0203677791660464
0.0132082552265168
0.0050339083542220
0.0000000000000000
0.0000000000000000
0.0000000000000000
0.0000000000000000
0.0000000000000000
0.0000000000000000
0.0000000000000000
0.0000000000000000
0.0000000000000000
0.0000000000000000
0.0500231019105633
0.1302067587646253
0.1508586985144005
0.1422001177925005
0.1161621849189031
0.0792997698034967
0.0000000000000000
0.0000000000000000
0.0173524173569769
0.0313459072283870
0.0264614757741414
0.0203140168767398
0.0131448112310247
0.0049514301182286
0.0000000000000000
0.0000000000000000
0.0000000000000000
0.0000000000000000
0.0000000000000000
0.0000000000000000
0.0000000000000000
0.0000000000000000
0.0000000000000000
0.0000000000000000
0.0477530854362089
0.1293157305120383
0.1504894048524177
0.1420197524954855
0.1160499110062925
0.0791963381797837
0.0000000000000000
0.0000000000000000
0.0173253875628043
0.0312941012503231
0.0264085978167986
0.0202562984887772
0.0130769846874914
0.0048638964495799
0.0000000000000000
0.0000000000000000
0.0000000000000000
0.0000000000000000
0.0000000000000000
0.0000000000000000
0.0000000000000000
0.0000000000000000
0.0000000000000000
0.0000000000000000
0.0454507493057404
0.1283996449515062
0.1501042788548866
0.1418241150096479
0.1159212952800932
0.0790755576796105
0.0000000000000000
0.0000000000000000
0.0172969123203339
0.0312390218697591
0.0263520911831506
0.0201946118299471
0.0130047668299462
0.0047713182919677
0.0000000000000000
0.0000000000000000
0.0000000000000000
0.0000000000000000
0.0000000000000000
0.0000000000000000
0.0000000000000000
0.0000000000000000
0.0000000000000000
0.0000000000000000
0.0431205505517257
0.1274583637906585
0.1497032117326831
0.1416130608819549
0.1157761955241356
0.0789373273348516
0.0000000000000000
0.0000000000000000
0.0172669839245044
0.0311806533751835
0.0262919431903265
0.0201289495352947
0.0129281539657979
0.0046737157438838
0.0000000000000000
0.0000000000000000
0.0000000000000000
0.0000000000000000
0.0000000000000000
0.0000000000000000
0.0000000000000000
0.0000000000000000
0.0000000000000000
0.0000000000000000
0.0407675484097454
0.1264917473223424
0.1492861032042264
0.1413864628312982
0.1156144937721047
0.0787815755487429
0.0000000000000000
0.0000000000000000
0.0172355958908897
0.0311189835301371
0.0262281455242501
0.0200593092812357
0.0128471476974999
0.0045711190096526
0.0000000000000000
0.0000000000000000
0.0000000000000000
0.0000000000000000
0.0000000000000000
0.0000000000000000
0.0000000000000000
0.0000000000000000
0.0000000000000000
0.0000000000000000
0.0383974547847158
0.1254996532456986
0.1488528610352172
0.1411442105470388
0.1154360960846603
0.0786082596736987
0.0000000000000000
0.0000000000000000
0.0172027429175555
0.0310540034586703
0.0261606940788322
0.0199856935611788
0.0127617546192461
0.0044635688607091
0.0000000000000000
0.0000000000000000
0.0000000000000000
0.0000000000000000
0.0000000000000000
0.0000000000000000
0.0000000000000000
0.0000000000000000
0.0000000000000000
0.0000000000000000
0.0360166821537326
0.1244819347966246
0.1484033998549969
0.1408862095100507
0.1152409310689217
0.0784173641510770
0.0000000000000000
0.0000000000000000
0.0171684207664921
0.0309857073349247
0.0260895885607065
0.0199081092031039
0.0126719857232048
0.0043511169117496
0.0000000000000000
0.0000000000000000
0.0000000000000000
0.0000000000000000
0.0000000000000000
0.0000000000000000
0.0000000000000000
0.0000000000000000
0.0000000000000000
0.0000000000000000
0.0336323895932018
0.1234384392541995
0.1479376399054302
0.1406123794606767
0.1150289478596705
0.0782088980045712
0.0000000000000000
0.0000000000000000
0.0171326261309585
0.0309140920264610
0.0260148320423919
0.0198265668259530
0.0125778557491930
0.0042338260304741
0.0000000000000000
0.0000000000000000
0.0000000000000000
0.0000000000000000
0.0000000000000000
0.0000000000000000
0.0000000000000000
0.0000000000000000
0.0000000000000000
0.0000000000000000
0.0312525259498894
0.1223690078371260
0.1474555062331569
0.1403226529438194
0.1148001140490358
0.0779828922612226
0.0000000000000000
0.0000000000000000
0.0170953565283540
0.0308391567834143
0.0259364305557417
0.0197410803489590
0.0124793825996582
0.0041117710542272
0.0000000000000000
0.0000000000000000
0.0000000000000000
0.0000000000000000
0.0000000000000000
0.0000000000000000
