0.0000000000000000
0.0000000000000000
0.0000000000000000
0.0000000000000000
0.0255083941125616
0.0642142303575292
0.0942844182791326
0.1128720928109606
0.1190142185590607
0.1127276506624201
0.0949455315954083
0.0674892680232362
0.0000000000000000
0.0000000000000000
0.0000000000000000
0.0000000000000000
0.0000000000000000
0.0000000000000000
0.0000000000000000
0.0000000000000000
0.0000000000000000
0.0000000000000000
0.0000000000000000
0.0000000000000000
0.0000000000000000
0.0000000000000000
0.0000000000000000
0.0000000000000000
0.0251412583739520
0.0640186914293930
0.0942444412044638
0.1129672313644573
0.1192279256441051
0.1130415539530312
0.0953373211470683
0.0679324059990192
0.0000000000000000
0.0000000000000000
0.0000000000000000
0.0000000000000000
0.0000000000000000
0.0000000000000000
0.0000000000000000
0.0000000000000000
0.0000000000000000
0.0000000000000000
0.0000000000000000
0.0000000000000000
0.0000000000000000
0.0000000000000000
0.0000000000000000
0.0000000000000000
0.0247689655736140
0.0638300619196529
0.0942173603334011
0.1130778266572064
0.1194578148248061
0.1133712375277515
0.0957437680505533
0.0683886624667595
0.0000000000000000
0.0000000000000000
0.0000000000000000
0.0000000000000000
0.0000000000000000
0.0000000000000000
0.0000000000000000
0.0000000000000000
0.0000000000000000
0.0000000000000000
0.0000000000000000
0.0000000000000000
0.0000000000000000
0.0000000000000000
0.0000000000000000
0.0000000000000000
0.0243910886678051
0.0636481552948596
0.0942030443027769
0.1132037066066513
0.1197036492693437
0.1137164017799347
0.0961645240437537
0.0688576613202271
0.0000000000000000
0.0000000000000000
0.0000000000000000
0.0000000000000000
0.0000000000000000
0.0000000000000000
0.0000000000000000
0.0000000000000000
0.0000000000000000
0.0000000000000000
0.0000000000000000
0.0000000000000000
0.0000000000000000
0.0000000000000000
0.0000000000000000
0.0000000000000000
0.0240071646828332
0.0634727595115529
0.0942013434948549
0.1133446837226505
0.1199651790150183
0.1140767364598982
0.0965992329658211
0.0693390214085259
0.0000000000000000
0.0000000000000000
0.0000000000000000
0.0000000000000000
0.0000000000000000
0.0000000000000000
0.0000000000000000
0.0000000000000000
0.0000000000000000
0.0000000000000000
0.0000000000000000
0.0000000000000000
0.0000000000000000
0.0000000000000000
0.0000000000000000
0.0000000000000000
0.0236166979263004
0.0633036387242550
0.0942120915566591
0.1135005562368850
0.1202421416495635
0.1144519209159470
0.0970475306084629
0.0698323560448248
0.0000000000000000
0.0000000000000000
0.0000000000000000
0.0000000000000000
0.0000000000000000
0.0000000000000000
0.0000000000000000
0.0000000000000000
0.0000000000000000
0.0000000000000000
0.0000000000000000
0.0000000000000000
0.0000000000000000
0.0000000000000000
0.0000000000000000
0.0000000000000000
0.0232191627637558
0.0631405342957187
0.0942351064038707
0.1136711089115602
0.1205342629073673
0.1148416244749220
0.0975090448856137
0.0703372730223209
0.0000000000000000
0.0000000000000000
0.0000000000000000
0.0000000000000000
0.0000000000000000
0.0000000000000000
0.0000000000000000
0.0000000000000000
0.0000000000000000
0.0000000000000000
0.0000000000000000
0.0000000000000000
0.0000000000000000
0.0000000000000000
0.0000000000000000
0.0000000000000000
0.0228140061463290
0.0629831651889606
0.0942701907157282
0.1138561135194072
0.1208412571074677
0.1152455068417240
0.0979833962045492
0.0708533749230999
0.0000000000000000
0.0000000000000000
0.0000000000000000
0.0000000000000000
0.0000000000000000
0.0000000000000000
0.0000000000000000
0.0000000000000000
0.0000000000000000
0.0000000000000000
0.0000000000000000
0.0000000000000000
0.0000000000000000
0.0000000000000000
0.0000000000000000
0.0000000000000000
0.0224006501575622
0.0628312278728697
0.0943171320143546
0.1140553289790570
0.1211628273632622
0.1156632183840675
0.0984701978058939
0.0713802595269588
0.0000000000000000
0.0000000000000000
0.0000000000000000
0.0000000000000000
0.0000000000000000
0.0000000000000000
0.0000000000000000
0.0000000000000000
0.0000000000000000
0.0000000000000000
0.0000000000000000
0.0000000000000000
0.0000000000000000
0.0000000000000000
0.0000000000000000
0.0000000000000000
0.0219784949954768
0.0626843960130479
0.0943757024643167
0.1142685012337558
0.1214986655505532
0.1160944002014721
0.0989690559375481
0.0719175200423899
0.0000000000000000
0.0000000000000000
0.0000000000000000
0.0000000000000000
0.0000000000000000
0.0000000000000000
0.0000000000000000
0.0000000000000000
0.0000000000000000
0.0000000000000000
0.0000000000000000
0.0000000000000000
0.0000000000000000
0.0000000000000000
0.0000000000000000
0.0000000000000000
0.0215469227569746
0.0625423202369744
0.0944456586616924
0.1144953630098852
0.1218484520836257
0.1165386839389924
0.0994795696970009
0.0724647449915606
0.0000000000000000
0.0000000000000000
0.0000000000000000
0.0000000000000000
0.0000000000000000
0.0000000000000000
0.0000000000000000
0.0000000000000000
0.0000000000000000
0.0000000000000000
0.0000000000000000
0.0000000000000000
0.0000000000000000
0.0000000000000000
0.0000000000000000
0.0000000000000000
0.0211053025419480
0.0624046283449289
0.0945267416514447
0.1147356336474172
0.1222118555848897
0.1169956913202664
0.1000013304590771
0.0730215175369442
0.0000000000000000
0.0000000000000000
0.0000000000000000
0.0000000000000000
0.0000000000000000
0.0000000000000000
0.0000000000000000
0.0000000000000000
0.0000000000000000
0.0000000000000000
0.0000000000000000
0.0000000000000000
0.0000000000000000
0.0000000000000000
0.0000000000000000
0.0000000000000000
0.0206529971693249
0.0622709262023412
0.0946186774060903
0.1149890191259335
0.1225885325148229
0.1174650334249300
0.1005339208356510
0.0735874141972025
0.0000000000000000
0.0000000000000000
0.0000000000000000
0.0000000000000000
0.0000000000000000
0.0000000000000000
0.0000000000000000
0.0000000000000000
0.0000000000000000
0.0000000000000000
0.0000000000000000
0.0000000000000000
0.0000000000000000
0.0000000000000000
0.0000000000000000
0.0000000000000000
0.0201893717056727
0.0621407993396127
0.0947211777027388
0.1152552122598011
0.1229781267325030
0.1179463096763005
0.1010769131804316
0.0741620029624753
0.0000000000000000
0.0000000000000000
0.0000000000000000
0.0000000000000000
0.0000000000000000
0.0000000000000000
0.0000000000000000
0.0000000000000000
0.0000000000000000
0.0000000000000000
0.0000000000000000
0.0000000000000000
0.0000000000000000
0.0000000000000000
0.0000000000000000
0.0000000000000000
0.0197138037542451
0.0620138150034721
0.0948339411897363
0.1155338928490404
0.1233802688480300
0.1184391064910648
0.1016298676382500
0.0747448409026047
0.0000000000000000
0.0000000000000000
0.0000000000000000
0.0000000000000000
0.0000000000000000
0.0000000000000000
0.0000000000000000
0.0000000000000000
0.0000000000000000
0.0000000000000000
0.0000000000000000
0.0000000000000000
0.0000000000000000
0.0000000000000000
0.0000000000000000
0.0000000000000000
0.0192256954711462
0.0618895244379763
0.0949566543643131
0.1158247276098449
0.1237945752598336
0.1189429955643518
0.1021923298312082
0.0753354713989526
0.0000000000000000
0.0000000000000000
0.0000000000000000
0.0000000000000000
0.0000000000000000
0.0000000000000000
0.0000000000000000
0.0000000000000000
0.0000000000000000
0.0000000000000000
0.0000000000000000
0.0000000000000000
0.0000000000000000
0.0000000000000000
0.0000000000000000
0.0000000000000000
0.0187244872008889
0.0617674652198485
0.0950889924551382
0.1161273699509761
0.1242206470659659
0.1194575320745366
0.1027638285037419
0.0759334214143292
0.0000000000000000
0.0000000000000000
0.0000000000000000
0.0000000000000000
0.0000000000000000
0.0000000000000000
0.0000000000000000
0.0000000000000000
0.0000000000000000
0.0000000000000000
0.0000000000000000
0.0000000000000000
0.0000000000000000
0.0000000000000000
0.0000000000000000
0.0000000000000000
0.0182096723988407
0.0616471636765218
0.0952306204651702
0.1164414600895693
0.1246580694682849
0.1199822535296490
0.1033438739394946
0.0765381995880284
0.0000000000000000
0.0000000000000000
0.0000000000000000
0.0000000000000000
0.0000000000000000
0.0000000000000000
0.0000000000000000
0.0000000000000000
0.0000000000000000
0.0000000000000000
0.0000000000000000
0.0000000000000000
0.0000000000000000
0.0000000000000000
0.0000000000000000
0.0000000000000000
0.0176808129523213
0.0615281371460926
0.0953811946598015
0.1167666260724450
0.1251064124862626
0.1205166802377076
0.1039319582240777
0.0771492963411129
0.0000000000000000
0.0000000000000000
0.0000000000000000
0.0000000000000000
0.0000000000000000
0.0000000000000000
0.0000000000000000
0.0000000000000000
0.0000000000000000
0.0000000000000000
0.0000000000000000
0.0000000000000000
0.0000000000000000
0.0000000000000000
0.0000000000000000
0.0000000000000000
0.0171375537720237
0.0614098954389573
0.0955403643200082
0.1171024858844655
0.1255652333911668
0.1210603180058449
0.1045275581245767
0.0777661868068130
0.0000000000000000
0.0000000000000000
0.0000000000000000
0.0000000000000000
0.0000000000000000
0.0000000000000000
0.0000000000000000
0.0000000000000000
0.0000000000000000
0.0000000000000000
0.0000000000000000
0.0000000000000000
0.0000000000000000
0.0000000000000000
0.0000000000000000
0.0000000000000000
0.0165796357966616
0.0612919406336362
0.0957077730264657
0.1174486499861215
0.1260340803409873
0.1216126626847192
0.1051301403079565
0.0783883364816513
0.0000000000000000
0.0000000000000000
0.0000000000000000
0.0000000000000000
0.0000000000000000
0.0000000000000000
0.0000000000000000
0.0000000000000000
0.0000000000000000
0.0000000000000000
0.0000000000000000
0.0000000000000000
0.0000000000000000
0.0000000000000000
0.0000000000000000
0.0000000000000000
0.0160069078771406
0.0611737645217830
0.0958830583971105
0.1178047230156241
0.1265124958109338
0.1221732050842658
0.1057391674561846
0.0790152081480426
0.0000000000000000
0.0000000000000000
0.0000000000000000
0.0000000000000000
0.0000000000000000
0.0000000000000000
0.0000000000000000
0.0000000000000000
0.0000000000000000
0.0000000000000000
0.0000000000000000
0.0000000000000000
0.0000000000000000
0.0000000000000000
0.0000000000000000
0.0000000000000000
0.0154193392254578
0.0610548439751026
0.0960658497082724
0.1181703035124724
0.1270000183072105
0.1227414344948167
0.1063541032956840
0.0796462680538871
0.0000000000000000
0.0000000000000000
0.0000000000000000
0.0000000000000000
0.0000000000000000
0.0000000000000000
0.0000000000000000
0.0000000000000000
0.0000000000000000
0.0000000000000000
0.0000000000000000
0.0000000000000000
0.0000000000000000
0.0000000000000000
0.0000000000000000
0.0000000000000000
0.0148170347808482
0.0609346353087932
0.0962557637533044
0.1185449815011732
0.1274961817491823
0.1233168398107141
0.1069744152909978
0.0802809898381141
0.0000000000000000
0.0000000000000000
0.0000000000000000
0.0000000000000000
0.0000000000000000
0.0000000000000000
0.0000000000000000
0.0000000000000000
0.0000000000000000
0.0000000000000000
0.0000000000000000
0.0000000000000000
0.0000000000000000
0.0000000000000000
0.0000000000000000
0.0000000000000000
0.0142002550291207
0.0608125692242778
0.0964524002404303
0.1189283349674230
0.1280005132743441
0.1238989087215531
0.1075995751228186
0.0809188561114984
0.0000000000000000
0.0000000000000000
0.0000000000000000
0.0000000000000000
0.0000000000000000
0.0000000000000000
0.0000000000000000
0.0000000000000000
0.0000000000000000
0.0000000000000000
0.0000000000000000
0.0000000000000000
0.0000000000000000
0.0000000000000000
0.0000000000000000
0.0000000000000000
0.0135694403597454
0.0606880474614109
0.0966553383145809
0.1193199269126154
0.1285125310993855
0.1244871264676299
0.1082290583130553
0.0815593588039337
0.0000000000000000
0.0000000000000000
0.0000000000000000
0.0000000000000000
0.0000000000000000
0.0000000000000000
0.0000000000000000
0.0000000000000000
0.0000000000000000
0.0000000000000000
0.0000000000000000
0.0000000000000000
0.0000000000000000
0.0000000000000000
0.0000000000000000
0.0000000000000000
0.0129252387923303
0.0605604415038136
0.0968641351404967
0.1197193042614767
0.1290317438640045
0.1250809756284448
0.1088623443983350
0.0822019996497720
0.0000000000000000
0.0000000000000000
0.0000000000000000
0.0000000000000000
0.0000000000000000
0.0000000000000000
0.0000000000000000
0.0000000000000000
0.0000000000000000
0.0000000000000000
0.0000000000000000
0.0000000000000000
0.0000000000000000
0.0000000000000000
0.0000000000000000
0.0000000000000000
0.0122685357619805
0.0604290929100028
0.0970783265853674
0.1201259988362272
0.1295576518028762
0.1256799373848437
0.1094989181839330
0.0828462913295460
0.0000000000000000
0.0000000000000000
0.0000000000000000
0.0000000000000000
0.0000000000000000
0.0000000000000000
0.0000000000000000
0.0000000000000000
0.0000000000000000
0.0000000000000000
0.0000000000000000
0.0000000000000000
0.0000000000000000
0.0000000000000000
0.0000000000000000
0.0000000000000000
0.0116004852168626
0.0602933146439273
0.0972974292018257
0.1205395296242223
0.1300897490070650
0.1262834935927397
0.1101382715013708
0.0834917588590107
0.0000000000000000
0.0000000000000000
0.0000000000000000
0.0000000000000000
0.0000000000000000
0.0000000000000000
0.0000000000000000
0.0000000000000000
0.0000000000000000
0.0000000000000000
0.0000000000000000
0.0000000000000000
0.0000000000000000
0.0000000000000000
0.0000000000000000
0.0000000000000000
0.0109225419110930
0.0601523929073552
0.0975209426482847
0.1209594052585151
0.1306275256680621
0.1268911286019083
0.1107799045123993
0.0841379403356842
0.0000000000000000
0.0000000000000000
0.0000000000000000
0.0000000000000000
0.0000000000000000
0.0000000000000000
0.0000000000000000
0.0000000000000000
0.0000000000000000
0.0000000000000000
0.0000000000000000
0.0000000000000000
0.0000000000000000
0.0000000000000000
0.0000000000000000
0.0000000000000000
0.0102364944053605
0.0600055893312109
0.0977483519713185
0.1213851260595125
0.1311704696320756
0.1275023302116282
0.1114233260195481
0.0847843866620967
0.0000000000000000
0.0000000000000000
0.0000000000000000
0.0000000000000000
0.0000000000000000
0.0000000000000000
0.0000000000000000
0.0000000000000000
0.0000000000000000
0.0000000000000000
0.0000000000000000
0.0000000000000000
