0.0000000000000000
0.0000000000000000
0.0000000000000000
0.0000000000000000
0.0255082457381950
0.0642140977782588
0.0942842991570868
0.1128719859512109
0.1190141255431890
0.1127275736702399
0.0949454722733913
0.0674892268437774
0.0000000000000000
0.0000000000000000
0.0000000000000000
0.0000000000000000
0.0000000000000000
0.0000000000000000
0.0000000000000000
0.0000000000000000
0.0000000000000000
0.0000000000000000
0.0000000000000000
0.0000000000000000
0.0000000000000000
0.0000000000000000
0.0000000000000000
0.0000000000000000
0.0251411095104478
0.0640185586321291
0.0942443220408059
0.1129671245122839
0.1192278326451284
0.1130414769782820
0.0953372618462022
0.0679323648522633
0.0000000000000000
0.0000000000000000
0.0000000000000000
0.0000000000000000
0.0000000000000000
0.0000000000000000
0.0000000000000000
0.0000000000000000
0.0000000000000000
0.0000000000000000
0.0000000000000000
0.0000000000000000
0.0000000000000000
0.0000000000000000
0.0000000000000000
0.0000000000000000
0.0247688161802866
0.0638299288939413
0.0942172411345015
0.1130777198248653
0.1194577218575803
0.1133711605867323
0.0957437087880265
0.0683886213703343
0.0000000000000000
0.0000000000000000
0.0000000000000000
0.0000000000000000
0.0000000000000000
0.0000000000000000
0.0000000000000000
0.0000000000000000
0.0000000000000000
0.0000000000000000
0.0000000000000000
0.0000000000000000
0.0000000000000000
0.0000000000000000
0.0000000000000000
0.0000000000000000
0.0243909387039436
0.0636480220297160
0.0942029250749703
0.1132035998064766
0.1197035563488327
0.1137163248890591
0.0961644648368640
0.0688576202918566
0.0000000000000000
0.0000000000000000
0.0000000000000000
0.0000000000000000
0.0000000000000000
0.0000000000000000
0.0000000000000000
0.0000000000000000
0.0000000000000000
0.0000000000000000
0.0000000000000000
0.0000000000000000
0.0000000000000000
0.0000000000000000
0.0000000000000000
0.0000000000000000
0.0240070141079234
0.0634726259954515
0.0942012242444447
0.1133445769670578
0.1199650861562949
0.1140766596356922
0.0965991738319720
0.0693389804660256
0.0000000000000000
0.0000000000000000
0.0000000000000000
0.0000000000000000
0.0000000000000000
0.0000000000000000
0.0000000000000000
0.0000000000000000
0.0000000000000000
0.0000000000000000
0.0000000000000000
0.0000000000000000
0.0000000000000000
0.0000000000000000
0.0000000000000000
0.0000000000000000
0.0236165467002923
0.0633035049451165
0.0942119722899221
0.1135004495383751
0.1202420488678105
0.1144518441750488
0.0970474715651611
0.0698323152060973
0.0000000000000000
0.0000000000000000
0.0000000000000000
0.0000000000000000
0.0000000000000000
0.0000000000000000
0.0000000000000000
0.0000000000000000
0.0000000000000000
0.0000000000000000
0.0000000000000000
0.0000000000000000
0.0000000000000000
0.0000000000000000
0.0000000000000000
0.0000000000000000
0.0232190108473831
0.0631404002409004
0.0942349871270624
0.1136710022827239
0.1205341702178798
0.1148415478340816
0.0975089859504678
0.0703372323053536
0.0000000000000000
0.0000000000000000
0.0000000000000000
0.0000000000000000
0.0000000000000000
0.0000000000000000
0.0000000000000000
0.0000000000000000
0.0000000000000000
0.0000000000000000
0.0000000000000000
0.0000000000000000
0.0000000000000000
0.0000000000000000
0.0000000000000000
0.0000000000000000
0.0228138535014905
0.0629830308452454
0.0942700714350898
0.1138560069729302
0.1208411645256556
0.1152454303178033
0.0979833373952670
0.0708533343459605
0.0000000000000000
0.0000000000000000
0.0000000000000000
0.0000000000000000
0.0000000000000000
0.0000000000000000
0.0000000000000000
0.0000000000000000
0.0000000000000000
0.0000000000000000
0.0000000000000000
0.0000000000000000
0.0000000000000000
0.0000000000000000
0.0000000000000000
0.0000000000000000
0.0224004967477734
0.0628310932264574
0.0943170127361177
0.1140552225277244
0.1211627349046518
0.1156631419940405
0.0984701391402816
0.0713802191077928
0.0000000000000000
0.0000000000000000
0.0000000000000000
0.0000000000000000
0.0000000000000000
0.0000000000000000
0.0000000000000000
0.0000000000000000
0.0000000000000000
0.0000000000000000
0.0000000000000000
0.0000000000000000
0.0000000000000000
0.0000000000000000
0.0000000000000000
0.0000000000000000
0.0219783407864032
0.0626842610495471
0.0943755831947107
0.1142683948904568
0.1214985732307889
0.1160943239624231
0.0989689974335064
0.0719174797994159
0.0000000000000000
0.0000000000000000
0.0000000000000000
0.0000000000000000
0.0000000000000000
0.0000000000000000
0.0000000000000000
0.0000000000000000
0.0000000000000000
0.0000000000000000
0.0000000000000000
0.0000000000000000
0.0000000000000000
0.0000000000000000
0.0000000000000000
0.0000000000000000
0.0215467677170567
0.0625421849413938
0.0944455394069506
0.1144952567876177
0.1218483599184712
0.1165386078681153
0.0994795113725222
0.0724647049430660
0.0000000000000000
0.0000000000000000
0.0000000000000000
0.0000000000000000
0.0000000000000000
0.0000000000000000
0.0000000000000000
0.0000000000000000
0.0000000000000000
0.0000000000000000
0.0000000000000000
0.0000000000000000
0.0000000000000000
0.0000000000000000
0.0000000000000000
0.0000000000000000
0.0211051466431337
0.0624044927016721
0.0945266224178107
0.1147355275592911
0.1222117635902284
0.1169956154348631
0.1000012723322423
0.0730214777012798
0.0000000000000000
0.0000000000000000
0.0000000000000000
0.0000000000000000
0.0000000000000000
0.0000000000000000
0.0000000000000000
0.0000000000000000
0.0000000000000000
0.0000000000000000
0.0000000000000000
0.0000000000000000
0.0000000000000000
0.0000000000000000
0.0000000000000000
0.0000000000000000
0.0206528403879215
0.0622707901952024
0.0946185581998257
0.1149889131851751
0.1225884407066591
0.1174649577424080
0.1005338629246250
0.0735873745927774
0.0000000000000000
0.0000000000000000
0.0000000000000000
0.0000000000000000
0.0000000000000000
0.0000000000000000
0.0000000000000000
0.0000000000000000
0.0000000000000000
0.0000000000000000
0.0000000000000000
0.0000000000000000
0.0000000000000000
0.0000000000000000
0.0000000000000000
0.0000000000000000
0.0201892140233352
0.0621406629517746
0.0947210585301306
0.1152551064797569
0.1229780351269617
0.1179462342141710
0.1010768555034600
0.0741619636077514
0.0000000000000000
0.0000000000000000
0.0000000000000000
0.0000000000000000
0.0000000000000000
0.0000000000000000
0.0000000000000000
0.0000000000000000
0.0000000000000000
0.0000000000000000
0.0000000000000000
0.0000000000000000
0.0000000000000000
0.0000000000000000
0.0000000000000000
0.0000000000000000
0.0197136451591149
0.0620136782175086
0.0948338220571054
0.1155337872431814
0.1233801774613575
0.1184390312669407
0.1016298102136547
0.0747448018160914
0.0000000000000000
0.0000000000000000
0.0000000000000000
0.0000000000000000
0.0000000000000000
0.0000000000000000
0.0000000000000000
0.0000000000000000
0.0000000000000000
0.0000000000000000
0.0000000000000000
0.0000000000000000
0.0000000000000000
0.0000000000000000
0.0000000000000000
0.0000000000000000
0.0192255359591601
0.0618893872358595
0.0949565352780244
0.1158246221917706
0.1237944841083974
0.1189429205959446
0.1021922726773828
0.0753354325992003
0.0000000000000000
0.0000000000000000
0.0000000000000000
0.0000000000000000
0.0000000000000000
0.0000000000000000
0.0000000000000000
0.0000000000000000
0.0000000000000000
0.0000000000000000
0.0000000000000000
0.0000000000000000
0.0000000000000000
0.0000000000000000
0.0000000000000000
0.0000000000000000
0.0187243267772767
0.0617673275829598
0.0950888734216111
0.1161272647344178
0.1242205561662539
0.1194574573796537
0.1027637716391469
0.0759333829199228
0.0000000000000000
0.0000000000000000
0.0000000000000000
0.0000000000000000
0.0000000000000000
0.0000000000000000
0.0000000000000000
0.0000000000000000
0.0000000000000000
0.0000000000000000
0.0000000000000000
0.0000000000000000
0.0000000000000000
0.0000000000000000
0.0000000000000000
0.0000000000000000
0.0182095110798220
0.0616470255856693
0.0952305014908889
0.1164413550883930
0.1246579788369038
0.1199821791261886
0.1033438173826510
0.0765381614175794
0.0000000000000000
0.0000000000000000
0.0000000000000000
0.0000000000000000
0.0000000000000000
0.0000000000000000
0.0000000000000000
0.0000000000000000
0.0000000000000000
0.0000000000000000
0.0000000000000000
0.0000000000000000
0.0000000000000000
0.0000000000000000
0.0000000000000000
0.0000000000000000
0.0176806507670207
0.0615279985815336
0.0953810757513280
0.1167665213006556
0.1251063221399368
0.1205166061436557
0.1039319019935613
0.0771492585132527
0.0000000000000000
0.0000000000000000
0.0000000000000000
0.0000000000000000
0.0000000000000000
0.0000000000000000
0.0000000000000000
0.0000000000000000
0.0000000000000000
0.0000000000000000
0.0000000000000000
0.0000000000000000
0.0000000000000000
0.0000000000000000
0.0000000000000000
0.0000000000000000
0.0171373907646111
0.0614097563804225
0.0955402454839956
0.1171023813562103
0.1255651433467376
0.1210602442392717
0.1045275022390143
0.0777661493401870
0.0000000000000000
0.0000000000000000
0.0000000000000000
0.0000000000000000
0.0000000000000000
0.0000000000000000
0.0000000000000000
0.0000000000000000
0.0000000000000000
0.0000000000000000
0.0000000000000000
0.0000000000000000
0.0000000000000000
0.0000000000000000
0.0000000000000000
0.0000000000000000
0.0165794720287311
0.0612918010603578
0.0957076542696721
0.1174485457156958
0.1260339906154135
0.1216125892637775
0.1051300847860214
0.0783882993949140
0.0000000000000000
0.0000000000000000
0.0000000000000000
0.0000000000000000
0.0000000000000000
0.0000000000000000
0.0000000000000000
0.0000000000000000
0.0000000000000000
0.0000000000000000
0.0000000000000000
0.0000000000000000
0.0000000000000000
0.0000000000000000
0.0000000000000000
0.0000000000000000
0.0160067434303412
0.0611736244125185
0.0958829397264130
0.1178046190174759
0.1265124064212925
0.1221731320271893
0.1057391123165945
0.0790151714598540
0.0000000000000000
0.0000000000000000
0.0000000000000000
0.0000000000000000
0.0000000000000000
0.0000000000000000
0.0000000000000000
0.0000000000000000
0.0000000000000000
0.0000000000000000
0.0000000000000000
0.0000000000000000
0.0000000000000000
0.0000000000000000
0.0000000000000000
0.0000000000000000
0.0154191742043900
0.0610547033081591
0.0960657311306801
0.1181701998012078
0.1269999292706971
0.1227413618199174
0.1063540485571963
0.0796462317829068
0.0000000000000000
0.0000000000000000
0.0000000000000000
0.0000000000000000
0.0000000000000000
0.0000000000000000
0.0000000000000000
0.0000000000000000
0.0000000000000000
0.0000000000000000
0.0000000000000000
0.0000000000000000
0.0000000000000000
0.0000000000000000
0.0000000000000000
0.0000000000000000
0.0148168693162396
0.0609344940620497
0.0962556452759684
0.1185448780915577
0.1274960930831073
0.1233167675363760
0.1069743609724012
0.0802809540029930
0.0000000000000000
0.0000000000000000
0.0000000000000000
0.0000000000000000
0.0000000000000000
0.0000000000000000
0.0000000000000000
0.0000000000000000
0.0000000000000000
0.0000000000000000
0.0000000000000000
0.0000000000000000
0.0000000000000000
0.0000000000000000
0.0000000000000000
0.0000000000000000
0.0142000892812732
0.0608124273752085
0.0964522818706521
0.1189282318743807
0.1280004249961262
0.1238988368662220
0.1075995212429218
0.0809188207308645
0.0000000000000000
0.0000000000000000
0.0000000000000000
0.0000000000000000
0.0000000000000000
0.0000000000000000
0.0000000000000000
0.0000000000000000
0.0000000000000000
0.0000000000000000
0.0000000000000000
0.0000000000000000
0.0000000000000000
0.0000000000000000
0.0000000000000000
0.0000000000000000
0.0135692745222348
0.0606879049871115
0.0966552200598186
0.1193198241512243
0.1285124432265414
0.1244870550497997
0.1082290048906705
0.0815593238963765
0.0000000000000000
0.0000000000000000
0.0000000000000000
0.0000000000000000
0.0000000000000000
0.0000000000000000
0.0000000000000000
0.0000000000000000
0.0000000000000000
0.0000000000000000
0.0000000000000000
0.0000000000000000
0.0000000000000000
0.0000000000000000
0.0000000000000000
0.0000000000000000
0.0129250730959111
0.0605602983810279
0.0968640170083694
0.1197192018469639
0.1290316564141378
0.1250809046666427
0.1088622914522610
0.0822019652338235
0.0000000000000000
0.0000000000000000
0.0000000000000000
0.0000000000000000
0.0000000000000000
0.0000000000000000
0.0000000000000000
0.0000000000000000
0.0000000000000000
0.0000000000000000
0.0000000000000000
0.0000000000000000
0.0000000000000000
0.0000000000000000
0.0000000000000000
0.0000000000000000
0.0122683704786240
0.0604289491151528
0.0970782085836597
0.1201258967839622
0.1295575647936657
0.1256798668976154
0.1094988657329386
0.0828462574236640
0.0000000000000000
0.0000000000000000
0.0000000000000000
0.0000000000000000
0.0000000000000000
0.0000000000000000
0.0000000000000000
0.0000000000000000
0.0000000000000000
0.0000000000000000
0.0000000000000000
0.0000000000000000
0.0000000000000000
0.0000000000000000
0.0000000000000000
0.0000000000000000
0.0116003206638235
0.0602931701531433
0.0972973113384929
0.1205394279497131
0.1300896624562547
0.1262834235986366
0.1101382195641809
0.0834917254815646
0.0000000000000000
0.0000000000000000
0.0000000000000000
0.0000000000000000
0.0000000000000000
0.0000000000000000
0.0000000000000000
0.0000000000000000
0.0000000000000000
0.0000000000000000
0.0000000000000000
0.0000000000000000
0.0000000000000000
0.0000000000000000
0.0000000000000000
0.0000000000000000
0.0109223784548607
0.0601522476965074
0.0975208249314593
0.1209593039774049
0.1306274395934535
0.1268910591194769
0.1107798531076823
0.0841379075049417
0.0000000000000000
0.0000000000000000
0.0000000000000000
0.0000000000000000
0.0000000000000000
0.0000000000000000
0.0000000000000000
0.0000000000000000
0.0000000000000000
0.0000000000000000
0.0000000000000000
0.0000000000000000
0.0000000000000000
0.0000000000000000
0.0000000000000000
0.0000000000000000
0.0102363324652949
0.0600054433759447
0.0977482344093145
0.1213850251875781
0.1311703840515217
0.1275022612594013
0.1114232751659064
0.0847843543962140
0.0000000000000000
0.0000000000000000
0.0000000000000000
0.0000000000000000
0.0000000000000000
0.0000000000000000
0.0000000000000000
0.0000000000000000
0.0000000000000000
0.0000000000000000
0.0000000000000000
0.0000000000000000
