0.0000000000000000
0.0000000000000000
0.0000000000000000
0.0000000000000000
0.0439358906694243
0.0719245278525413
0.0776403518861640
0.0713475032730573
0.0574565192588336
0.0000000000000000
0.0000000000000000
0.0000000000000000
0.0176035394277337
0.0158540890834304
0.0133783452462552
0.0103115607244625
0.0067809941938411
0.0056145983477228
0.0000000000000000
0.0000000000000000
0.0000000000000000
0.0000000000000000
0.0000000000000000
0.0000000000000000
0.0000000000000000
0.0000000000000000
0.0000000000000000
0.0000000000000000
0.0433450572321705
0.0717290126853789
0.0776099109590580
0.0714002048719051
0.0575533757435596
0.0000000000000000
0.0000000000000000
0.0000000000000000
0.0176054488091341
0.0158608900849234
0.0133885151388233
0.0103234196594700
0.0067929128103257
0.0056355317185373
0.0000000000000000
0.0000000000000000
0.0000000000000000
0.0000000000000000
0.0000000000000000
0.0000000000000000
0.0000000000000000
0.0000000000000000
0.0000000000000000
0.0000000000000000
0.0427292761752965
0.0715233935784319
0.0775734089270253
0.0714475512368532
0.0576445232305357
0.0000000000000000
0.0000000000000000
0.0000000000000000
0.0176061728790842
0.0158663617193653
0.0133971881200188
0.0103335881565353
0.0068028900579888
0.0056517631227577
0.0000000000000000
0.0000000000000000
0.0000000000000000
0.0000000000000000
0.0000000000000000
0.0000000000000000
0.0000000000000000
0.0000000000000000
0.0000000000000000
0.0000000000000000
0.0420883182901244
0.0713075642077738
0.0775307565205659
0.0714894290967835
0.0577298310993947
0.0000000000000000
0.0000000000000000
0.0000000000000000
0.0176056991074937
0.0158704878056684
0.0134043459106576
0.0103420475344067
0.0068109086197643
0.0056632616602353
0.0000000000000000
0.0000000000000000
0.0000000000000000
0.0000000000000000
0.0000000000000000
0.0000000000000000
0.0000000000000000
0.0000000000000000
0.0000000000000000
0.0000000000000000
0.0414219571995461
0.0710814134316223
0.0774818634400560
0.0715257259598999
0.0578091711439720
0.0000000000000000
0.0000000000000000
0.0000000000000000
0.0176040149615373
0.0158732523715226
0.0134099706599715
0.0103487797390250
0.0068169519132870
0.0056699981394345
0.0000000000000000
0.0000000000000000
0.0000000000000000
0.0000000000000000
0.0000000000000000
0.0000000000000000
0.0000000000000000
0.0000000000000000
0.0000000000000000
0.0000000000000000
0.0407299743825218
0.0708448258692800
0.0774266383495936
0.0715563297396047
0.0578824169654996
0.0000000000000000
0.0000000000000000
0.0000000000000000
0.0176011078556437
0.0158746395757095
0.0134140448419238
0.0103537672194926
0.0068210039441236
0.0056719447093562
0.0000000000000000
0.0000000000000000
0.0000000000000000
0.0000000000000000
0.0000000000000000
0.0000000000000000
0.0000000000000000
0.0000000000000000
0.0000000000000000
0.0000000000000000
0.0400121639613923
0.0705976822718920
0.0773649889246580
0.0715811286090889
0.0579494436871198
0.0000000000000000
0.0000000000000000
0.0000000000000000
0.0175969651308656
0.0158746336744902
0.0134165512107951
0.0103569928706060
0.0068230492360969
0.0056690746684762
0.0000000000000000
0.0000000000000000
0.0000000000000000
0.0000000000000000
0.0000000000000000
0.0000000000000000
0.0000000000000000
0.0000000000000000
0.0000000000000000
0.0000000000000000
0.0392683374614894
0.0703398597311480
0.0772968219509206
0.0716000110392197
0.0580101279687352
0.0000000000000000
0.0000000000000000
0.0000000000000000
0.0175915740621635
0.0158732190286655
0.0134174728055181
0.0103584400358584
0.0068230728269845
0.0056613624424024
0.0000000000000000
0.0000000000000000
0.0000000000000000
0.0000000000000000
0.0000000000000000
0.0000000000000000
0.0000000000000000
0.0000000000000000
0.0000000000000000
0.0000000000000000
0.0384983288725037
0.0700712318087934
0.0772220434762834
0.0716128659846440
0.0580643482127130
0.0000000000000000
0.0000000000000000
0.0000000000000000
0.0175849218876011
0.0158703801391827
0.0134167929917408
0.0103580925510285
0.0068210603144803
0.0056487836801519
0.0000000000000000
0.0000000000000000
0.0000000000000000
0.0000000000000000
0.0000000000000000
0.0000000000000000
0.0000000000000000
0.0000000000000000
0.0000000000000000
0.0000000000000000
0.0377020004942588
0.0697916687120484
0.0771405590151548
0.0716195831387008
0.0581119848741949
0.0000000000000000
0.0000000000000000
0.0000000000000000
0.0175769958511141
0.0158661016997180
0.0134144955204945
0.0103559348093481
0.0068169979207151
0.0056313154137590
0.0000000000000000
0.0000000000000000
0.0000000000000000
0.0000000000000000
0.0000000000000000
0.0000000000000000
0.0000000000000000
0.0000000000000000
0.0000000000000000
0.0000000000000000
0.0368792499646987
0.0695010376261222
0.0770522737981648
0.0716200531806616
0.0581529207184122
0.0000000000000000
0.0000000000000000
0.0000000000000000
0.0175677832458756
0.0158603686435378
0.0134105645789334
0.0103519518120897
0.0068108725452908
0.0056089361949654
0.0000000000000000
0.0000000000000000
0.0000000000000000
0.0000000000000000
0.0000000000000000
0.0000000000000000
0.0000000000000000
0.0000000000000000
0.0000000000000000
0.0000000000000000
0.0360300190434572
0.0691992033424560
0.0769570930618463
0.0716141679226918
0.0581870408977903
0.0000000000000000
0.0000000000000000
0.0000000000000000
0.0175572714469560
0.0158531661687840
0.0134049848072113
0.0103461291803383
0.0068026717677364
0.0055816261373243
0.0000000000000000
0.0000000000000000
0.0000000000000000
0.0000000000000000
0.0000000000000000
0.0000000000000000
0.0000000000000000
0.0000000000000000
0.0000000000000000
0.0000000000000000
0.0351543044773077
0.0688860292796720
0.0768549223825781
0.0716018203131229
0.0582142327617098
0.0000000000000000
0.0000000000000000
0.0000000000000000
0.0175454479263360
0.0158444797317699
0.0133977412738572
0.0103384531130284
0.0067923837929674
0.0055493668351527
0.0000000000000000
0.0000000000000000
0.0000000000000000
0.0000000000000000
0.0000000000000000
0.0000000000000000
0.0000000000000000
0.0000000000000000
0.0000000000000000
0.0000000000000000
0.0342521712243405
0.0685613789562303
0.0767456680835749
0.0715829043220323
0.0582343854461729
0.0000000000000000
0.0000000000000000
0.0000000000000000
0.0175323002596156
0.0158342950205895
0.0133888194204210
0.0103289103113289
0.0067799973564443
0.0055121412202976
0.0000000000000000
0.0000000000000000
0.0000000000000000
0.0000000000000000
0.0000000000000000
0.0000000000000000
0.0000000000000000
0.0000000000000000
0.0000000000000000
0.0000000000000000
0.0333237680584989
0.0682251179109353
0.0766292377687103
0.0715573148195830
0.0582473893787972
0.0000000000000000
0.0000000000000000
0.0000000000000000
0.0175178161399754
0.0158225979323591
0.0133782050101131
0.0103174879041035
0.0067655016342521
0.0054699334479919
0.0000000000000000
0.0000000000000000
0.0000000000000000
0.0000000000000000
0.0000000000000000
0.0000000000000000
0.0000000000000000
0.0000000000000000
0.0000000000000000
0.0000000000000000
0.0323693455459232
0.0678771160711800
0.0765055410309217
0.0715249475418222
0.0582531358624683
0.0000000000000000
0.0000000000000000
0.0000000000000000
0.0175019834157028
0.0158093745747063
0.0133658841003899
0.0103041734033593
0.0067488861862238
0.0054227288929644
0.0000000000000000
0.0000000000000000
0.0000000000000000
0.0000000000000000
0.0000000000000000
0.0000000000000000
0.0000000000000000
0.0000000000000000
0.0000000000000000
0.0000000000000000
0.0313892760447399
0.0675172504137471
0.0763744903113917
0.0714856991902788
0.0582515167781083
0.0000000000000000
0.0000000000000000
0.0000000000000000
0.0174847901454318
0.0157946112880907
0.0133518430407347
0.0102889546832984
0.0067301409248296
0.0053705142126767
0.0000000000000000
0.0000000000000000
0.0000000000000000
0.0000000000000000
0.0000000000000000
0.0000000000000000
0.0000000000000000
0.0000000000000000
0.0000000000000000
0.0000000000000000
0.0303840747336230
0.0671454075557548
0.0762360017576701
0.0714394675888178
0.0582424243998893
0.0000000000000000
0.0000000000000000
0.0000000000000000
0.0174662246462825
0.0157782946640346
0.0133360684654711
0.0102718199543728
0.0067092560683284
0.0053132773856234
0.0000000000000000
0.0000000000000000
0.0000000000000000
0.0000000000000000
0.0000000000000000
0.0000000000000000
0.0000000000000000
0.0000000000000000
0.0000000000000000
0.0000000000000000
0.0293544197566378
0.0667614855705939
0.0760899958253527
0.0713861518301146
0.0582257512875092
0.0000000000000000
0.0000000000000000
0.0000000000000000
0.0174462755046990
0.0157604115359153
0.0133185472634122
0.0102527577079042
0.0066862220567443
0.0052510076503027
0.0000000000000000
0.0000000000000000
0.0000000000000000
0.0000000000000000
0.0000000000000000
0.0000000000000000
0.0000000000000000
0.0000000000000000
0.0000000000000000
0.0000000000000000
0.0283011694803592
0.0663653942648857
0.0759363973960317
0.0713256524090083
0.0582013904113871
0.0000000000000000
0.0000000000000000
0.0000000000000000
0.0174249315463958
0.0157409489512112
0.0132992665439417
0.0102317566666035
0.0066610294644660
0.0051836954497106
0.0000000000000000
0.0000000000000000
0.0000000000000000
0.0000000000000000
0.0000000000000000
0.0000000000000000
0.0000000000000000
0.0000000000000000
0.0000000000000000
0.0000000000000000
0.0272253758358637
0.0659570535805532
0.0757751353900695
0.0712578715037904
0.0581692357653021
0.0000000000000000
0.0000000000000000
0.0000000000000000
0.0174021818027219
0.0157198941794141
0.0132782136697580
0.0102088058210081
0.0066336690190288
0.0051113326469386
0.0000000000000000
0.0000000000000000
0.0000000000000000
0.0000000000000000
0.0000000000000000
0.0000000000000000
0.0000000000000000
0.0000000000000000
0.0000000000000000
0.0000000000000000
0.0261282950767970
0.0655363905188574
0.0756061421309068
0.0711827136276293
0.0581291837339824
0.0000000000000000
0.0000000000000000
0.0000000000000000
0.0173780155397100
0.0156972348257161
0.0132553764355903
0.0101838946496282
0.0066041318320676
0.0050339133127248
0.0000000000000000
0.0000000000000000
0.0000000000000000
0.0000000000000000
0.0000000000000000
0.0000000000000000
0.0000000000000000
0.0000000000000000
0.0000000000000000
0.0000000000000000
0.0250113990070365
0.0651033357224308
0.0754293528791237
0.0711000867911670
0.0580811352256302
0.0000000000000000
0.0000000000000000
0.0000000000000000
0.0173524223984016
0.0156729590906148
0.0132307434246968
0.0101570135486994
0.0065724098829930
0.0049514351894915
0.0000000000000000
0.0000000000000000
0.0000000000000000
0.0000000000000000
0.0000000000000000
0.0000000000000000
0.0000000000000000
0.0000000000000000
0.0000000000000000
0.0000000000000000
0.0238763900397681
0.0646578208544527
0.0752447058429369
0.0710099040731978
0.0580249982506104
0.0000000000000000
0.0000000000000000
0.0000000000000000
0.0173253926420421
0.0156470561399189
0.0132043044873654
0.0101281543992559
0.0065384966608049
0.0048639016349188
0.0000000000000000
0.0000000000000000
0.0000000000000000
0.0000000000000000
0.0000000000000000
0.0000000000000000
0.0000000000000000
0.0000000000000000
0.0000000000000000
0.0000000000000000
0.0227252214706483
0.0641997773253025
0.0750521426418374
0.0709120852639023
0.0579606903707662
0.0000000000000000
0.0000000000000000
0.0000000000000000
0.0172969174384202
0.0156195164888810
0.0131760512127083
0.0100973111151687
0.0065023877825023
0.0047713235925341
0.0000000000000000
0.0000000000000000
0.0000000000000000
0.0000000000000000
0.0000000000000000
0.0000000000000000
0.0000000000000000
0.0000000000000000
0.0000000000000000
0.0000000000000000
0.0215601218496385
0.0637291359891400
0.0748516088814241
0.0708065581368058
0.0578881404779847
0.0000000000000000
0.0000000000000000
0.0000000000000000
0.0172669890824521
0.0155903322817219
0.0131459772592655
0.0100644800139370
0.0064640814017751
0.0046737211606404
0.0000000000000000
0.0000000000000000
0.0000000000000000
0.0000000000000000
0.0000000000000000
0.0000000000000000
0.0000000000000000
0.0000000000000000
0.0000000000000000
0.0000000000000000
0.0203836208310146
0.0632458269927319
0.0746430544210550
0.0706932590513847
0.0578072895890722
0.0000000000000000
0.0000000000000000
0.0000000000000000
0.0172356010896881
0.0155594974001877
0.0131140784699737
0.0100296599337456
0.0064235783198359
0.0045711245433450
0.0000000000000000
0.0000000000000000
0.0000000000000000
0.0000000000000000
0.0000000000000000
0.0000000000000000
0.0000000000000000
0.0000000000000000
0.0000000000000000
0.0000000000000000
0.0191985744064554
0.0627497791859895
0.0744264331437158
0.0705721328523395
0.0577180907343153
0.0000000000000000
0.0000000000000000
0.0000000000000000
0.0172027481581695
0.0155270074062788
0.0130803527917631
0.0099928521212760
0.0063808818337688
0.0044635745118314
0.0000000000000000
0.0000000000000000
0.0000000000000000
0.0000000000000000
0.0000000000000000
0.0000000000000000
0.0000000000000000
0.0000000000000000
0.0000000000000000
0.0000000000000000
0.0180081888562774
0.0622409191872003
0.0742017023641997
0.0704431322801174
0.0576205082172226
0.0000000000000000
0.0000000000000000
0.0000000000000000
0.0171684260498612
0.0154928593870408
0.0130448000779250
0.0099540599904954
0.0063359974396459
0.0021755618098128
0.0000000000000000
0.0000000000000000
0.0000000000000000
0.0000000000000000
0.0000000000000000
0.0000000000000000
0.0000000000000000
0.0000000000000000
0.0000000000000000
0.0000000000000000
0.0168160437626613
0.0617191706362411
0.0739688222035493
0.0703062172048897
0.0575145166051273
0.0000000000000000
0.0000000000000000
0.0000000000000000
0.0171326314579966
0.0154570517762282
0.0130074218646934
0.0099132888508525
0.0062889325073651
0.0021169164250942
0.0000000000000000
0.0000000000000000
0.0000000000000000
0.0000000000000000
0.0000000000000000
0.0000000000000000
0.0000000000000000
0.0000000000000000
0.0000000000000000
0.0000000000000000
0.0156261135946320
0.0611844541428014
0.0737277551851837
0.0701613538990998
0.0574000996940305
0.0000000000000000
0.0000000000000000
0.0000000000000000
0.0170953618999487
0.0154195841988829
0.0129682211679698
0.0098705456619422
0.0062396959881406
0.0020558889924844
0.0000000000000000
0.0000000000000000
0.0000000000000000
0.0000000000000000
0.0000000000000000
0.0000000000000000
