0.0000000000000000
0.0000000000000000
0.0000000000000000
0.0000000000000000
0.0878720659022182
0.1438491322250778
0.1552806869157068
0.1426949358808093
0.1149129335671386
0.0775480849108359
0.0371092451824088
0.0000000000000000
0.0000000000000000
0.0317081659140746
0.0267566770641229
0.0206231079302673
0.0135619756915691
0.0056145881884665
0.0000000000000000
0.0000000000000000
0.0000000000000000
0.0000000000000000
0.0000000000000000
0.0000000000000000
0.0000000000000000
0.0000000000000000
0.0000000000000000
0.0000000000000000
0.0866904026263258
0.1434581032387502
0.1552198056559234
0.1428003393950947
0.1151066466982024
0.0777787658857163
0.0370869110960071
0.0000000000000000
0.0000000000000000
0.0317217679016003
0.0267770168236790
0.0206468257649685
0.0135858128798400
0.0056355214967815
0.0000000000000000
0.0000000000000000
0.0000000000000000
0.0000000000000000
0.0000000000000000
0.0000000000000000
0.0000000000000000
0.0000000000000000
0.0000000000000000
0.0000000000000000
0.0854588442109305
0.1430468664043813
0.1551468021900943
0.1428950324388812
0.1152889418296074
0.0779966385164516
0.0370626010044574
0.0000000000000000
0.0000000000000000
0.0317327111525779
0.0267943627580452
0.0206671627213058
0.0136057673277456
0.0056517528354997
0.0000000000000000
0.0000000000000000
0.0000000000000000
0.0000000000000000
0.0000000000000000
0.0000000000000000
0.0000000000000000
0.0000000000000000
0.0000000000000000
0.0000000000000000
0.0841769322344340
0.1426152090741902
0.1550614979789557
0.1429787884697407
0.1154595577205347
0.0782014356444698
0.0370363116924375
0.0000000000000000
0.0000000000000000
0.0317409633048432
0.0268086783088728
0.0206840814368033
0.0136218044011868
0.0056632513044962
0.0000000000000000
0.0000000000000000
0.0000000000000000
0.0000000000000000
0.0000000000000000
0.0000000000000000
0.0000000000000000
0.0000000000000000
0.0000000000000000
0.0000000000000000
0.0828442139375762
0.1421629089647009
0.1549637124230043
0.1430513825038973
0.1156182379585789
0.0783928980958923
0.0370080392679104
0.0000000000000000
0.0000000000000000
0.0317464924137885
0.0268199277746471
0.0206975458033712
0.0136338909354663
0.0056699877122625
0.0000000000000000
0.0000000000000000
0.0000000000000000
0.0000000000000000
0.0000000000000000
0.0000000000000000
0.0000000000000000
0.0000000000000000
0.0000000000000000
0.0000000000000000
0.0814602522722982
0.1416897353146209
0.1548532628501853
0.1431125903679798
0.1157647297461390
0.0785707731450906
0.0369777791787811
0.0000000000000000
0.0000000000000000
0.0317492667969911
0.0268280761033166
0.0207075207192440
0.0136419949417503
0.0056719342078297
0.0000000000000000
0.0000000000000000
0.0000000000000000
0.0000000000000000
0.0000000000000000
0.0000000000000000
0.0000000000000000
0.0000000000000000
0.0000000000000000
0.0000000000000000
0.0800246354762232
0.1411954496263522
0.1547299646112106
0.1431621884082011
0.1158987833294408
0.0787348137921285
0.0369455262246682
0.0000000000000000
0.0000000000000000
0.0317492549669882
0.0268330888034664
0.0207139719740447
0.0136460854677176
0.0056690640897068
0.0000000000000000
0.0000000000000000
0.0000000000000000
0.0000000000000000
0.0000000000000000
0.0000000000000000
0.0000000000000000
0.0000000000000000
0.0000000000000000
0.0000000000000000
0.0785369865917206
0.1406798060833936
0.1545936312771800
0.1431999535661327
0.1160201520282399
0.0788847787245394
0.0369112745691756
0.0000000000000000
0.0000000000000000
0.0317464256453980
0.0268349319529863
0.0207168662547907
0.0136461325889554
0.0056613517835386
0.0000000000000000
0.0000000000000000
0.0000000000000000
0.0000000000000000
0.0000000000000000
0.0000000000000000
0.0000000000000000
0.0000000000000000
0.0000000000000000
0.0000000000000000
0.0769969735884625
0.1401425518093637
0.1544440749436573
0.1432256637509122
0.1161285926472295
0.0790204327771962
0.0368750177636384
0.0000000000000000
0.0000000000000000
0.0317407478341332
0.0268335722831984
0.0207161712330712
0.0136421075008838
0.0056487729383821
0.0000000000000000
0.0000000000000000
0.0000000000000000
0.0000000000000000
0.0000000000000000
0.0000000000000000
0.0000000000000000
0.0000000000000000
0.0000000000000000
0.0000000000000000
0.0754043210547841
0.1395834272188370
0.1542811066392239
0.1432390983490689
0.1162238660966590
0.0791415475962860
0.0368367487886148
0.0000000000000000
0.0000000000000000
0.0317321909205651
0.0268289772961919
0.0207118556953820
0.0136339826477963
0.0056313045863161
0.0000000000000000
0.0000000000000000
0.0000000000000000
0.0000000000000000
0.0000000000000000
0.0000000000000000
0.0000000000000000
0.0000000000000000
0.0000000000000000
0.0000000000000000
0.0737588242534236
0.1390021666823721
0.1541045368249082
0.1432400387190038
0.1163057379069670
0.0792479021952893
0.0369012667766924
0.0000000000000000
0.0000000000000000
0.0317207247712473
0.0268211153663035
0.0207038896443016
0.0136217318289282
0.0056089252791306
0.0000000000000000
0.0000000000000000
0.0000000000000000
0.0000000000000000
0.0000000000000000
0.0000000000000000
0.0000000000000000
0.0000000000000000
0.0000000000000000
0.0000000000000000
0.0720603666884190
0.1383984997829948
0.1539141759735478
0.1432282684849136
0.1163739783829889
0.0793392830068669
0.0369761369807618
0.0000000000000000
0.0000000000000000
0.0317063197824853
0.0268099557738702
0.0206922443220335
0.0136053302033688
0.0055816151304326
0.0000000000000000
0.0000000000000000
0.0000000000000000
0.0000000000000000
0.0000000000000000
0.0000000000000000
0.0000000000000000
0.0000000000000000
0.0000000000000000
0.0000000000000000
0.0703089418357189
0.1377721533580890
0.1537098352376736
0.1432035735433327
0.1164283622234772
0.0794154832986030
0.0370347391387971
0.0000000000000000
0.0000000000000000
0.0316889468669292
0.0267954686559802
0.0206768921264820
0.0135847541809802
0.0055493557345993
0.0000000000000000
0.0000000000000000
0.0000000000000000
0.0000000000000000
0.0000000000000000
0.0000000000000000
0.0000000000000000
0.0000000000000000
0.0000000000000000
0.0000000000000000
0.0685046795912095
0.1371228544447000
0.1534913272634852
0.1431657418342905
0.1164686677004345
0.0794763019925593
0.0370769210966872
0.0000000000000000
0.0000000000000000
0.0316685774007918
0.0267776248957655
0.0206578064600206
0.0135599812327147
0.0055121300235448
0.0000000000000000
0.0000000000000000
0.0000000000000000
0.0000000000000000
0.0000000000000000
0.0000000000000000
0.0000000000000000
0.0000000000000000
0.0000000000000000
0.0000000000000000
0.0666478774794431
0.1364503341205348
0.1532584672584933
0.1431145630979899
0.1164946756691004
0.0795215422990798
0.0371025371065510
0.0000000000000000
0.0000000000000000
0.0316451831783323
0.0267563960196802
0.0206349615804137
0.0135309897107733
0.0054699221525784
0.0000000000000000
0.0000000000000000
0.0000000000000000
0.0000000000000000
0.0000000000000000
0.0000000000000000
0.0000000000000000
0.0000000000000000
0.0000000000000000
0.0000000000000000
0.0647390366059285
0.1357543322404381
0.1530110744083232
0.1430498288064017
0.1165061687352539
0.0795510104735221
0.0371114464937752
0.0000000000000000
0.0000000000000000
0.0316187364148332
0.0267317541426720
0.0206083325117138
0.0134977587348541
0.0054227174965155
0.0000000000000000
0.0000000000000000
0.0000000000000000
0.0000000000000000
0.0000000000000000
0.0000000000000000
0.0000000000000000
0.0000000000000000
0.0000000000000000
0.0000000000000000
0.0627789016563093
0.1350346027579747
0.1527489735950739
0.1429713323624554
0.1165029306607490
0.0795645148616335
0.0371035125833699
0.0000000000000000
0.0000000000000000
0.0315892097912437
0.0267036719637437
0.0205778950023652
0.0134602681299294
0.0053705027129168
0.0000000000000000
0.0000000000000000
0.0000000000000000
0.0000000000000000
0.0000000000000000
0.0000000000000000
0.0000000000000000
0.0000000000000000
0.0000000000000000
0.0000000000000000
0.0607685029530495
0.1342909189073083
0.1524719971135563
0.1428788694137476
0.1164847459939414
0.0795618651442651
0.0370786018026317
0.0000000000000000
0.0000000000000000
0.0315565764906393
0.0266721227515816
0.0205436254733130
0.0134184983325505
0.0053132657803909
0.0000000000000000
0.0000000000000000
0.0000000000000000
0.0000000000000000
0.0000000000000000
0.0000000000000000
0.0000000000000000
0.0000000000000000
0.0000000000000000
0.0000000000000000
0.0587091967446958
0.1335230768350620
0.1521799858746474
0.1427722381454883
0.1164513998542388
0.0795428718178397
0.0370365829289647
0.0000000000000000
0.0000000000000000
0.0315208101798075
0.0266370802838517
0.0205055009072442
0.0133724302227987
0.0052509959375668
0.0000000000000000
0.0000000000000000
0.0000000000000000
0.0000000000000000
0.0000000000000000
0.0000000000000000
0.0000000000000000
0.0000000000000000
0.0000000000000000
0.0000000000000000
0.0566026997196927
0.1327308961542322
0.1518727896411920
0.1426512395472073
0.1164026781824907
0.0795073462820733
0.0369773269384967
0.0000000000000000
0.0000000000000000
0.0314818849537389
0.0265985187793624
0.0204634987496246
0.0133220449494856
0.0051836836275897
0.0000000000000000
0.0000000000000000
0.0000000000000000
0.0000000000000000
0.0000000000000000
0.0000000000000000
0.0000000000000000
0.0000000000000000
0.0000000000000000
0.0000000000000000
0.0544511156899541
0.1319142167483397
0.1515502662535550
0.1425156779753356
0.1163383689662676
0.0794551022924525
0.0369007082793347
0.0000000000000000
0.0000000000000000
0.0314397753514522
0.0265564129635530
0.0204175969815734
0.0132673239677140
0.0051113207137219
0.0000000000000000
0.0000000000000000
0.0000000000000000
0.0000000000000000
0.0000000000000000
0.0000000000000000
0.0000000000000000
0.0000000000000000
0.0000000000000000
0.0000000000000000
0.0522569571066157
0.1310728926195193
0.1512122803582468
0.1423653624560567
0.1162582649750417
0.0793859593474205
0.0368066083572271
0.0000000000000000
0.0000000000000000
0.0313944565833671
0.0265107384259246
0.0203677745601554
0.0132082495007854
0.0050339012668958
0.0000000000000000
0.0000000000000000
0.0000000000000000
0.0000000000000000
0.0000000000000000
0.0000000000000000
0.0000000000000000
0.0000000000000000
0.0000000000000000
0.0000000000000000
0.0500231675149711
0.1302067850526107
0.1508587024760558
0.1422001090105091
0.1161621680252408
0.0792997480396585
0.0366949211989850
0.0000000000000000
0.0000000000000000
0.0313459050505149
0.0264614723330362
0.0203140122778864
0.0131448055075504
0.0049514230297560
0.0000000000000000
0.0000000000000000
0.0000000000000000
0.0000000000000000
0.0000000000000000
0.0000000000000000
0.0000000000000000
0.0000000000000000
0.0000000000000000
0.0000000000000000
0.0477531516722696
0.1293157573735307
0.1504894090230568
0.1420197437961491
0.1160498941376290
0.0791963164085447
0.0365655603641491
0.0000000000000000
0.0000000000000000
0.0312940990845505
0.0264085943855073
0.0202562938968785
0.0130769789660361
0.0048638893602376
0.0000000000000000
0.0000000000000000
0.0000000000000000
0.0000000000000000
0.0000000000000000
0.0000000000000000
0.0000000000000000
0.0000000000000000
0.0000000000000000
0.0000000000000000
0.0454508160937126
0.1283996724025936
0.1501042832378936
0.1418241063932260
0.1159212784359428
0.0790755359004824
0.0364184653810576
0.0000000000000000
0.0000000000000000
0.0312390197160184
0.0263520877616071
0.0201946072449177
0.0130047611102664
0.0047713112021618
0.0000000000000000
0.0000000000000000
0.0000000000000000
0.0000000000000000
0.0000000000000000
0.0000000000000000
0.0000000000000000
0.0000000000000000
0.0000000000000000
0.0000000000000000
0.0431206177958841
0.1274583918476795
0.1497032163314524
0.1416130523487010
0.1157761787040247
0.0789373055473762
0.0362536062352133
0.0000000000000000
0.0000000000000000
0.0311806512334014
0.0262919397784613
0.0201289449570474
0.0129281482476457
0.0046737086541719
0.0000000000000000
0.0000000000000000
0.0000000000000000
0.0000000000000000
0.0000000000000000
0.0000000000000000
0.0000000000000000
0.0000000000000000
0.0000000000000000
0.0000000000000000
0.0407676159966736
0.1264917760018912
0.1492861080221675
0.1413864543814636
0.1156144769755747
0.0787815537524946
0.0360709851296787
0.0000000000000000
0.0000000000000000
0.0311189814002349
0.0262281421219907
0.0200593047096817
0.0128471419806224
0.0045711119207694
0.0000000000000000
0.0000000000000000
0.0000000000000000
0.0000000000000000
0.0000000000000000
0.0000000000000000
0.0000000000000000
0.0000000000000000
0.0000000000000000
0.0000000000000000
0.0383975225815599
0.1254996825646284
0.1488528660757600
0.1411442021808773
0.1154360793112716
0.0786082378682864
0.0358706358123264
0.0000000000000000
0.0000000000000000
0.0310540013405651
0.0261606906861042
0.0199856889962286
0.0127617489033859
0.0044635617735960
0.0000000000000000
0.0000000000000000
0.0000000000000000
0.0000000000000000
0.0000000000000000
0.0000000000000000
0.0000000000000000
0.0000000000000000
0.0000000000000000
0.0000000000000000
0.0360167500064625
0.1244819647720553
0.1484034051215972
0.1408862012278225
0.1152409143182558
0.0784173423361468
0.0357177893210833
0.0000000000000000
0.0000000000000000
0.0309857052285298
0.0260895851774336
0.0199081046446673
0.0126719800081002
0.0043511098275889
0.0000000000000000
0.0000000000000000
0.0000000000000000
0.0000000000000000
0.0000000000000000
0.0000000000000000
0.0000000000000000
0.0000000000000000
0.0000000000000000
0.0000000000000000
0.0336324573249522
0.1234384699035209
0.1479376454015757
0.1406123712626519
0.1150289311313336
0.0782088761798067
0.0356378915431359
0.0000000000000000
0.0000000000000000
0.0154570449059224
0.0260148286684970
0.0198265622739395
0.0125778500345778
0.0042338189507287
0.0000000000000000
0.0000000000000000
0.0000000000000000
0.0000000000000000
0.0000000000000000
0.0000000000000000
0.0000000000000000
0.0000000000000000
0.0000000000000000
0.0000000000000000
0.0312525933594671
0.1223690391780042
0.1474555119623721
0.1403226448302824
0.1148000973426610
0.0779828704263474
0.0355558636951368
0.0000000000000000
0.0000000000000000
0.0154195772873084
0.0259364271911470
0.0197410758032787
0.0124793768852616
0.0041117639806868
0.0000000000000000
0.0000000000000000
0.0000000000000000
0.0000000000000000
0.0000000000000000
0.0000000000000000
