0.0000000000000000
0.0000000000000000
0.0000000000000000
0.0000000000000000
0.0878723084901483
0.1438492184061852
0.1552806879114157
0.1426948833049704
0.1149128456720706
0.0775479760364830
0.0371092521001369
0.0370450853383164
0.0000000000000000
0.0000000000000000
0.0000000000000000
0.0206230840915792
0.0135619465826709
0.0056145526649251
0.0000000000000000
0.0000000000000000
0.0000000000000000
0.0000000000000000
0.0000000000000000
0.0000000000000000
0.0000000000000000
0.0000000000000000
0.0000000000000000
0.0000000000000000
0.0866906482533614
0.1434581908325988
0.1552198073398728
0.1428002871917516
0.1151065589874062
0.0777786570565903
0.0370869180816855
0.0370366662097407
0.0000000000000000
0.0000000000000000
0.0000000000000000
0.0206468019668870
0.0135857838036211
0.0056354859948622
0.0000000000000000
0.0000000000000000
0.0000000000000000
0.0000000000000000
0.0000000000000000
0.0000000000000000
0.0000000000000000
0.0000000000000000
0.0000000000000000
0.0000000000000000
0.0854590930078053
0.1430469554650153
0.1551468045776222
0.1428949806103711
0.1152888543003712
0.0779965297279907
0.0370626080593894
0.0370261080466306
0.0000000000000000
0.0000000000000000
0.0000000000000000
0.0206671389637231
0.0136057382832648
0.0056517173533115
0.0000000000000000
0.0000000000000000
0.0000000000000000
0.0000000000000000
0.0000000000000000
0.0000000000000000
0.0000000000000000
0.0000000000000000
0.0000000000000000
0.0000000000000000
0.0841771843301833
0.1426152996565240
0.1550615010854279
0.1429787370183189
0.1154594703701066
0.0782013268921475
0.0370363188178713
0.0370133957221799
0.0000000000000000
0.0000000000000000
0.0000000000000000
0.0206840577195922
0.0136217753874979
0.0056632158401037
0.0000000000000000
0.0000000000000000
0.0000000000000000
0.0000000000000000
0.0000000000000000
0.0000000000000000
0.0000000000000000
0.0000000000000000
0.0000000000000000
0.0000000000000000
0.0828444694589446
0.1421630011245767
0.1549637162638307
0.1430513314317468
0.1156181507841768
0.0783927893752239
0.0370080464650398
0.0369985137309795
0.0000000000000000
0.0000000000000000
0.0000000000000000
0.0206975221263864
0.0136338619516180
0.0056699522636994
0.0000000000000000
0.0000000000000000
0.0000000000000000
0.0000000000000000
0.0000000000000000
0.0000000000000000
0.0000000000000000
0.0000000000000000
0.0000000000000000
0.0000000000000000
0.0814605113430275
0.1416898291088624
0.1548532674408335
0.1431125396772200
0.1157646427449577
0.0785706644516422
0.0369777864487448
0.0369814461467399
0.0000000000000000
0.0000000000000000
0.0000000000000000
0.0207074970823228
0.0136419659867861
0.0056718987731127
0.0000000000000000
0.0000000000000000
0.0000000000000000
0.0000000000000000
0.0000000000000000
0.0000000000000000
0.0000000000000000
0.0000000000000000
0.0000000000000000
0.0000000000000000
0.0800248982162094
0.1411955451128173
0.1547299699672184
0.1431621381008947
0.1158986964986596
0.0787347051215241
0.0369455335685500
0.0369621766082155
0.0000000000000000
0.0000000000000000
0.0000000000000000
0.0207139483770079
0.0136460565406758
0.0056690286668489
0.0000000000000000
0.0000000000000000
0.0000000000000000
0.0000000000000000
0.0000000000000000
0.0000000000000000
0.0000000000000000
0.0000000000000000
0.0000000000000000
0.0000000000000000
0.0785372531160210
0.1406799033210253
0.1545936374141668
0.1431999036442927
0.1160200653650291
0.0788846700724661
0.0369112819880041
0.0369406883329701
0.0000000000000000
0.0000000000000000
0.0000000000000000
0.0207168426974436
0.0136461036888688
0.0056613163705621
0.0000000000000000
0.0000000000000000
0.0000000000000000
0.0000000000000000
0.0000000000000000
0.0000000000000000
0.0000000000000000
0.0000000000000000
0.0000000000000000
0.0000000000000000
0.0769972440061391
0.1401426508582423
0.1544440818773365
0.1432256142165088
0.1161285061487570
0.0790203241394123
0.0368750252583871
0.0369169641595127
0.0000000000000000
0.0000000000000000
0.0000000000000000
0.0207161477152042
0.0136420786267794
0.0056487375333323
0.0000000000000000
0.0000000000000000
0.0000000000000000
0.0000000000000000
0.0000000000000000
0.0000000000000000
0.0000000000000000
0.0000000000000000
0.0000000000000000
0.0000000000000000
0.0754045954675515
0.1395835281402322
0.1542811143854148
0.1432390492040369
0.1162237797600982
0.0791414389686270
0.0368367563602020
0.0368909866112334
0.0000000000000000
0.0000000000000000
0.0000000000000000
0.0207118322167717
0.0136339537986950
0.0056312691872756
0.0000000000000000
0.0000000000000000
0.0000000000000000
0.0000000000000000
0.0000000000000000
0.0000000000000000
0.0000000000000000
0.0000000000000000
0.0000000000000000
0.0000000000000000
0.0737591027540809
0.1390022695387931
0.1541045453995470
0.1432399899652491
0.1163056517295027
0.0792477935736753
0.0369011491000854
0.0368627379738486
0.0000000000000000
0.0000000000000000
0.0000000000000000
0.0207038662047114
0.0136217030038446
0.0056088898842346
0.0000000000000000
0.0000000000000000
0.0000000000000000
0.0000000000000000
0.0000000000000000
0.0000000000000000
0.0000000000000000
0.0000000000000000
0.0000000000000000
0.0000000000000000
0.0720606493590308
0.1383986046382382
0.1539141853926986
0.1432282201243202
0.1163738923618247
0.0793391743873091
0.0369760191943584
0.0368322003746249
0.0000000000000000
0.0000000000000000
0.0000000000000000
0.0206922209212148
0.0136053014013109
0.0055815797378854
0.0000000000000000
0.0000000000000000
0.0000000000000000
0.0000000000000000
0.0000000000000000
0.0000000000000000
0.0000000000000000
0.0000000000000000
0.0000000000000000
0.0000000000000000
0.0703092287455050
0.1377722602772789
0.1537098455175348
0.1432035255777672
0.1164282763558413
0.0794153746772099
0.0370346212392492
0.0367993558596141
0.0000000000000000
0.0000000000000000
0.0000000000000000
0.0206768687641741
0.0135847254009486
0.0055493203426919
0.0000000000000000
0.0000000000000000
0.0000000000000000
0.0000000000000000
0.0000000000000000
0.0000000000000000
0.0000000000000000
0.0000000000000000
0.0000000000000000
0.0000000000000000
0.0685049707941208
0.1371229634943196
0.1534913384203928
0.1431656942656048
0.1164685819835846
0.0794761933655422
0.0370768030808183
0.0367641864777733
0.0000000000000000
0.0000000000000000
0.0000000000000000
0.0206577831359517
0.0135599524737017
0.0055120946306751
0.0000000000000000
0.0000000000000000
0.0000000000000000
0.0000000000000000
0.0000000000000000
0.0000000000000000
0.0000000000000000
0.0000000000000000
0.0000000000000000
0.0000000000000000
0.0666481730113648
0.1364504453684461
0.1532584793089180
0.1431145159280202
0.1164945901003258
0.0795214336627586
0.0371024189713619
0.0367266743939800
0.0000000000000000
0.0000000000000000
0.0000000000000000
0.0206349382943003
0.0135309609717620
0.0054698867572726
0.0000000000000000
0.0000000000000000
0.0000000000000000
0.0000000000000000
0.0000000000000000
0.0000000000000000
0.0000000000000000
0.0000000000000000
0.0000000000000000
0.0000000000000000
0.0647393364814884
0.1357544457558829
0.1530110873688609
0.1430497820369643
0.1165060833118766
0.0795509018243285
0.0371113282364501
0.0366868020470936
0.0000000000000000
0.0000000000000000
0.0000000000000000
0.0103041548330088
0.0134977300148162
0.0054226820974530
0.0000000000000000
0.0000000000000000
0.0000000000000000
0.0000000000000000
0.0000000000000000
0.0000000000000000
0.0000000000000000
0.0000000000000000
0.0000000000000000
0.0000000000000000
0.0627792058652462
0.1350347186115611
0.1527489874824290
0.1429712859953395
0.1165028453801235
0.0795644061961154
0.0371033942012829
0.0366445523391678
0.0000000000000000
0.0000000000000000
0.0000000000000000
0.0102889360947528
0.0134602394278239
0.0053704673089580
0.0000000000000000
0.0000000000000000
0.0000000000000000
0.0000000000000000
0.0000000000000000
0.0000000000000000
0.0000000000000000
0.0000000000000000
0.0000000000000000
0.0000000000000000
0.0607688114561131
0.1342910371709759
0.1524720119445184
0.1428788234507043
0.1164846608534521
0.0795617564590881
0.0370784832933521
0.0365999087976811
0.0000000000000000
0.0000000000000000
0.0000000000000000
0.0102718013464498
0.0134184696473211
0.0053132303706094
0.0000000000000000
0.0000000000000000
0.0000000000000000
0.0000000000000000
0.0000000000000000
0.0000000000000000
0.0000000000000000
0.0000000000000000
0.0000000000000000
0.0000000000000000
0.0587095094690654
0.1335231975820371
0.1521800016660639
0.1427721925882179
0.1164513148512960
0.0795427631097903
0.0370364642902626
0.0365528556365295
0.0000000000000000
0.0000000000000000
0.0000000000000000
0.0102527390794371
0.0133724015533715
0.0052509605212862
0.0000000000000000
0.0000000000000000
0.0000000000000000
0.0000000000000000
0.0000000000000000
0.0000000000000000
0.0000000000000000
0.0000000000000000
0.0000000000000000
0.0000000000000000
0.0566030165538985
0.1327310194589780
0.1518728064099403
0.1426511943973462
0.1164025933145265
0.0795072375480589
0.0369772081683473
0.0365033776760925
0.0000000000000000
0.0000000000000000
0.0000000000000000
0.0102317380164409
0.0133220162947666
0.0051836482044266
0.0000000000000000
0.0000000000000000
0.0000000000000000
0.0000000000000000
0.0000000000000000
0.0000000000000000
0.0000000000000000
0.0000000000000000
0.0000000000000000
0.0000000000000000
0.0544514364783078
0.1319143426865172
0.1515502840165209
0.1425156332344461
0.1163382842307331
0.0794549935295029
0.0369005893759208
0.0364514601693940
0.0000000000000000
0.0000000000000000
0.0000000000000000
0.0102087871480139
0.0132672953265869
0.0051112852836353
0.0000000000000000
0.0000000000000000
0.0000000000000000
0.0000000000000000
0.0000000000000000
0.0000000000000000
0.0000000000000000
0.0000000000000000
0.0000000000000000
0.0000000000000000
0.0522572816431273
0.1310730212679668
0.1512122991323130
0.1423653181256236
0.1162581803694071
0.0793858505526888
0.0368064893189420
0.0363970886573518
0.0000000000000000
0.0000000000000000
0.0000000000000000
0.0101838759526816
0.0132082208721096
0.0050338658302465
0.0000000000000000
0.0000000000000000
0.0000000000000000
0.0000000000000000
0.0000000000000000
0.0000000000000000
0.0000000000000000
0.0000000000000000
0.0000000000000000
0.0000000000000000
0.0500234955367423
0.1302069164893464
0.1508587222781029
0.1422000650919422
0.1161620835469997
0.0792996392104258
0.0366948020244332
0.0363402489847920
0.0000000000000000
0.0000000000000000
0.0000000000000000
0.0101569948266954
0.0131447768901601
0.0049513875873754
0.0000000000000000
0.0000000000000000
0.0000000000000000
0.0000000000000000
0.0000000000000000
0.0000000000000000
0.0000000000000000
0.0000000000000000
0.0000000000000000
0.0000000000000000
0.0477534828523433
0.1293158916777714
0.1504894298699752
0.1420197002907934
0.1160498097843066
0.0791962075422248
0.0365654410521491
0.0362809275234775
0.0000000000000000
0.0000000000000000
0.0000000000000000
0.0000000000000000
0.0130769503587402
0.0048638539135092
0.0000000000000000
0.0000000000000000
0.0000000000000000
0.0000000000000000
0.0000000000000000
0.0000000000000000
0.0000000000000000
0.0000000000000000
0.0000000000000000
0.0000000000000000
0.0454511500333840
0.1283998096547806
0.1501043051466023
0.1418240633023776
0.1159211942051089
0.0790754269946308
0.0364183459306458
0.0362191115226901
0.0000000000000000
0.0000000000000000
0.0000000000000000
0.0000000000000000
0.0130047325118486
0.0047712757531161
0.0000000000000000
0.0000000000000000
0.0000000000000000
0.0000000000000000
0.0000000000000000
0.0000000000000000
0.0000000000000000
0.0000000000000000
0.0000000000000000
0.0000000000000000
0.0431209540165345
0.1274585321295053
0.1497032393189215
0.1416130096736254
0.1157760945933097
0.0789371965997009
0.0362534866456481
0.0361547894268524
0.0172669817909403
0.0000000000000000
0.0000000000000000
0.0000000000000000
0.0129281196568653
0.0046736732055969
0.0000000000000000
0.0000000000000000
0.0000000000000000
0.0000000000000000
0.0000000000000000
0.0000000000000000
0.0000000000000000
0.0000000000000000
0.0000000000000000
0.0000000000000000
0.0407679539312302
0.1264919193963236
0.1492861321054433
0.1413864121234169
0.1156143929826843
0.0787814447608665
0.0360708654004444
0.0360879510238214
0.0172355938043859
0.0000000000000000
0.0000000000000000
0.0000000000000000
0.0128471133962155
0.0045710764763388
0.0000000000000000
0.0000000000000000
0.0000000000000000
0.0000000000000000
0.0000000000000000
0.0000000000000000
0.0000000000000000
0.0000000000000000
0.0000000000000000
0.0000000000000000
0.0383978615657612
0.1254998291559358
0.1488528912719905
0.1411441603411259
0.1154359954340050
0.0786081288307496
0.0358705159431381
0.0360185873923858
0.0172027408779234
0.0000000000000000
0.0000000000000000
0.0000000000000000
0.0127617203240659
0.0044635263380168
0.0000000000000000
0.0000000000000000
0.0000000000000000
0.0000000000000000
0.0000000000000000
0.0000000000000000
0.0000000000000000
0.0000000000000000
0.0000000000000000
0.0000000000000000
0.0360170892701685
0.1244821146458334
0.1484034314480608
0.1408861598076652
0.1152408305545200
0.0784172332509284
0.0357177984486858
0.0359466907279414
0.0171684187735214
0.0000000000000000
0.0000000000000000
0.0000000000000000
0.0126719514325579
0.0043510744067729
0.0000000000000000
0.0000000000000000
0.0000000000000000
0.0000000000000000
0.0000000000000000
0.0000000000000000
0.0000000000000000
0.0000000000000000
0.0000000000000000
0.0000000000000000
0.0336327959838436
0.1234386231467207
0.1479376728757087
0.1406123302634393
0.1150288474791582
0.0782087670453251
0.0356379007533407
0.0358722541603701
0.0171326241844196
0.0000000000000000
0.0000000000000000
0.0000000000000000
0.0125778214614821
0.0042337835519910
0.0000000000000000
0.0000000000000000
0.0000000000000000
0.0000000000000000
0.0000000000000000
0.0000000000000000
0.0000000000000000
0.0000000000000000
0.0000000000000000
0.0000000000000000
0.0312529304075930
0.1223691958789537
0.1474555406017967
0.1403226042534350
0.1148000138002102
0.0779827612412188
0.0355558729876160
0.0357952716372824
0.0341907089461656
0.0000000000000000
0.0000000000000000
0.0000000000000000
0.0124793483132589
0.0041117286129756
0.0000000000000000
0.0000000000000000
0.0000000000000000
0.0000000000000000
0.0000000000000000
0.0000000000000000
