0.0000000000000000
0.0000000000000000
0.0000000000000000
0.0000000000000000
0.0000000000000000
0.0000000000000000
0.0000000000000000
0.0000000000000000
0.0000000000000000
0.0353942411051504
0.0388922731990468
0.0815257036069190
0.1169726591261063
0.1415641687652159
0.1520765065214967
0.1454083314936253
0.1173044647255004
0.0582957782658478
0.0000000000000000
0.0000000000000000
0.0000000000000000
0.0000000000000000
0.0000000000000000
0.0000000000000000
0.0000000000000000
0.0000000000000000
0.0000000000000000
0.0000000000000000
0.0000000000000000
0.0000000000000000
0.0000000000000000
0.0000000000000000
0.0000000000000000
0.0353571994434436
0.0386204265369572
0.0813188515487937
0.1168548939155353
0.1415510040227155
0.1521739406858098
0.1456113724279488
0.1175927344147469
0.0586017175811339
0.0000000000000000
0.0000000000000000
0.0000000000000000
0.0000000000000000
0.0000000000000000
0.0000000000000000
0.0000000000000000
0.0000000000000000
0.0000000000000000
0.0000000000000000
0.0000000000000000
0.0000000000000000
0.0000000000000000
0.0000000000000000
0.0000000000000000
0.0353182657953582
0.0383588789343143
0.0811230801573781
0.1167482111272079
0.1415478365790716
0.1522787235706138
0.1458164922890307
0.1178720995789707
0.0588728129754957
0.0000000000000000
0.0000000000000000
0.0000000000000000
0.0000000000000000
0.0000000000000000
0.0000000000000000
0.0000000000000000
0.0000000000000000
0.0000000000000000
0.0000000000000000
0.0000000000000000
0.0000000000000000
0.0000000000000000
0.0000000000000000
0.0000000000000000
0.0352774500417117
0.0381078675371877
0.0809385529259375
0.1166526833906742
0.1415546387804787
0.1523907262972069
0.1460234686008235
0.1181422559251988
0.0591086071707856
0.0000000000000000
0.0000000000000000
0.0000000000000000
0.0000000000000000
0.0000000000000000
0.0000000000000000
0.0000000000000000
0.0000000000000000
0.0000000000000000
0.0000000000000000
0.0000000000000000
0.0000000000000000
0.0000000000000000
0.0000000000000000
0.0000000000000000
0.0352347611842335
0.0378676173520517
0.0807654195162662
0.1165683686311618
0.1415713680956897
0.1525098052035401
0.1462320628996081
0.1184028745059989
0.0593085890785242
0.0000000000000000
0.0000000000000000
0.0000000000000000
0.0000000000000000
0.0000000000000000
0.0000000000000000
0.0000000000000000
0.0000000000000000
0.0000000000000000
0.0000000000000000
0.0000000000000000
0.0000000000000000
0.0000000000000000
0.0000000000000000
0.0000000000000000
0.0351902074186444
0.0376383429431622
0.0806038173590296
0.1164953113900054
0.1415979680440319
0.1526358022366293
0.1464420204012761
0.1186536002652884
0.0594721899878779
0.0000000000000000
0.0000000000000000
0.0000000000000000
0.0000000000000000
0.0000000000000000
0.0000000000000000
0.0000000000000000
0.0000000000000000
0.0000000000000000
0.0000000000000000
0.0000000000000000
0.0000000000000000
0.0000000000000000
0.0000000000000000
0.0000000000000000
0.0351437961693645
0.0374202492940662
0.0804538724593608
0.1164335435498281
0.1416343687496653
0.1527685452548106
0.1466530699361307
0.1188940513421266
0.0595987813344572
0.0000000000000000
0.0000000000000000
0.0000000000000000
0.0000000000000000
0.0000000000000000
0.0000000000000000
0.0000000000000000
0.0000000000000000
0.0000000000000000
0.0000000000000000
0.0000000000000000
0.0000000000000000
0.0000000000000000
0.0000000000000000
0.0000000000000000
0.0350955340996547
0.0372135318921877
0.0803156995562270
0.1163830845047928
0.1416804871247522
0.1529078482047960
0.1468649240632072
0.1191238189407672
0.0596876739335071
0.0000000000000000
0.0000000000000000
0.0000000000000000
0.0000000000000000
0.0000000000000000
0.0000000000000000
0.0000000000000000
0.0000000000000000
0.0000000000000000
0.0000000000000000
0.0000000000000000
0.0000000000000000
0.0000000000000000
0.0000000000000000
0.0000000000000000
0.0350454271158858
0.0370183763402179
0.0801894017734606
0.1163439409340379
0.1417362267725487
0.1530535111541041
0.1470772792283903
0.1193424675617979
0.0597381181927060
0.0000000000000000
0.0000000000000000
0.0000000000000000
0.0000000000000000
0.0000000000000000
0.0000000000000000
0.0000000000000000
0.0000000000000000
0.0000000000000000
0.0000000000000000
0.0000000000000000
0.0000000000000000
0.0000000000000000
0.0000000000000000
0.0000000000000000
0.0349934803871236
0.0368351560057002
0.0800750701051143
0.1163161063840994
0.1418014777154662
0.1532053202037413
0.1472898158778326
0.1195495352541005
0.0597493048064102
0.0000000000000000
0.0000000000000000
0.0000000000000000
0.0000000000000000
0.0000000000000000
0.0000000000000000
0.0000000000000000
0.0000000000000000
0.0000000000000000
0.0000000000000000
0.0000000000000000
0.0000000000000000
0.0000000000000000
0.0000000000000000
0.0000000000000000
0.0349396983973546
0.0367948701933068
0.0799727830325662
0.1162995609665196
0.1418761161684009
0.1533630473397501
0.1475021983928040
0.1197445336030859
0.0597203651605039
0.0000000000000000
0.0000000000000000
0.0000000000000000
0.0000000000000000
0.0000000000000000
0.0000000000000000
0.0000000000000000
0.0000000000000000
0.0000000000000000
0.0000000000000000
0.0000000000000000
0.0000000000000000
0.0000000000000000
0.0000000000000000
0.0000000000000000
0.0348840850507143
0.0367525568915410
0.0798826066767656
0.1162942714354625
0.1419600045262650
0.1535264502975232
0.1477140747835256
0.1199269470807638
0.0596503708082489
0.0000000000000000
0.0000000000000000
0.0000000000000000
0.0000000000000000
0.0000000000000000
0.0000000000000000
0.0000000000000000
0.0000000000000000
0.0000000000000000
0.0000000000000000
0.0000000000000000
0.0000000000000000
0.0000000000000000
0.0000000000000000
0.0000000000000000
0.0348266438357826
0.0367082078748131
0.0798045956356558
0.1163001918276548
0.1420529916834608
0.1536952724746818
0.1479250760958271
0.1200962317027769
0.0595383317465121
0.0000000000000000
0.0000000000000000
0.0000000000000000
0.0000000000000000
0.0000000000000000
0.0000000000000000
0.0000000000000000
0.0000000000000000
0.0000000000000000
0.0000000000000000
0.0000000000000000
0.0000000000000000
0.0000000000000000
0.0000000000000000
0.0000000000000000
0.0347673780548403
0.0366618147858103
0.0797387944086151
0.1163172645079837
0.1421549135851748
0.1538692428582875
0.1481348155807281
0.1202518131097147
0.0593831940202625
0.0000000000000000
0.0000000000000000
0.0000000000000000
0.0000000000000000
0.0000000000000000
0.0000000000000000
0.0000000000000000
0.0000000000000000
0.0000000000000000
0.0000000000000000
0.0000000000000000
0.0000000000000000
0.0000000000000000
0.0000000000000000
0.0000000000000000
0.0347062911115426
0.0366133693370537
0.0796852390368120
0.1163454213667026
0.1422655938003141
0.1540480758644082
0.1483428876946111
0.1203930844516221
0.0591838374602182
0.0000000000000000
0.0000000000000000
0.0000000000000000
0.0000000000000000
0.0000000000000000
0.0000000000000000
0.0000000000000000
0.0000000000000000
0.0000000000000000
0.0000000000000000
0.0000000000000000
0.0000000000000000
0.0000000000000000
0.0000000000000000
0.0000000000000000
0.0346433868521897
0.0365628635595895
0.0796439586476674
0.1163845848563583
0.1423848439409743
0.1542314710496868
0.1485488670405523
0.1205194043590382
0.0589390743619837
0.0000000000000000
0.0000000000000000
0.0000000000000000
0.0000000000000000
0.0000000000000000
0.0000000000000000
0.0000000000000000
0.0000000000000000
0.0000000000000000
0.0000000000000000
0.0000000000000000
0.0000000000000000
0.0000000000000000
0.0000000000000000
0.0000000000000000
0.0345786699270094
0.0365102900773918
0.0796149767743049
0.1164346688881920
0.1425124640002145
0.1544191128296163
0.1487523074258330
0.1206300951634443
0.0586476489186266
0.0000000000000000
0.0000000000000000
0.0000000000000000
0.0000000000000000
0.0000000000000000
0.0000000000000000
0.0000000000000000
0.0000000000000000
0.0000000000000000
0.0000000000000000
0.0000000000000000
0.0000000000000000
0.0000000000000000
0.0000000000000000
0.0000000000000000
0.0345121460954863
0.0364556423406278
0.0795983125798804
0.1164955797480376
0.1426482428858790
0.1546106705465680
0.1489527413644544
0.1207244414378301
0.0583082369153734
0.0000000000000000
0.0000000000000000
0.0000000000000000
0.0000000000000000
0.0000000000000000
0.0000000000000000
0.0000000000000000
0.0000000000000000
0.0000000000000000
0.0000000000000000
0.0000000000000000
0.0000000000000000
0.0000000000000000
0.0000000000000000
0.0000000000000000
0.0344438223566241
0.0363989147228699
0.0795939818613597
0.1165672171237184
0.1427919593661125
0.1548057992237241
0.1491496803986532
0.1208016891616414
0.0579194453193598
0.0000000000000000
0.0000000000000000
0.0000000000000000
0.0000000000000000
0.0000000000000000
0.0000000000000000
0.0000000000000000
0.0000000000000000
0.0000000000000000
0.0000000000000000
0.0000000000000000
0.0000000000000000
0.0000000000000000
0.0000000000000000
0.0000000000000000
0.0343737068026420
0.0363401024113696
0.0796019974031179
0.1166494748722527
0.1429433832502805
0.1550041410328899
0.1493426165232625
0.1208610459953900
0.0574798128320622
0.0000000000000000
0.0000000000000000
0.0000000000000000
0.0000000000000000
0.0000000000000000
0.0000000000000000
0.0000000000000000
0.0000000000000000
0.0000000000000000
0.0000000000000000
0.0000000000000000
0.0000000000000000
0.0000000000000000
0.0000000000000000
0.0000000000000000
0.0343018081856966
0.0362792011085487
0.0796223677939910
0.1167422407652829
0.1431022761363366
0.1552053270187820
0.1495310245841220
0.1209016833054968
0.0569878136589322
0.0000000000000000
0.0000000000000000
0.0000000000000000
0.0000000000000000
0.0000000000000000
0.0000000000000000
0.0000000000000000
0.0000000000000000
0.0000000000000000
0.0000000000000000
0.0000000000000000
0.0000000000000000
0.0000000000000000
0.0000000000000000
0.0000000000000000
0.0342281353269096
0.0362162066663336
0.0796550941145519
0.1168453944363400
0.1432683909328329
0.1554089783258903
0.1497143651637103
0.1209227400856015
0.0564418669683857
0.0000000000000000
0.0000000000000000
0.0000000000000000
0.0000000000000000
0.0000000000000000
0.0000000000000000
0.0000000000000000
0.0000000000000000
0.0000000000000000
0.0000000000000000
0.0000000000000000
0.0000000000000000
0.0000000000000000
0.0000000000000000
0.0000000000000000
0.0341526965719655
0.0361511148223492
0.0797001645796275
0.1169588034467834
0.1434414697695303
0.1556147063459117
0.1498920872598680
0.1209233283871936
0.0558403528845694
0.0000000000000000
0.0000000000000000
0.0000000000000000
0.0000000000000000
0.0000000000000000
0.0000000000000000
0.0000000000000000
0.0000000000000000
0.0000000000000000
0.0000000000000000
0.0000000000000000
0.0000000000000000
0.0000000000000000
0.0000000000000000
0.0000000000000000
0.0340754994683837
0.0360839211449506
0.0797575482136158
0.1170823182156587
0.1436212407610303
0.1558221118041260
0.1500636303013156
0.1209025391629168
0.0551816334574897
0.0000000000000000
0.0000000000000000
0.0000000000000000
0.0000000000000000
0.0000000000000000
0.0000000000000000
0.0000000000000000
0.0000000000000000
0.0000000000000000
0.0000000000000000
0.0000000000000000
0.0000000000000000
0.0000000000000000
0.0000000000000000
0.0000000000000000
0.0339965506909613
0.0360146211666830
0.0798271891167087
0.1172157672756192
0.1438074147051132
0.1560307834387624
0.1502284254535848
0.1208594473186738
0.0544640749383457
0.0000000000000000
0.0000000000000000
0.0000000000000000
0.0000000000000000
0.0000000000000000
0.0000000000000000
0.0000000000000000
0.0000000000000000
0.0000000000000000
0.0000000000000000
0.0000000000000000
0.0000000000000000
0.0000000000000000
0.0000000000000000
0.0000000000000000
0.0339158561076793
0.0359432105723886
0.0799090026907987
0.1173589541326967
0.1439996829302446
0.1562402971457959
0.1503858964973871
0.1207931150182818
0.0536860678705705
0.0000000000000000
0.0000000000000000
0.0000000000000000
0.0000000000000000
0.0000000000000000
0.0000000000000000
0.0000000000000000
0.0000000000000000
0.0000000000000000
0.0000000000000000
0.0000000000000000
0.0000000000000000
0.0000000000000000
0.0000000000000000
0.0000000000000000
0.0338334208301017
0.0358696853004650
0.0800028743303188
0.1175116563718224
0.1441977168798309
0.1564502161329357
0.1505354605945522
0.1207025929240060
0.0528460431210709
0.0000000000000000
0.0000000000000000
0.0000000000000000
0.0000000000000000
0.0000000000000000
0.0000000000000000
0.0000000000000000
0.0000000000000000
0.0000000000000000
0.0000000000000000
0.0000000000000000
0.0000000000000000
0.0000000000000000
0.0000000000000000
0.0000000000000000
0.0337492491712096
0.0357940415017586
0.0801086602901929
0.1176736267079487
0.1444011692723946
0.1566600920099270
0.1506765289977018
0.1205869196023395
0.0519424848888995
0.0000000000000000
0.0000000000000000
0.0000000000000000
0.0000000000000000
0.0000000000000000
0.0000000000000000
0.0000000000000000
0.0000000000000000
0.0000000000000000
0.0000000000000000
0.0000000000000000
0.0000000000000000
0.0000000000000000
0.0000000000000000
0.0000000000000000
0.0336633445469977
0.0357557568978116
0.0802261898556168
0.1178445952013154
0.1446096761136694
0.1568694663061415
0.1508085075612271
0.1204451196571860
0.0509739432987437
0.0000000000000000
0.0000000000000000
0.0000000000000000
0.0000000000000000
0.0000000000000000
0.0000000000000000
0.0000000000000000
0.0000000000000000
0.0000000000000000
0.0000000000000000
0.0000000000000000
0.0000000000000000
0.0000000000000000
0.0000000000000000
0.0000000000000000
0.0335757094201829
0.0358316263492867
0.0803552680954109
0.1180242718350288
0.1448228588553374
0.1570778718746229
0.1509307968667566
0.1202762011637096
0.0499390495771624
0.0000000000000000
0.0000000000000000
0.0000000000000000
0.0000000000000000
0.0000000000000000
0.0000000000000000
0.0000000000000000
0.0000000000000000
0.0000000000000000
0.0000000000000000
0.0000000000000000
0.0000000000000000
0.0000000000000000
0.0000000000000000
0.0000000000000000
0.0334863453473256
0.0359207003805766
0.0804956786629874
0.1182123490232744
0.1450403263180868
0.1572848339499354
0.1510427919575532
0.1200791527976982
0.0488365357720546
0.0000000000000000
0.0000000000000000
0.0000000000000000
0.0000000000000000
0.0000000000000000
0.0000000000000000
