0.0000000000000000
0.0000000000000000
0.0000000000000000
0.0000000000000000
0.0255082103022119
0.0642140647656748
0.0942842586376260
0.1128719347435330
0.1190140639938240
0.1127275039556823
0.0949453976177287
0.0674891510395257
0.0000000000000000
0.0000000000000000
0.0000000000000000
0.0000000000000000
0.0000000000000000
0.0000000000000000
0.0000000000000000
0.0000000000000000
0.0000000000000000
0.0000000000000000
0.0000000000000000
0.0000000000000000
0.0000000000000000
0.0000000000000000
0.0000000000000000
0.0000000000000000
0.0251410739534333
0.0640185257365297
0.0942442817154812
0.1129670735044918
0.1192277712756692
0.1130414074128214
0.0953371873043659
0.0679322891255014
0.0000000000000000
0.0000000000000000
0.0000000000000000
0.0000000000000000
0.0000000000000000
0.0000000000000000
0.0000000000000000
0.0000000000000000
0.0000000000000000
0.0000000000000000
0.0000000000000000
0.0000000000000000
0.0000000000000000
0.0000000000000000
0.0000000000000000
0.0000000000000000
0.0247687804950701
0.0638298961218752
0.0942172010135146
0.1130776690273353
0.1194576606779540
0.1133710911798648
0.0957436343692360
0.0683885457301498
0.0000000000000000
0.0000000000000000
0.0000000000000000
0.0000000000000000
0.0000000000000000
0.0000000000000000
0.0000000000000000
0.0000000000000000
0.0000000000000000
0.0000000000000000
0.0000000000000000
0.0000000000000000
0.0000000000000000
0.0000000000000000
0.0000000000000000
0.0000000000000000
0.0243909028832866
0.0636479893876225
0.0942028851684826
0.1132035492295460
0.1197034953689357
0.1137162556502685
0.0961643905503506
0.0688575447473761
0.0000000000000000
0.0000000000000000
0.0000000000000000
0.0000000000000000
0.0000000000000000
0.0000000000000000
0.0000000000000000
0.0000000000000000
0.0000000000000000
0.0000000000000000
0.0000000000000000
0.0000000000000000
0.0000000000000000
0.0000000000000000
0.0000000000000000
0.0000000000000000
0.0240069781445952
0.0634725934896723
0.0942011845625856
0.1133445266210303
0.1199650253859964
0.1140765905744531
0.0965990996869813
0.0693389050264156
0.0000000000000000
0.0000000000000000
0.0000000000000000
0.0000000000000000
0.0000000000000000
0.0000000000000000
0.0000000000000000
0.0000000000000000
0.0000000000000000
0.0000000000000000
0.0000000000000000
0.0000000000000000
0.0000000000000000
0.0000000000000000
0.0000000000000000
0.0000000000000000
0.0236165105871604
0.0633034725819076
0.0942119328427977
0.1135003994335270
0.1202419883169578
0.1144517753008291
0.0970473975709553
0.0698322398805660
0.0000000000000000
0.0000000000000000
0.0000000000000000
0.0000000000000000
0.0000000000000000
0.0000000000000000
0.0000000000000000
0.0000000000000000
0.0000000000000000
0.0000000000000000
0.0000000000000000
0.0000000000000000
0.0000000000000000
0.0000000000000000
0.0000000000000000
0.0000000000000000
0.0232189745775173
0.0631403680264453
0.0942349479247645
0.1136709524293093
0.1205341098963008
0.1148414791563463
0.0975089121163279
0.0703371571031519
0.0000000000000000
0.0000000000000000
0.0000000000000000
0.0000000000000000
0.0000000000000000
0.0000000000000000
0.0000000000000000
0.0000000000000000
0.0000000000000000
0.0000000000000000
0.0000000000000000
0.0000000000000000
0.0000000000000000
0.0000000000000000
0.0000000000000000
0.0000000000000000
0.0228138170682841
0.0629829987856686
0.0942700324877040
0.1138559573811867
0.1208411044431635
0.1152453618460170
0.0979832637304950
0.0708532592763841
0.0000000000000000
0.0000000000000000
0.0000000000000000
0.0000000000000000
0.0000000000000000
0.0000000000000000
0.0000000000000000
0.0000000000000000
0.0000000000000000
0.0000000000000000
0.0000000000000000
0.0000000000000000
0.0000000000000000
0.0000000000000000
0.0000000000000000
0.0000000000000000
0.0224004601450832
0.0628310613278402
0.0943169740537352
0.1140551732078789
0.1211626750710489
0.1156630737376698
0.0984700656542024
0.0713801441801832
0.0000000000000000
0.0000000000000000
0.0000000000000000
0.0000000000000000
0.0000000000000000
0.0000000000000000
0.0000000000000000
0.0000000000000000
0.0000000000000000
0.0000000000000000
0.0000000000000000
0.0000000000000000
0.0000000000000000
0.0000000000000000
0.0000000000000000
0.0000000000000000
0.0219783040087097
0.0626842293179417
0.0943755447874358
0.1142683458527315
0.1214985136558704
0.1160942559309407
0.0989689241354699
0.0719174050231614
0.0000000000000000
0.0000000000000000
0.0000000000000000
0.0000000000000000
0.0000000000000000
0.0000000000000000
0.0000000000000000
0.0000000000000000
0.0000000000000000
0.0000000000000000
0.0000000000000000
0.0000000000000000
0.0000000000000000
0.0000000000000000
0.0000000000000000
0.0000000000000000
0.0215467307596489
0.0625421533828412
0.0944455012849112
0.1144952080422349
0.1218483006120289
0.1165385400710015
0.0994794382719056
0.0724646303276025
0.0000000000000000
0.0000000000000000
0.0000000000000000
0.0000000000000000
0.0000000000000000
0.0000000000000000
0.0000000000000000
0.0000000000000000
0.0000000000000000
0.0000000000000000
0.0000000000000000
0.0000000000000000
0.0000000000000000
0.0000000000000000
0.0000000000000000
0.0000000000000000
0.0211051095023192
0.0624044613222183
0.0945265845911682
0.1147354791164793
0.1222117045620540
0.1169955478816081
0.1000011994384501
0.0730214032560913
0.0000000000000000
0.0000000000000000
0.0000000000000000
0.0000000000000000
0.0000000000000000
0.0000000000000000
0.0000000000000000
0.0000000000000000
0.0000000000000000
0.0000000000000000
0.0000000000000000
0.0000000000000000
0.0000000000000000
0.0000000000000000
0.0000000000000000
0.0000000000000000
0.0206528030612678
0.0622707590009167
0.0946185206787834
0.1149888650551728
0.1225883819665460
0.1174648904425131
0.1005337902470908
0.0735873003273958
0.0000000000000000
0.0000000000000000
0.0000000000000000
0.0000000000000000
0.0000000000000000
0.0000000000000000
0.0000000000000000
0.0000000000000000
0.0000000000000000
0.0000000000000000
0.0000000000000000
0.0000000000000000
0.0000000000000000
0.0000000000000000
0.0000000000000000
0.0000000000000000
0.0201891765099418
0.0621406319487682
0.0947210213249423
0.1152550586728164
0.1229779766847070
0.1179461671771499
0.1010767830516459
0.0741618895317563
0.0000000000000000
0.0000000000000000
0.0000000000000000
0.0000000000000000
0.0000000000000000
0.0000000000000000
0.0000000000000000
0.0000000000000000
0.0000000000000000
0.0000000000000000
0.0000000000000000
0.0000000000000000
0.0000000000000000
0.0000000000000000
0.0000000000000000
0.0000000000000000
0.0197136074599240
0.0620136474119536
0.0948337851780836
0.1155337397695706
0.1233801193267620
0.1184389645023181
0.1016297379970505
0.0747447279391085
0.0000000000000000
0.0000000000000000
0.0000000000000000
0.0000000000000000
0.0000000000000000
0.0000000000000000
0.0000000000000000
0.0000000000000000
0.0000000000000000
0.0000000000000000
0.0000000000000000
0.0000000000000000
0.0000000000000000
0.0000000000000000
0.0000000000000000
0.0000000000000000
0.0192254980773064
0.0618893566340087
0.0949564987355455
0.1158245750617737
0.1237944262912645
0.1189428541132548
0.1021922007055042
0.0753353589308993
0.0000000000000000
0.0000000000000000
0.0000000000000000
0.0000000000000000
0.0000000000000000
0.0000000000000000
0.0000000000000000
0.0000000000000000
0.0000000000000000
0.0000000000000000
0.0000000000000000
0.0000000000000000
0.0000000000000000
0.0000000000000000
0.0000000000000000
0.0000000000000000
0.0187242887184780
0.0617672971911677
0.0950888372261206
0.1161272179583342
0.1242204986763861
0.1194573911884369
0.1027636999215319
0.0759333094700148
0.0000000000000000
0.0000000000000000
0.0000000000000000
0.0000000000000000
0.0000000000000000
0.0000000000000000
0.0000000000000000
0.0000000000000000
0.0000000000000000
0.0000000000000000
0.0000000000000000
0.0000000000000000
0.0000000000000000
0.0000000000000000
0.0000000000000000
0.0000000000000000
0.0182094728528179
0.0616469954104128
0.0952304656529055
0.1164413086765350
0.1246579216840986
0.1199821132359868
0.1033437459288560
0.0765380881958126
0.0000000000000000
0.0000000000000000
0.0000000000000000
0.0000000000000000
0.0000000000000000
0.0000000000000000
0.0000000000000000
0.0000000000000000
0.0000000000000000
0.0000000000000000
0.0000000000000000
0.0000000000000000
0.0000000000000000
0.0000000000000000
0.0000000000000000
0.0000000000000000
0.0176806123840551
0.0615279686294354
0.0953810402814469
0.1167664752633448
0.1251062653339819
0.1205165405640072
0.1039318308131563
0.0771491855294084
0.0000000000000000
0.0000000000000000
0.0000000000000000
0.0000000000000000
0.0000000000000000
0.0000000000000000
0.0000000000000000
0.0000000000000000
0.0000000000000000
0.0000000000000000
0.0000000000000000
0.0000000000000000
0.0000000000000000
0.0000000000000000
0.0000000000000000
0.0000000000000000
0.0171373522419624
0.0614097266582770
0.0955402103928930
0.1171023357037754
0.1255650868974070
0.1210601789797071
0.1045274313415790
0.0777660766040758
0.0000000000000000
0.0000000000000000
0.0000000000000000
0.0000000000000000
0.0000000000000000
0.0000000000000000
0.0000000000000000
0.0000000000000000
0.0000000000000000
0.0000000000000000
0.0000000000000000
0.0000000000000000
0.0000000000000000
0.0000000000000000
0.0000000000000000
0.0000000000000000
0.0165794333872901
0.0612917715751584
0.0957076195681128
0.1174485004584729
0.1260339345324649
0.1216125243338173
0.1051300141811426
0.0783882269163740
0.0000000000000000
0.0000000000000000
0.0000000000000000
0.0000000000000000
0.0000000000000000
0.0000000000000000
0.0000000000000000
0.0000000000000000
0.0000000000000000
0.0000000000000000
0.0000000000000000
0.0000000000000000
0.0000000000000000
0.0000000000000000
0.0000000000000000
0.0000000000000000
0.0160067046962324
0.0611735951714898
0.0958829054252608
0.1178045741658124
0.1265123507144691
0.1221730674363441
0.1057390420138663
0.0790150992487496
0.0000000000000000
0.0000000000000000
0.0000000000000000
0.0000000000000000
0.0000000000000000
0.0000000000000000
0.0000000000000000
0.0000000000000000
0.0000000000000000
0.0000000000000000
0.0000000000000000
0.0000000000000000
0.0000000000000000
0.0000000000000000
0.0000000000000000
0.0000000000000000
0.0154191354096405
0.0610546743187909
0.0960656972409111
0.1181701553654682
0.1269998739497306
0.1227412975776897
0.1063539785662202
0.0796461598491279
0.0000000000000000
0.0000000000000000
0.0000000000000000
0.0000000000000000
0.0000000000000000
0.0000000000000000
0.0000000000000000
0.0000000000000000
0.0000000000000000
0.0000000000000000
0.0000000000000000
0.0000000000000000
0.0000000000000000
0.0000000000000000
0.0000000000000000
0.0000000000000000
0.0148168304994870
0.0609344653321323
0.0962556118086858
0.1185448340821305
0.1274960381577226
0.1233167036522627
0.1069742913027876
0.0802808823564545
0.0000000000000000
0.0000000000000000
0.0000000000000000
0.0000000000000000
0.0000000000000000
0.0000000000000000
0.0000000000000000
0.0000000000000000
0.0000000000000000
0.0000000000000000
0.0000000000000000
0.0000000000000000
0.0000000000000000
0.0000000000000000
0.0000000000000000
0.0000000000000000
0.0142000504885111
0.0608123989128676
0.0964522488371004
0.1189281883016863
0.1280003704760451
0.1238987733497167
0.1075994519042888
0.0809187493815041
0.0000000000000000
0.0000000000000000
0.0000000000000000
0.0000000000000000
0.0000000000000000
0.0000000000000000
0.0000000000000000
0.0000000000000000
0.0000000000000000
0.0000000000000000
0.0000000000000000
0.0000000000000000
0.0000000000000000
0.0000000000000000
0.0000000000000000
0.0000000000000000
0.0135692358075826
0.0606878768008421
0.0966551874713961
0.1193197810257211
0.1285123891214865
0.1244869919103936
0.1082289358926441
0.0815592528541505
0.0000000000000000
0.0000000000000000
0.0000000000000000
0.0000000000000000
0.0000000000000000
0.0000000000000000
0.0000000000000000
0.0000000000000000
0.0000000000000000
0.0000000000000000
0.0000000000000000
0.0000000000000000
0.0000000000000000
0.0000000000000000
0.0000000000000000
0.0000000000000000
0.0129250345223941
0.0605602704797292
0.0968639848766414
0.1197191591791532
0.1290316027338348
0.1250808419138250
0.1088622228044724
0.0822018945087037
0.0000000000000000
0.0000000000000000
0.0000000000000000
0.0000000000000000
0.0000000000000000
0.0000000000000000
0.0000000000000000
0.0000000000000000
0.0000000000000000
0.0000000000000000
0.0000000000000000
0.0000000000000000
0.0000000000000000
0.0000000000000000
0.0000000000000000
0.0000000000000000
0.0122683321189384
0.0604289215081642
0.0970781769203711
0.1201258545843955
0.1295575115478466
0.1256798045408746
0.1094987974450240
0.0828461870256336
0.0000000000000000
0.0000000000000000
0.0000000000000000
0.0000000000000000
0.0000000000000000
0.0000000000000000
0.0000000000000000
0.0000000000000000
0.0000000000000000
0.0000000000000000
0.0000000000000000
0.0000000000000000
0.0000000000000000
0.0000000000000000
0.0000000000000000
0.0000000000000000
0.0116002826010619
0.0602931428502801
0.0972972801555824
0.1205393862289981
0.1300896096546622
0.1262833616474625
0.1101381516457802
0.0834916554206153
0.0000000000000000
0.0000000000000000
0.0000000000000000
0.0000000000000000
0.0000000000000000
0.0000000000000000
0.0000000000000000
0.0000000000000000
0.0000000000000000
0.0000000000000000
0.0000000000000000
0.0000000000000000
0.0000000000000000
0.0000000000000000
0.0000000000000000
0.0000000000000000
0.0109223407831532
0.0601522207080998
0.0975207942410728
0.1209592627462135
0.1306273872458453
0.1268909975833624
0.1107797855684403
0.0841378377910722
0.0000000000000000
0.0000000000000000
0.0000000000000000
0.0000000000000000
0.0000000000000000
0.0000000000000000
0.0000000000000000
0.0000000000000000
0.0000000000000000
0.0000000000000000
0.0000000000000000
0.0000000000000000
0.0000000000000000
0.0000000000000000
0.0000000000000000
0.0000000000000000
0.0102362952903147
0.0600054167128772
0.0977482042238220
0.1213849844566539
0.1311703321676753
0.1275022001478460
0.1114232080154727
0.0847842850394292
0.0000000000000000
0.0000000000000000
0.0000000000000000
0.0000000000000000
0.0000000000000000
0.0000000000000000
0.0000000000000000
0.0000000000000000
0.0000000000000000
0.0000000000000000
0.0000000000000000
0.0000000000000000
