0.0000000000000000
0.0000000000000000
0.0000000000000000
0.0000000000000000
0.0255083145703195
0.0642141586073995
0.0942843483827552
0.1128720226802193
0.1190141490264543
0.1127275837245690
0.0949454695504054
0.0674892129641047
0.0000000000000000
0.0000000000000000
0.0000000000000000
0.0000000000000000
0.0000000000000000
0.0000000000000000
0.0000000000000000
0.0000000000000000
0.0000000000000000
0.0000000000000000
0.0000000000000000
0.0000000000000000
0.0000000000000000
0.0000000000000000
0.0000000000000000
0.0000000000000000
0.0251411785674081
0.0640186196469312
0.0942443713878158
0.1129671613368129
0.1192278562084874
0.1130414870969876
0.0953372591677881
0.0679323509922567
0.0000000000000000
0.0000000000000000
0.0000000000000000
0.0000000000000000
0.0000000000000000
0.0000000000000000
0.0000000000000000
0.0000000000000000
0.0000000000000000
0.0000000000000000
0.0000000000000000
0.0000000000000000
0.0000000000000000
0.0000000000000000
0.0000000000000000
0.0000000000000000
0.0247688854822319
0.0638299901037775
0.0942172906042384
0.1130777567429541
0.1194577454973308
0.1133711707650549
0.0957437061487677
0.0683886075242553
0.0000000000000000
0.0000000000000000
0.0000000000000000
0.0000000000000000
0.0000000000000000
0.0000000000000000
0.0000000000000000
0.0000000000000000
0.0000000000000000
0.0000000000000000
0.0000000000000000
0.0000000000000000
0.0000000000000000
0.0000000000000000
0.0000000000000000
0.0000000000000000
0.0243910082710036
0.0636480834442141
0.0942029746688197
0.1132036368160991
0.1197035800611942
0.1137163351221666
0.0961644622312863
0.0688576064539298
0.0000000000000000
0.0000000000000000
0.0000000000000000
0.0000000000000000
0.0000000000000000
0.0000000000000000
0.0000000000000000
0.0000000000000000
0.0000000000000000
0.0000000000000000
0.0000000000000000
0.0000000000000000
0.0000000000000000
0.0000000000000000
0.0000000000000000
0.0000000000000000
0.0240070839601170
0.0634726876245064
0.0942012739637946
0.1133446140661236
0.1199651099374100
0.1140766699186818
0.0965991712545466
0.0693389666304422
0.0000000000000000
0.0000000000000000
0.0000000000000000
0.0000000000000000
0.0000000000000000
0.0000000000000000
0.0000000000000000
0.0000000000000000
0.0000000000000000
0.0000000000000000
0.0000000000000000
0.0000000000000000
0.0000000000000000
0.0000000000000000
0.0000000000000000
0.0000000000000000
0.0236166168574165
0.0633035667989027
0.0942120221361644
0.1135004867247308
0.1202420727137464
0.1144518545029492
0.0970474690103069
0.0698323013670186
0.0000000000000000
0.0000000000000000
0.0000000000000000
0.0000000000000000
0.0000000000000000
0.0000000000000000
0.0000000000000000
0.0000000000000000
0.0000000000000000
0.0000000000000000
0.0000000000000000
0.0000000000000000
0.0000000000000000
0.0000000000000000
0.0000000000000000
0.0000000000000000
0.0232190813288794
0.0631404623298850
0.0942350371015941
0.1136710395541519
0.1205341941246287
0.1148415582018550
0.0975089834125542
0.0703372184569128
0.0000000000000000
0.0000000000000000
0.0000000000000000
0.0000000000000000
0.0000000000000000
0.0000000000000000
0.0000000000000000
0.0000000000000000
0.0000000000000000
0.0000000000000000
0.0000000000000000
0.0000000000000000
0.0000000000000000
0.0000000000000000
0.0000000000000000
0.0000000000000000
0.0228139243262821
0.0629830931802012
0.0942701215393135
0.1138560443271498
0.1208411884891352
0.1152454407203459
0.0979833348686157
0.0708533204822662
0.0000000000000000
0.0000000000000000
0.0000000000000000
0.0000000000000000
0.0000000000000000
0.0000000000000000
0.0000000000000000
0.0000000000000000
0.0000000000000000
0.0000000000000000
0.0000000000000000
0.0000000000000000
0.0000000000000000
0.0000000000000000
0.0000000000000000
0.0000000000000000
0.0224005679340720
0.0628311558184754
0.0943170629714442
0.1140552599623913
0.1211627589207066
0.1156631524261848
0.0984701366191685
0.0713802052229312
0.0000000000000000
0.0000000000000000
0.0000000000000000
0.0000000000000000
0.0000000000000000
0.0000000000000000
0.0000000000000000
0.0000000000000000
0.0000000000000000
0.0000000000000000
0.0000000000000000
0.0000000000000000
0.0000000000000000
0.0000000000000000
0.0000000000000000
0.0000000000000000
0.0219784123514787
0.0626843239100492
0.0943756335625586
0.1142684324031636
0.1214985972951909
0.1160943344189397
0.0989689949121648
0.0719174658874541
0.0000000000000000
0.0000000000000000
0.0000000000000000
0.0000000000000000
0.0000000000000000
0.0000000000000000
0.0000000000000000
0.0000000000000000
0.0000000000000000
0.0000000000000000
0.0000000000000000
0.0000000000000000
0.0000000000000000
0.0000000000000000
0.0000000000000000
0.0000000000000000
0.0215468396769641
0.0625422480821456
0.0944455899087480
0.1144952943758939
0.1218483840269213
0.1165386183437151
0.0994795088451453
0.0724646909980548
0.0000000000000000
0.0000000000000000
0.0000000000000000
0.0000000000000000
0.0000000000000000
0.0000000000000000
0.0000000000000000
0.0000000000000000
0.0000000000000000
0.0000000000000000
0.0000000000000000
0.0000000000000000
0.0000000000000000
0.0000000000000000
0.0000000000000000
0.0000000000000000
0.0211052190123912
0.0624045561347949
0.0945266730549965
0.1147355652206038
0.1222117877383572
0.1169956259241987
0.1000012697929857
0.0730214637172567
0.0000000000000000
0.0000000000000000
0.0000000000000000
0.0000000000000000
0.0000000000000000
0.0000000000000000
0.0000000000000000
0.0000000000000000
0.0000000000000000
0.0000000000000000
0.0000000000000000
0.0000000000000000
0.0000000000000000
0.0000000000000000
0.0000000000000000
0.0000000000000000
0.0206529131791344
0.0622708539331851
0.0946186089738495
0.1149889509169285
0.1225884648900279
0.1174649682400760
0.1005338603676095
0.0735873605637701
0.0000000000000000
0.0000000000000000
0.0000000000000000
0.0000000000000000
0.0000000000000000
0.0000000000000000
0.0000000000000000
0.0000000000000000
0.0000000000000000
0.0000000000000000
0.0000000000000000
0.0000000000000000
0.0000000000000000
0.0000000000000000
0.0000000000000000
0.0000000000000000
0.0201892872467554
0.0621407270074833
0.0947211094424522
0.1152551442792920
0.1229780593410632
0.1179462447147137
0.1010768529227740
0.0741619495277806
0.0000000000000000
0.0000000000000000
0.0000000000000000
0.0000000000000000
0.0000000000000000
0.0000000000000000
0.0000000000000000
0.0000000000000000
0.0000000000000000
0.0000000000000000
0.0000000000000000
0.0000000000000000
0.0000000000000000
0.0000000000000000
0.0000000000000000
0.0000000000000000
0.0197137188221320
0.0620137426041948
0.0948338731091940
0.1155338251077744
0.1233802017016154
0.1184390417648467
0.1016298076033555
0.0747447876791733
0.0000000000000000
0.0000000000000000
0.0000000000000000
0.0000000000000000
0.0000000000000000
0.0000000000000000
0.0000000000000000
0.0000000000000000
0.0000000000000000
0.0000000000000000
0.0000000000000000
0.0000000000000000
0.0000000000000000
0.0000000000000000
0.0000000000000000
0.0000000000000000
0.0192256100657118
0.0618894519671665
0.0949565864713558
0.1158246601186308
0.1237945083701660
0.1189429310856496
0.1021922700314989
0.0753354183993491
0.0000000000000000
0.0000000000000000
0.0000000000000000
0.0000000000000000
0.0000000000000000
0.0000000000000000
0.0000000000000000
0.0000000000000000
0.0000000000000000
0.0000000000000000
0.0000000000000000
0.0000000000000000
0.0000000000000000
0.0000000000000000
0.0000000000000000
0.0000000000000000
0.0187244013271724
0.0617673926729261
0.0950889247576637
0.1161273027206854
0.1242205804448169
0.1194574678555407
0.1027637689516793
0.0759333686511530
0.0000000000000000
0.0000000000000000
0.0000000000000000
0.0000000000000000
0.0000000000000000
0.0000000000000000
0.0000000000000000
0.0000000000000000
0.0000000000000000
0.0000000000000000
0.0000000000000000
0.0000000000000000
0.0000000000000000
0.0000000000000000
0.0000000000000000
0.0000000000000000
0.0182095860679701
0.0616470910487293
0.0952305529711400
0.1164413931311359
0.1246580031274730
0.1199821895825882
0.1033438146475743
0.0765381470739089
0.0000000000000000
0.0000000000000000
0.0000000000000000
0.0000000000000000
0.0000000000000000
0.0000000000000000
0.0000000000000000
0.0000000000000000
0.0000000000000000
0.0000000000000000
0.0000000000000000
0.0000000000000000
0.0000000000000000
0.0000000000000000
0.0000000000000000
0.0000000000000000
0.0176807261825543
0.0615280644325160
0.0953811273772477
0.1167665593968655
0.1251063464376506
0.1205166165748455
0.1039318992048250
0.0771492440887040
0.0000000000000000
0.0000000000000000
0.0000000000000000
0.0000000000000000
0.0000000000000000
0.0000000000000000
0.0000000000000000
0.0000000000000000
0.0000000000000000
0.0000000000000000
0.0000000000000000
0.0000000000000000
0.0000000000000000
0.0000000000000000
0.0000000000000000
0.0000000000000000
0.0171374665899042
0.0614098226345483
0.0955402972570412
0.1171024195027991
0.1255651676466590
0.1210602546394766
0.1045274993905428
0.0777661348287895
0.0000000000000000
0.0000000000000000
0.0000000000000000
0.0000000000000000
0.0000000000000000
0.0000000000000000
0.0000000000000000
0.0000000000000000
0.0000000000000000
0.0000000000000000
0.0000000000000000
0.0000000000000000
0.0000000000000000
0.0000000000000000
0.0000000000000000
0.0000000000000000
0.0165795482382991
0.0612918677332389
0.0957077061912844
0.1174485839094933
0.1260340149125294
0.1216125996271689
0.1051300818717160
0.0783882847907052
0.0000000000000000
0.0000000000000000
0.0000000000000000
0.0000000000000000
0.0000000000000000
0.0000000000000000
0.0000000000000000
0.0000000000000000
0.0000000000000000
0.0000000000000000
0.0000000000000000
0.0000000000000000
0.0000000000000000
0.0000000000000000
0.0000000000000000
0.0000000000000000
0.0160068199896182
0.0611736915201592
0.0958829917980123
0.1178046572552280
0.1265124307105130
0.1221731423478865
0.1057391093303336
0.0790151567568815
0.0000000000000000
0.0000000000000000
0.0000000000000000
0.0000000000000000
0.0000000000000000
0.0000000000000000
0.0000000000000000
0.0000000000000000
0.0000000000000000
0.0000000000000000
0.0000000000000000
0.0000000000000000
0.0000000000000000
0.0000000000000000
0.0000000000000000
0.0000000000000000
0.0154192510683721
0.0610547708669591
0.0960657833536663
0.1181702380795767
0.1269999535468579
0.1227413720919901
0.1063540454928395
0.0796462169752311
0.0000000000000000
0.0000000000000000
0.0000000000000000
0.0000000000000000
0.0000000000000000
0.0000000000000000
0.0000000000000000
0.0000000000000000
0.0000000000000000
0.0000000000000000
0.0000000000000000
0.0000000000000000
0.0000000000000000
0.0000000000000000
0.0000000000000000
0.0000000000000000
0.0148169464279879
0.0609345620888087
0.0962556976517221
0.1185449164071249
0.1274961173409733
0.1233167777538491
0.1069743578237939
0.0802809390846922
0.0000000000000000
0.0000000000000000
0.0000000000000000
0.0000000000000000
0.0000000000000000
0.0000000000000000
0.0000000000000000
0.0000000000000000
0.0000000000000000
0.0000000000000000
0.0000000000000000
0.0000000000000000
0.0000000000000000
0.0000000000000000
0.0000000000000000
0.0000000000000000
0.0142001665702746
0.0608124958871294
0.0964523344005366
0.1189282702236511
0.1280004492303979
0.1238988470230825
0.1075995180039016
0.0809188056960413
0.0000000000000000
0.0000000000000000
0.0000000000000000
0.0000000000000000
0.0000000000000000
0.0000000000000000
0.0000000000000000
0.0000000000000000
0.0000000000000000
0.0000000000000000
0.0000000000000000
0.0000000000000000
0.0000000000000000
0.0000000000000000
0.0000000000000000
0.0000000000000000
0.0135693519026291
0.0606879740018034
0.0966552727451828
0.1193198625306318
0.1285124674318622
0.1244870651400054
0.1082290015550771
0.0815593087391657
0.0000000000000000
0.0000000000000000
0.0000000000000000
0.0000000000000000
0.0000000000000000
0.0000000000000000
0.0000000000000000
0.0000000000000000
0.0000000000000000
0.0000000000000000
0.0000000000000000
0.0000000000000000
0.0000000000000000
0.0000000000000000
0.0000000000000000
0.0000000000000000
0.0129251504646032
0.0605603679165075
0.0968640698505520
0.1197192402528771
0.1290316805851023
0.1250809146841311
0.1088622880139443
0.0822019499484010
0.0000000000000000
0.0000000000000000
0.0000000000000000
0.0000000000000000
0.0000000000000000
0.0000000000000000
0.0000000000000000
0.0000000000000000
0.0000000000000000
0.0000000000000000
0.0000000000000000
0.0000000000000000
0.0000000000000000
0.0000000000000000
0.0000000000000000
0.0000000000000000
0.0122684477133113
0.0604290191898436
0.0970782615839924
0.1201259352126917
0.1295575889248276
0.1256798768363129
0.1094988621857688
0.0828462420042545
0.0000000000000000
0.0000000000000000
0.0000000000000000
0.0000000000000000
0.0000000000000000
0.0000000000000000
0.0000000000000000
0.0000000000000000
0.0000000000000000
0.0000000000000000
0.0000000000000000
0.0000000000000000
0.0000000000000000
0.0000000000000000
0.0000000000000000
0.0000000000000000
0.0116003976209854
0.0602932407858780
0.0972973644983045
0.1205394663975168
0.1300896865421351
0.1262834334524667
0.1101382159020553
0.0834917099224490
0.0000000000000000
0.0000000000000000
0.0000000000000000
0.0000000000000000
0.0000000000000000
0.0000000000000000
0.0000000000000000
0.0000000000000000
0.0000000000000000
0.0000000000000000
0.0000000000000000
0.0000000000000000
0.0000000000000000
0.0000000000000000
0.0000000000000000
0.0000000000000000
0.0109224549677755
0.0601523189065267
0.0975208782520795
0.1209593424404937
0.1306274636285472
0.1268910688823677
0.1107798493245335
0.0841378918004635
0.0000000000000000
0.0000000000000000
0.0000000000000000
0.0000000000000000
0.0000000000000000
0.0000000000000000
0.0000000000000000
0.0000000000000000
0.0000000000000000
0.0000000000000000
0.0000000000000000
0.0000000000000000
0.0000000000000000
0.0000000000000000
0.0000000000000000
0.0000000000000000
0.0102364083421708
0.0600055151828986
0.0977482878920789
0.1213850636621212
0.1311704080303038
0.1275022709252921
0.1114232712557085
0.0847843385407847
0.0000000000000000
0.0000000000000000
0.0000000000000000
0.0000000000000000
0.0000000000000000
0.0000000000000000
0.0000000000000000
0.0000000000000000
0.0000000000000000
0.0000000000000000
0.0000000000000000
0.0000000000000000
