0.0000000000000000
0.0000000000000000
0.0000000000000000
0.0000000000000000
0.0000000000000000
0.0000000000000000
0.0000000000000000
0.0000000000000000
0.0000000000000000
0.0353942366924398
0.0388921772670130
0.0815256183869997
0.1169725927194252
0.1415641282081438
0.1520764979420810
0.1454083611111954
0.1173045425983909
0.0582959252839049
0.0000000000000000
0.0000000000000000
0.0000000000000000
0.0000000000000000
0.0000000000000000
0.0000000000000000
0.0000000000000000
0.0000000000000000
0.0000000000000000
0.0000000000000000
0.0000000000000000
0.0000000000000000
0.0000000000000000
0.0000000000000000
0.0000000000000000
0.0353571950037454
0.0386203305117921
0.0813187661786446
0.1168548273186786
0.1415509632547718
0.1521739318971974
0.1456114018667405
0.1175928121910768
0.0586018648219020
0.0000000000000000
0.0000000000000000
0.0000000000000000
0.0000000000000000
0.0000000000000000
0.0000000000000000
0.0000000000000000
0.0000000000000000
0.0000000000000000
0.0000000000000000
0.0000000000000000
0.0000000000000000
0.0000000000000000
0.0000000000000000
0.0000000000000000
0.0353182613291551
0.0383587828146886
0.0811229946370981
0.1167481443422708
0.1415477956050699
0.1522787145816477
0.1458165215651322
0.1178721772920126
0.0588729605068339
0.0000000000000000
0.0000000000000000
0.0000000000000000
0.0000000000000000
0.0000000000000000
0.0000000000000000
0.0000000000000000
0.0000000000000000
0.0000000000000000
0.0000000000000000
0.0000000000000000
0.0000000000000000
0.0000000000000000
0.0000000000000000
0.0000000000000000
0.0352774455495114
0.0381077713218966
0.0809384672557934
0.1166526164199477
0.1415545976054407
0.1523907171169326
0.1460234977305066
0.1181423336084135
0.0591087550613412
0.0000000000000000
0.0000000000000000
0.0000000000000000
0.0000000000000000
0.0000000000000000
0.0000000000000000
0.0000000000000000
0.0000000000000000
0.0000000000000000
0.0000000000000000
0.0000000000000000
0.0000000000000000
0.0000000000000000
0.0000000000000000
0.0000000000000000
0.0352347566665688
0.0378675210400188
0.0807653336966954
0.1165683014771345
0.1415713267248449
0.1525097958412066
0.1462320918993359
0.1184029521930729
0.0593087373977434
0.0000000000000000
0.0000000000000000
0.0000000000000000
0.0000000000000000
0.0000000000000000
0.0000000000000000
0.0000000000000000
0.0000000000000000
0.0000000000000000
0.0000000000000000
0.0000000000000000
0.0000000000000000
0.0000000000000000
0.0000000000000000
0.0000000000000000
0.0351902028760724
0.0376382465334441
0.0806037313906433
0.1164952440553654
0.1415979264828192
0.1526357927016906
0.1464420492877116
0.1186536779901732
0.0594723388060220
0.0000000000000000
0.0000000000000000
0.0000000000000000
0.0000000000000000
0.0000000000000000
0.0000000000000000
0.0000000000000000
0.0000000000000000
0.0000000000000000
0.0000000000000000
0.0000000000000000
0.0000000000000000
0.0000000000000000
0.0000000000000000
0.0000000000000000
0.0351437916024666
0.0374201527858571
0.0804537863429477
0.1164334760374652
0.1416343270037344
0.1527685355569288
0.1466530987261466
0.1188941291390805
0.0595989307226220
0.0000000000000000
0.0000000000000000
0.0000000000000000
0.0000000000000000
0.0000000000000000
0.0000000000000000
0.0000000000000000
0.0000000000000000
0.0000000000000000
0.0000000000000000
0.0000000000000000
0.0000000000000000
0.0000000000000000
0.0000000000000000
0.0000000000000000
0.0350955295090359
0.0372134352848238
0.0803156132927559
0.1163830168178006
0.1416804451999647
0.1529078383538439
0.1468649527738963
0.1191238968443980
0.0596878239636412
0.0000000000000000
0.0000000000000000
0.0000000000000000
0.0000000000000000
0.0000000000000000
0.0000000000000000
0.0000000000000000
0.0000000000000000
0.0000000000000000
0.0000000000000000
0.0000000000000000
0.0000000000000000
0.0000000000000000
0.0000000000000000
0.0000000000000000
0.0350454225021747
0.0370182796331808
0.0801893153640840
0.1163438730757151
0.1417361846749800
0.1530535011601672
0.1470773078770753
0.1193425456071056
0.0597382689376263
0.0000000000000000
0.0000000000000000
0.0000000000000000
0.0000000000000000
0.0000000000000000
0.0000000000000000
0.0000000000000000
0.0000000000000000
0.0000000000000000
0.0000000000000000
0.0000000000000000
0.0000000000000000
0.0000000000000000
0.0000000000000000
0.0000000000000000
0.0349934757509717
0.0368351550346780
0.0800749835511704
0.1163160383579525
0.1418014354514056
0.1532053100771205
0.1472898444820757
0.1195496134765198
0.0597494563398084
0.0000000000000000
0.0000000000000000
0.0000000000000000
0.0000000000000000
0.0000000000000000
0.0000000000000000
0.0000000000000000
0.0000000000000000
0.0000000000000000
0.0000000000000000
0.0000000000000000
0.0000000000000000
0.0000000000000000
0.0000000000000000
0.0000000000000000
0.0349396937394361
0.0367948692035983
0.0799726963355826
0.1162994927762627
0.1418760737443529
0.1533630370909629
0.1475022269704160
0.1197446120385292
0.0597205175569454
0.0000000000000000
0.0000000000000000
0.0000000000000000
0.0000000000000000
0.0000000000000000
0.0000000000000000
0.0000000000000000
0.0000000000000000
0.0000000000000000
0.0000000000000000
0.0000000000000000
0.0000000000000000
0.0000000000000000
0.0000000000000000
0.0000000000000000
0.0348840803717255
0.0367525558839741
0.0798825198384610
0.1162942030850202
0.1419599619489495
0.1535264399373059
0.1477141033525756
0.1199270257656648
0.0596505241431595
0.0000000000000000
0.0000000000000000
0.0000000000000000
0.0000000000000000
0.0000000000000000
0.0000000000000000
0.0000000000000000
0.0000000000000000
0.0000000000000000
0.0000000000000000
0.0000000000000000
0.0000000000000000
0.0000000000000000
0.0000000000000000
0.0000000000000000
0.0348266391364417
0.0367082068502333
0.0798045086579439
0.1163001233211636
0.1420529489598151
0.1536952620139922
0.1479251046746534
0.1200963106741361
0.0595384860961513
0.0000000000000000
0.0000000000000000
0.0000000000000000
0.0000000000000000
0.0000000000000000
0.0000000000000000
0.0000000000000000
0.0000000000000000
0.0000000000000000
0.0000000000000000
0.0000000000000000
0.0000000000000000
0.0000000000000000
0.0000000000000000
0.0000000000000000
0.0347673733358869
0.0366618137450803
0.0797387072936081
0.1163171958497953
0.1421548707223562
0.1538692323083096
0.1481348441879503
0.1202518924051483
0.0593833494616806
0.0000000000000000
0.0000000000000000
0.0000000000000000
0.0000000000000000
0.0000000000000000
0.0000000000000000
0.0000000000000000
0.0000000000000000
0.0000000000000000
0.0000000000000000
0.0000000000000000
0.0000000000000000
0.0000000000000000
0.0000000000000000
0.0000000000000000
0.0347062863737380
0.0366133682810535
0.0796851517868244
0.1163453525613872
0.1422655508057039
0.1540480652365574
0.1483429163491441
0.1203931641094125
0.0591839940711935
0.0000000000000000
0.0000000000000000
0.0000000000000000
0.0000000000000000
0.0000000000000000
0.0000000000000000
0.0000000000000000
0.0000000000000000
0.0000000000000000
0.0000000000000000
0.0000000000000000
0.0000000000000000
0.0000000000000000
0.0000000000000000
0.0000000000000000
0.0346433820963168
0.0365628624892160
0.0796438712652221
0.1163845159087108
0.1423848008221828
0.1542314603556171
0.1485488957616220
0.1205194844181881
0.0589392322209310
0.0000000000000000
0.0000000000000000
0.0000000000000000
0.0000000000000000
0.0000000000000000
0.0000000000000000
0.0000000000000000
0.0000000000000000
0.0000000000000000
0.0000000000000000
0.0000000000000000
0.0000000000000000
0.0000000000000000
0.0000000000000000
0.0000000000000000
0.0345786651538730
0.0365102889935589
0.0796148892621384
0.1164345998032372
0.1425124207650880
0.1544191020812285
0.1487523362329932
0.1206301756637316
0.0586478081044745
0.0000000000000000
0.0000000000000000
0.0000000000000000
0.0000000000000000
0.0000000000000000
0.0000000000000000
0.0000000000000000
0.0000000000000000
0.0000000000000000
0.0000000000000000
0.0000000000000000
0.0000000000000000
0.0000000000000000
0.0000000000000000
0.0000000000000000
0.0345121413059135
0.0364556412442669
0.0795982249409490
0.1164955105310367
0.1426481995425060
0.1546106597560195
0.1489527702776050
0.1207245224198664
0.0583083975074030
0.0000000000000000
0.0000000000000000
0.0000000000000000
0.0000000000000000
0.0000000000000000
0.0000000000000000
0.0000000000000000
0.0000000000000000
0.0000000000000000
0.0000000000000000
0.0000000000000000
0.0000000000000000
0.0000000000000000
0.0000000000000000
0.0000000000000000
0.0344438175514648
0.0363989136149299
0.0795938940988458
0.1165671477801766
0.1427919159228324
0.1548057884034381
0.1491497094380594
0.1208017706669345
0.0579196073970021
0.0000000000000000
0.0000000000000000
0.0000000000000000
0.0000000000000000
0.0000000000000000
0.0000000000000000
0.0000000000000000
0.0000000000000000
0.0000000000000000
0.0000000000000000
0.0000000000000000
0.0000000000000000
0.0000000000000000
0.0000000000000000
0.0000000000000000
0.0343737019827691
0.0363401012928170
0.0796019095204352
0.1166494054079243
0.1429433397156896
0.1550041301955658
0.1493426457095761
0.1208611280664113
0.0574799764746509
0.0000000000000000
0.0000000000000000
0.0000000000000000
0.0000000000000000
0.0000000000000000
0.0000000000000000
0.0000000000000000
0.0000000000000000
0.0000000000000000
0.0000000000000000
0.0000000000000000
0.0000000000000000
0.0000000000000000
0.0000000000000000
0.0000000000000000
0.0343018033520065
0.0362791999803683
0.0796222797947879
0.1167421711861754
0.1431022325192937
0.1552053161774031
0.1495310539384009
0.1209017659857524
0.0569879789453985
0.0000000000000000
0.0000000000000000
0.0000000000000000
0.0000000000000000
0.0000000000000000
0.0000000000000000
0.0000000000000000
0.0000000000000000
0.0000000000000000
0.0000000000000000
0.0000000000000000
0.0000000000000000
0.0000000000000000
0.0000000000000000
0.0000000000000000
0.0342281304803215
0.0362162055295274
0.0796550060027125
0.1168453247487154
0.1432683472424601
0.1554089674937290
0.1497143947074370
0.1209228234197039
0.0564420339768788
0.0000000000000000
0.0000000000000000
0.0000000000000000
0.0000000000000000
0.0000000000000000
0.0000000000000000
0.0000000000000000
0.0000000000000000
0.0000000000000000
0.0000000000000000
0.0000000000000000
0.0000000000000000
0.0000000000000000
0.0000000000000000
0.0000000000000000
0.0341526917134209
0.0361511136779358
0.0797000763592710
0.1169587336571556
0.1434414260152111
0.1556146955365294
0.1498921170149616
0.1209234124209287
0.0558405216919770
0.0000000000000000
0.0000000000000000
0.0000000000000000
0.0000000000000000
0.0000000000000000
0.0000000000000000
0.0000000000000000
0.0000000000000000
0.0000000000000000
0.0000000000000000
0.0000000000000000
0.0000000000000000
0.0000000000000000
0.0000000000000000
0.0000000000000000
0.0340754945988451
0.0360839199939640
0.0797574598890929
0.1170822483307875
0.1436211969524017
0.1558221010313674
0.1500636602901373
0.1209026239433014
0.0551818041388360
0.0000000000000000
0.0000000000000000
0.0000000000000000
0.0000000000000000
0.0000000000000000
0.0000000000000000
0.0000000000000000
0.0000000000000000
0.0000000000000000
0.0000000000000000
0.0000000000000000
0.0000000000000000
0.0000000000000000
0.0000000000000000
0.0000000000000000
0.0339965458114099
0.0360146200101701
0.0798271006925965
0.1172156973025021
0.1438073708520558
0.1560307727167453
0.1502284556989374
0.1208595328940050
0.0544642475660423
0.0000000000000000
0.0000000000000000
0.0000000000000000
0.0000000000000000
0.0000000000000000
0.0000000000000000
0.0000000000000000
0.0000000000000000
0.0000000000000000
0.0000000000000000
0.0000000000000000
0.0000000000000000
0.0000000000000000
0.0000000000000000
0.0000000000000000
0.0339158512191137
0.0359432094114074
0.0799089141718954
0.1173588840785588
0.1439996390428689
0.1562402864888977
0.1503859270225099
0.1207932014381794
0.0536862425135079
0.0000000000000000
0.0000000000000000
0.0000000000000000
0.0000000000000000
0.0000000000000000
0.0000000000000000
0.0000000000000000
0.0000000000000000
0.0000000000000000
0.0000000000000000
0.0000000000000000
0.0000000000000000
0.0000000000000000
0.0000000000000000
0.0000000000000000
0.0338334159335351
0.0358696841360822
0.0800027857216369
0.1175115862441057
0.1441976729684633
0.1564502055557786
0.1505354914231149
0.1207026802394550
0.0528462198435315
0.0000000000000000
0.0000000000000000
0.0000000000000000
0.0000000000000000
0.0000000000000000
0.0000000000000000
0.0000000000000000
0.0000000000000000
0.0000000000000000
0.0000000000000000
0.0000000000000000
0.0000000000000000
0.0000000000000000
0.0000000000000000
0.0000000000000000
0.0337492442676677
0.0357940403350470
0.0801085715969532
0.1176735565143007
0.1444011253475635
0.1566600815273642
0.1506765601537996
0.1205870078657368
0.0519426637492739
0.0000000000000000
0.0000000000000000
0.0000000000000000
0.0000000000000000
0.0000000000000000
0.0000000000000000
0.0000000000000000
0.0000000000000000
0.0000000000000000
0.0000000000000000
0.0000000000000000
0.0000000000000000
0.0000000000000000
0.0000000000000000
0.0000000000000000
0.0336633396375166
0.0357556583502874
0.0802261010832412
0.1178445249495792
0.1446096321860918
0.1568694559332441
0.1508085390693787
0.1204452089223947
0.0509741243480207
0.0000000000000000
0.0000000000000000
0.0000000000000000
0.0000000000000000
0.0000000000000000
0.0000000000000000
0.0000000000000000
0.0000000000000000
0.0000000000000000
0.0000000000000000
0.0000000000000000
0.0000000000000000
0.0000000000000000
0.0000000000000000
0.0000000000000000
0.0335757045058073
0.0358315277319666
0.0803551792495160
0.1180242015332324
0.1448228149359074
0.1570778616266699
0.1509308287519067
0.1202762914861222
0.0499392328571502
0.0000000000000000
0.0000000000000000
0.0000000000000000
0.0000000000000000
0.0000000000000000
0.0000000000000000
0.0000000000000000
0.0000000000000000
0.0000000000000000
0.0000000000000000
0.0000000000000000
0.0000000000000000
0.0000000000000000
0.0000000000000000
0.0000000000000000
0.0334863404291067
0.0359206016970089
0.0804955897493787
0.1182122786796224
0.1450402824178650
0.1572848238424053
0.1510428242450778
0.1200792442343072
0.0488367213132871
0.0000000000000000
0.0000000000000000
0.0000000000000000
0.0000000000000000
0.0000000000000000
0.0000000000000000
