0.0000000000000000
0.0000000000000000
0.0000000000000000
0.0000000000000000
0.0255083530959810
0.0642141916638624
0.0942843672723100
0.1128720248420638
0.1190141340243800
0.1127275526428792
0.0949454247789739
0.0674891580406461
0.0000000000000000
0.0000000000000000
0.0000000000000000
0.0000000000000000
0.0000000000000000
0.0000000000000000
0.0000000000000000
0.0000000000000000
0.0000000000000000
0.0000000000000000
0.0000000000000000
0.0000000000000000
0.0000000000000000
0.0000000000000000
0.0000000000000000
0.0000000000000000
0.0251412172165389
0.0640186529284351
0.0942443904912781
0.1129671636937459
0.1192278413769537
0.1130414561549088
0.0953372144990316
0.0679322961295934
0.0000000000000000
0.0000000000000000
0.0000000000000000
0.0000000000000000
0.0000000000000000
0.0000000000000000
0.0000000000000000
0.0000000000000000
0.0000000000000000
0.0000000000000000
0.0000000000000000
0.0000000000000000
0.0000000000000000
0.0000000000000000
0.0000000000000000
0.0000000000000000
0.0247689242679653
0.0638300236220524
0.0942173099285979
0.1130777592992097
0.1194577308388318
0.1133711399639349
0.0957436615833165
0.0683885527226678
0.0000000000000000
0.0000000000000000
0.0000000000000000
0.0000000000000000
0.0000000000000000
0.0000000000000000
0.0000000000000000
0.0000000000000000
0.0000000000000000
0.0000000000000000
0.0000000000000000
0.0000000000000000
0.0000000000000000
0.0000000000000000
0.0000000000000000
0.0000000000000000
0.0243910472064176
0.0636481172111442
0.0942029942210440
0.1132036395758340
0.1197035655781398
0.1137163044632840
0.0961644177697284
0.0688575517136899
0.0000000000000000
0.0000000000000000
0.0000000000000000
0.0000000000000000
0.0000000000000000
0.0000000000000000
0.0000000000000000
0.0000000000000000
0.0000000000000000
0.0000000000000000
0.0000000000000000
0.0000000000000000
0.0000000000000000
0.0000000000000000
0.0000000000000000
0.0000000000000000
0.0240071230581994
0.0634727216521486
0.0942012937508350
0.1133446170334212
0.1199650956321294
0.1140766394032504
0.0965991268974319
0.0693389119518165
0.0000000000000000
0.0000000000000000
0.0000000000000000
0.0000000000000000
0.0000000000000000
0.0000000000000000
0.0000000000000000
0.0000000000000000
0.0000000000000000
0.0000000000000000
0.0000000000000000
0.0000000000000000
0.0000000000000000
0.0000000000000000
0.0000000000000000
0.0000000000000000
0.0236166561310229
0.0633036010995045
0.0942120421649622
0.1135004899036041
0.1202420585884916
0.1144518241321204
0.0970474247581502
0.0698322467502709
0.0000000000000000
0.0000000000000000
0.0000000000000000
0.0000000000000000
0.0000000000000000
0.0000000000000000
0.0000000000000000
0.0000000000000000
0.0000000000000000
0.0000000000000000
0.0000000000000000
0.0000000000000000
0.0000000000000000
0.0000000000000000
0.0000000000000000
0.0000000000000000
0.0232191207906761
0.0631404969159021
0.0942350573790869
0.1136710429485479
0.1205341801815771
0.1148415279767212
0.0975089392658384
0.0703371639023084
0.0000000000000000
0.0000000000000000
0.0000000000000000
0.0000000000000000
0.0000000000000000
0.0000000000000000
0.0000000000000000
0.0000000000000000
0.0000000000000000
0.0000000000000000
0.0000000000000000
0.0000000000000000
0.0000000000000000
0.0000000000000000
0.0000000000000000
0.0000000000000000
0.0228139639886780
0.0629831280643163
0.0942701420724412
0.1138560479409515
0.1208411747303926
0.1152454106419441
0.0979832908277951
0.0708532659900741
0.0000000000000000
0.0000000000000000
0.0000000000000000
0.0000000000000000
0.0000000000000000
0.0000000000000000
0.0000000000000000
0.0000000000000000
0.0000000000000000
0.0000000000000000
0.0000000000000000
0.0000000000000000
0.0000000000000000
0.0000000000000000
0.0000000000000000
0.0000000000000000
0.0224006078091333
0.0628311910136181
0.0943170837671552
0.1140552637994218
0.1211627453483100
0.1156631224954984
0.0984700926846718
0.0713801507934278
0.0000000000000000
0.0000000000000000
0.0000000000000000
0.0000000000000000
0.0000000000000000
0.0000000000000000
0.0000000000000000
0.0000000000000000
0.0000000000000000
0.0000000000000000
0.0000000000000000
0.0000000000000000
0.0000000000000000
0.0000000000000000
0.0000000000000000
0.0000000000000000
0.0219784524508220
0.0626843594294153
0.0943756546278166
0.1142684364671895
0.1214985839111117
0.1160943046369029
0.0989689510843985
0.0719174115209257
0.0000000000000000
0.0000000000000000
0.0000000000000000
0.0000000000000000
0.0000000000000000
0.0000000000000000
0.0000000000000000
0.0000000000000000
0.0000000000000000
0.0000000000000000
0.0000000000000000
0.0000000000000000
0.0000000000000000
0.0000000000000000
0.0000000000000000
0.0000000000000000
0.0215468800116301
0.0625422839392178
0.0944456112505388
0.1144952986706283
0.1218483708330679
0.1165385887112152
0.0994794651244971
0.0724646366948010
0.0000000000000000
0.0000000000000000
0.0000000000000000
0.0000000000000000
0.0000000000000000
0.0000000000000000
0.0000000000000000
0.0000000000000000
0.0000000000000000
0.0000000000000000
0.0000000000000000
0.0000000000000000
0.0000000000000000
0.0000000000000000
0.0000000000000000
0.0000000000000000
0.0211052595926891
0.0624045923433623
0.0945266946803331
0.1147355697497100
0.1222117747365785
0.1169955964420794
0.1000012261798268
0.0730214094775934
0.0000000000000000
0.0000000000000000
0.0000000000000000
0.0000000000000000
0.0000000000000000
0.0000000000000000
0.0000000000000000
0.0000000000000000
0.0000000000000000
0.0000000000000000
0.0000000000000000
0.0000000000000000
0.0000000000000000
0.0000000000000000
0.0000000000000000
0.0000000000000000
0.0206529540144572
0.0622708905073636
0.0946186308897785
0.1149889556840220
0.1225884520821149
0.1174649389091400
0.1005338168622981
0.0735873063880320
0.0000000000000000
0.0000000000000000
0.0000000000000000
0.0000000000000000
0.0000000000000000
0.0000000000000000
0.0000000000000000
0.0000000000000000
0.0000000000000000
0.0000000000000000
0.0000000000000000
0.0000000000000000
0.0000000000000000
0.0000000000000000
0.0000000000000000
0.0000000000000000
0.0201893283453612
0.0621407639617340
0.0947211316560577
0.1152551492879419
0.1229780467287500
0.1179462155357237
0.1010768095256565
0.0741618954163233
0.0000000000000000
0.0000000000000000
0.0000000000000000
0.0000000000000000
0.0000000000000000
0.0000000000000000
0.0000000000000000
0.0000000000000000
0.0000000000000000
0.0000000000000000
0.0000000000000000
0.0000000000000000
0.0000000000000000
0.0000000000000000
0.0000000000000000
0.0000000000000000
0.0197137601908836
0.0620137799533432
0.0948338956276014
0.1155338303615040
0.1233801892865798
0.1184390127385261
0.1016297643147682
0.0747447336323748
0.0000000000000000
0.0000000000000000
0.0000000000000000
0.0000000000000000
0.0000000000000000
0.0000000000000000
0.0000000000000000
0.0000000000000000
0.0000000000000000
0.0000000000000000
0.0000000000000000
0.0000000000000000
0.0000000000000000
0.0000000000000000
0.0000000000000000
0.0000000000000000
0.0192256517097744
0.0618894897264180
0.0949566093017326
0.1158246656209157
0.1237944961540279
0.1189429022126822
0.1021922268517680
0.0753353644176107
0.0000000000000000
0.0000000000000000
0.0000000000000000
0.0000000000000000
0.0000000000000000
0.0000000000000000
0.0000000000000000
0.0000000000000000
0.0000000000000000
0.0000000000000000
0.0000000000000000
0.0000000000000000
0.0000000000000000
0.0000000000000000
0.0000000000000000
0.0000000000000000
0.0187244432496585
0.0617674308578811
0.0950889479072195
0.1161273084749510
0.1242205684291360
0.1194574391365691
0.1027637258811199
0.0759333147349002
0.0000000000000000
0.0000000000000000
0.0000000000000000
0.0000000000000000
0.0000000000000000
0.0000000000000000
0.0000000000000000
0.0000000000000000
0.0000000000000000
0.0000000000000000
0.0000000000000000
0.0000000000000000
0.0000000000000000
0.0000000000000000
0.0000000000000000
0.0000000000000000
0.0182096282695294
0.0616471296753955
0.0952305764471244
0.1164413991407529
0.1246579913137447
0.1199821610182109
0.1033437716864900
0.0765380932235904
0.0000000000000000
0.0000000000000000
0.0000000000000000
0.0000000000000000
0.0000000000000000
0.0000000000000000
0.0000000000000000
0.0000000000000000
0.0000000000000000
0.0000000000000000
0.0000000000000000
0.0000000000000000
0.0000000000000000
0.0000000000000000
0.0000000000000000
0.0000000000000000
0.0176807686609021
0.0615281035173205
0.0953811511869477
0.1167665656651450
0.1251063348273019
0.1205165881656142
0.1039318563535050
0.0771491903047917
0.0000000000000000
0.0000000000000000
0.0000000000000000
0.0000000000000000
0.0000000000000000
0.0000000000000000
0.0000000000000000
0.0000000000000000
0.0000000000000000
0.0000000000000000
0.0000000000000000
0.0000000000000000
0.0000000000000000
0.0000000000000000
0.0000000000000000
0.0000000000000000
0.0171375093392834
0.0614098621943504
0.0955403214077797
0.1171024260329888
0.1255651562410452
0.1210602263858932
0.1045274566492615
0.0777660811117777
0.0000000000000000
0.0000000000000000
0.0000000000000000
0.0000000000000000
0.0000000000000000
0.0000000000000000
0.0000000000000000
0.0000000000000000
0.0000000000000000
0.0000000000000000
0.0000000000000000
0.0000000000000000
0.0000000000000000
0.0000000000000000
0.0000000000000000
0.0000000000000000
0.0165795912488715
0.0612919077853451
0.0957077306904201
0.1174485907047746
0.1260340037129312
0.1216125715296843
0.1051300392407311
0.0783882311411108
0.0000000000000000
0.0000000000000000
0.0000000000000000
0.0000000000000000
0.0000000000000000
0.0000000000000000
0.0000000000000000
0.0000000000000000
0.0000000000000000
0.0000000000000000
0.0000000000000000
0.0000000000000000
0.0000000000000000
0.0000000000000000
0.0000000000000000
0.0000000000000000
0.0160068632467738
0.0611737320823416
0.0958830166529431
0.1178046643187172
0.1265124197181379
0.1221731144069014
0.1057390668098883
0.0790151031752447
0.0000000000000000
0.0000000000000000
0.0000000000000000
0.0000000000000000
0.0000000000000000
0.0000000000000000
0.0000000000000000
0.0000000000000000
0.0000000000000000
0.0000000000000000
0.0000000000000000
0.0000000000000000
0.0000000000000000
0.0000000000000000
0.0000000000000000
0.0000000000000000
0.0154192945519523
0.0610548119574785
0.0960658085718365
0.1181702454143290
0.1269999427628433
0.1227413443078585
0.1063540030831645
0.0796461634621179
0.0000000000000000
0.0000000000000000
0.0000000000000000
0.0000000000000000
0.0000000000000000
0.0000000000000000
0.0000000000000000
0.0000000000000000
0.0000000000000000
0.0000000000000000
0.0000000000000000
0.0000000000000000
0.0000000000000000
0.0000000000000000
0.0000000000000000
0.0000000000000000
0.0148169901114108
0.0609346037264374
0.0962557232406315
0.1185449240161400
0.1274961067663924
0.1233167501268834
0.1069743155251125
0.0802808856406976
0.0000000000000000
0.0000000000000000
0.0000000000000000
0.0000000000000000
0.0000000000000000
0.0000000000000000
0.0000000000000000
0.0000000000000000
0.0000000000000000
0.0000000000000000
0.0000000000000000
0.0000000000000000
0.0000000000000000
0.0000000000000000
0.0000000000000000
0.0000000000000000
0.0142002104195607
0.0608125380911750
0.0964523603677507
0.1189282781098816
0.1280004388662672
0.1238988195535611
0.1075994758164361
0.0809187523217938
0.0000000000000000
0.0000000000000000
0.0000000000000000
0.0000000000000000
0.0000000000000000
0.0000000000000000
0.0000000000000000
0.0000000000000000
0.0000000000000000
0.0000000000000000
0.0000000000000000
0.0000000000000000
0.0000000000000000
0.0000000000000000
0.0000000000000000
0.0000000000000000
0.0135693958753266
0.0606880167921301
0.0966552990983431
0.1193198706969911
0.1285124572791500
0.1244870378281803
0.1082289594790546
0.0815592554353324
0.0000000000000000
0.0000000000000000
0.0000000000000000
0.0000000000000000
0.0000000000000000
0.0000000000000000
0.0000000000000000
0.0000000000000000
0.0000000000000000
0.0000000000000000
0.0000000000000000
0.0000000000000000
0.0000000000000000
0.0000000000000000
0.0000000000000000
0.0000000000000000
0.0129251945086199
0.0605604113135561
0.0968640965973854
0.1197192487022482
0.1290316706447367
0.1250808875302357
0.1088622460496047
0.0822018967156921
0.0000000000000000
0.0000000000000000
0.0000000000000000
0.0000000000000000
0.0000000000000000
0.0000000000000000
0.0000000000000000
0.0000000000000000
0.0000000000000000
0.0000000000000000
0.0000000000000000
0.0000000000000000
0.0000000000000000
0.0000000000000000
0.0000000000000000
0.0000000000000000
0.0122684917656684
0.0604290632146536
0.0970782887323225
0.1201259439479358
0.1295575791977061
0.1256798498405710
0.1094988203333709
0.0828461888434283
0.0000000000000000
0.0000000000000000
0.0000000000000000
0.0000000000000000
0.0000000000000000
0.0000000000000000
0.0000000000000000
0.0000000000000000
0.0000000000000000
0.0000000000000000
0.0000000000000000
0.0000000000000000
0.0000000000000000
0.0000000000000000
0.0000000000000000
0.0000000000000000
0.0116004416065139
0.0602932854601074
0.0972973920560624
0.1205394754214822
0.1300896770291327
0.1262834066151002
0.1101381741618841
0.0834916568343170
0.0000000000000000
0.0000000000000000
0.0000000000000000
0.0000000000000000
0.0000000000000000
0.0000000000000000
0.0000000000000000
0.0000000000000000
0.0000000000000000
0.0000000000000000
0.0000000000000000
0.0000000000000000
0.0000000000000000
0.0000000000000000
0.0000000000000000
0.0000000000000000
0.0109224987977871
0.0601523642524757
0.0975209062273154
0.1209593517560255
0.1306274543305257
0.1268910422036041
0.1107798076969063
0.0841378387858939
0.0000000000000000
0.0000000000000000
0.0000000000000000
0.0000000000000000
0.0000000000000000
0.0000000000000000
0.0000000000000000
0.0000000000000000
0.0000000000000000
0.0000000000000000
0.0000000000000000
0.0000000000000000
0.0000000000000000
0.0000000000000000
0.0000000000000000
0.0000000000000000
0.0102364519131549
0.0600055612235303
0.0977483162929739
0.1213850732720697
0.1311703989481190
0.1275022444053721
0.1114232297409805
0.0847842856007071
0.0000000000000000
0.0000000000000000
0.0000000000000000
0.0000000000000000
0.0000000000000000
0.0000000000000000
0.0000000000000000
0.0000000000000000
0.0000000000000000
0.0000000000000000
0.0000000000000000
0.0000000000000000
