0.0000000000000000
0.0000000000000000
0.0000000000000000
0.0000000000000000
0.0255084382136483
0.0642142690870959
0.0942844476481191
0.1128721117275443
0.1190142265380460
0.1127276478840606
0.0949455189857652
0.0674892472815953
0.0000000000000000
0.0000000000000000
0.0000000000000000
0.0000000000000000
0.0000000000000000
0.0000000000000000
0.0000000000000000
0.0000000000000000
0.0000000000000000
0.0000000000000000
0.0000000000000000
0.0000000000000000
0.0000000000000000
0.0000000000000000
0.0000000000000000
0.0000000000000000
0.0251413026183778
0.0640187303082953
0.0942444706878561
0.1129672503778212
0.1192279337059952
0.1130415512419485
0.0953373085855181
0.0679323852824927
0.0000000000000000
0.0000000000000000
0.0000000000000000
0.0000000000000000
0.0000000000000000
0.0000000000000000
0.0000000000000000
0.0000000000000000
0.0000000000000000
0.0000000000000000
0.0000000000000000
0.0000000000000000
0.0000000000000000
0.0000000000000000
0.0000000000000000
0.0000000000000000
0.0247690099747483
0.0638301009555221
0.0942173899336467
0.1130778457674321
0.1194578229683750
0.1133712348819030
0.0957437555345445
0.0683886417725467
0.0000000000000000
0.0000000000000000
0.0000000000000000
0.0000000000000000
0.0000000000000000
0.0000000000000000
0.0000000000000000
0.0000000000000000
0.0000000000000000
0.0000000000000000
0.0000000000000000
0.0000000000000000
0.0000000000000000
0.0000000000000000
0.0000000000000000
0.0000000000000000
0.0243911332389935
0.0636481944954928
0.0942030740223175
0.1132037258137688
0.1197036574933054
0.1137163991972243
0.0961645115706957
0.0688576406455073
0.0000000000000000
0.0000000000000000
0.0000000000000000
0.0000000000000000
0.0000000000000000
0.0000000000000000
0.0000000000000000
0.0000000000000000
0.0000000000000000
0.0000000000000000
0.0000000000000000
0.0000000000000000
0.0000000000000000
0.0000000000000000
0.0000000000000000
0.0000000000000000
0.0240072094373437
0.0634727988849245
0.0942013733361294
0.1133447030266393
0.1199651873180278
0.1140767339381779
0.0965992205330861
0.0693390007504599
0.0000000000000000
0.0000000000000000
0.0000000000000000
0.0000000000000000
0.0000000000000000
0.0000000000000000
0.0000000000000000
0.0000000000000000
0.0000000000000000
0.0000000000000000
0.0000000000000000
0.0000000000000000
0.0000000000000000
0.0000000000000000
0.0000000000000000
0.0000000000000000
0.0236167428772563
0.0633036782785268
0.0942121215221060
0.1135005756376752
0.1202421500302189
0.1144519184530189
0.0970475182133879
0.0698323354005580
0.0000000000000000
0.0000000000000000
0.0000000000000000
0.0000000000000000
0.0000000000000000
0.0000000000000000
0.0000000000000000
0.0000000000000000
0.0000000000000000
0.0000000000000000
0.0000000000000000
0.0000000000000000
0.0000000000000000
0.0000000000000000
0.0000000000000000
0.0000000000000000
0.0232192079240555
0.0631405740392516
0.0942351364959297
0.1136711284090332
0.1205342713642101
0.1148416220685402
0.0975090325255033
0.0703372523889851
0.0000000000000000
0.0000000000000000
0.0000000000000000
0.0000000000000000
0.0000000000000000
0.0000000000000000
0.0000000000000000
0.0000000000000000
0.0000000000000000
0.0000000000000000
0.0000000000000000
0.0000000000000000
0.0000000000000000
0.0000000000000000
0.0000000000000000
0.0000000000000000
0.0228140515285467
0.0629832051303247
0.0942702209368426
0.1138561331133968
0.1208412656389846
0.1152455044895954
0.0979833838766767
0.0708533542978151
0.0000000000000000
0.0000000000000000
0.0000000000000000
0.0000000000000000
0.0000000000000000
0.0000000000000000
0.0000000000000000
0.0000000000000000
0.0000000000000000
0.0000000000000000
0.0000000000000000
0.0000000000000000
0.0000000000000000
0.0000000000000000
0.0000000000000000
0.0000000000000000
0.0224006957738304
0.0628312680208565
0.0943171623669740
0.1140553486693502
0.1211628359678857
0.1156632160838542
0.0984701855075036
0.0713802389068362
0.0000000000000000
0.0000000000000000
0.0000000000000000
0.0000000000000000
0.0000000000000000
0.0000000000000000
0.0000000000000000
0.0000000000000000
0.0000000000000000
0.0000000000000000
0.0000000000000000
0.0000000000000000
0.0000000000000000
0.0000000000000000
0.0000000000000000
0.0000000000000000
0.0219785408573444
0.0626844363766811
0.0943757329508984
0.1142685210200935
0.1214986742266631
0.1160943979507924
0.0989690436658570
0.0719174994245333
0.0000000000000000
0.0000000000000000
0.0000000000000000
0.0000000000000000
0.0000000000000000
0.0000000000000000
0.0000000000000000
0.0000000000000000
0.0000000000000000
0.0000000000000000
0.0000000000000000
0.0000000000000000
0.0000000000000000
0.0000000000000000
0.0000000000000000
0.0000000000000000
0.0215469688752381
0.0625423608255217
0.0944456892847038
0.1144953828919639
0.1218484608295505
0.1165386817354232
0.0994795574492013
0.0724647243730691
0.0000000000000000
0.0000000000000000
0.0000000000000000
0.0000000000000000
0.0000000000000000
0.0000000000000000
0.0000000000000000
0.0000000000000000
0.0000000000000000
0.0000000000000000
0.0000000000000000
0.0000000000000000
0.0000000000000000
0.0000000000000000
0.0000000000000000
0.0000000000000000
0.0211053489264517
0.0624046691679130
0.0945267724133655
0.1147356536248894
0.1222118643989075
0.1169956891613444
0.1000013182323388
0.0730214969149142
0.0000000000000000
0.0000000000000000
0.0000000000000000
0.0000000000000000
0.0000000000000000
0.0000000000000000
0.0000000000000000
0.0000000000000000
0.0000000000000000
0.0000000000000000
0.0000000000000000
0.0000000000000000
0.0000000000000000
0.0000000000000000
0.0000000000000000
0.0000000000000000
0.0206530438287268
0.0622709672695503
0.0946187083094142
0.1149890391984078
0.1225885413951630
0.1174650313081535
0.1005339086271225
0.0735873935687305
0.0000000000000000
0.0000000000000000
0.0000000000000000
0.0000000000000000
0.0000000000000000
0.0000000000000000
0.0000000000000000
0.0000000000000000
0.0000000000000000
0.0000000000000000
0.0000000000000000
0.0000000000000000
0.0000000000000000
0.0000000000000000
0.0000000000000000
0.0000000000000000
0.0201894186471691
0.0621408406611103
0.0947212087499737
0.1152552324268434
0.1229781356773458
0.1179463075991308
0.1010769009872425
0.0741619823246593
0.0000000000000000
0.0000000000000000
0.0000000000000000
0.0000000000000000
0.0000000000000000
0.0000000000000000
0.0000000000000000
0.0000000000000000
0.0000000000000000
0.0000000000000000
0.0000000000000000
0.0000000000000000
0.0000000000000000
0.0000000000000000
0.0000000000000000
0.0000000000000000
0.0197138509832506
0.0620138565896060
0.0948339723834053
0.1155339131101724
0.1233802778555073
0.1184391044509263
0.1016298554575119
0.0747448202525462
0.0000000000000000
0.0000000000000000
0.0000000000000000
0.0000000000000000
0.0000000000000000
0.0000000000000000
0.0000000000000000
0.0000000000000000
0.0000000000000000
0.0000000000000000
0.0000000000000000
0.0000000000000000
0.0000000000000000
0.0000000000000000
0.0000000000000000
0.0000000000000000
0.0192257429909228
0.0618895662993857
0.0949566857069531
0.1158247479645430
0.1237945843280281
0.1189429935586324
0.1021923176600155
0.0753354507337578
0.0000000000000000
0.0000000000000000
0.0000000000000000
0.0000000000000000
0.0000000000000000
0.0000000000000000
0.0000000000000000
0.0000000000000000
0.0000000000000000
0.0000000000000000
0.0000000000000000
0.0000000000000000
0.0000000000000000
0.0000000000000000
0.0000000000000000
0.0000000000000000
0.0187245350121198
0.0617675073674694
0.0950890239492981
0.1161273903986696
0.1242206561929097
0.1194575301005879
0.1027638163391729
0.0759334007311109
0.0000000000000000
0.0000000000000000
0.0000000000000000
0.0000000000000000
0.0000000000000000
0.0000000000000000
0.0000000000000000
0.0000000000000000
0.0000000000000000
0.0000000000000000
0.0000000000000000
0.0000000000000000
0.0000000000000000
0.0000000000000000
0.0000000000000000
0.0000000000000000
0.0182097204991389
0.0616472061215905
0.0952306521134084
0.1164414806296371
0.1246580786519580
0.1199822515847849
0.1033438617786113
0.0765381788839064
0.0000000000000000
0.0000000000000000
0.0000000000000000
0.0000000000000000
0.0000000000000000
0.0000000000000000
0.0000000000000000
0.0000000000000000
0.0000000000000000
0.0000000000000000
0.0000000000000000
0.0000000000000000
0.0000000000000000
0.0000000000000000
0.0000000000000000
0.0000000000000000
0.0176808613356765
0.0615281799001479
0.0953812264646820
0.1167666467042134
0.1251064217245912
0.1205166783192039
0.1039319460639256
0.0771492756132156
0.0000000000000000
0.0000000000000000
0.0000000000000000
0.0000000000000000
0.0000000000000000
0.0000000000000000
0.0000000000000000
0.0000000000000000
0.0000000000000000
0.0000000000000000
0.0000000000000000
0.0000000000000000
0.0000000000000000
0.0000000000000000
0.0000000000000000
0.0000000000000000
0.0171376024281729
0.0614099385138423
0.0955403962840976
0.1171025066072048
0.1255652426820213
0.1210603161109386
0.1045275459621857
0.0777661660522777
0.0000000000000000
0.0000000000000000
0.0000000000000000
0.0000000000000000
0.0000000000000000
0.0000000000000000
0.0000000000000000
0.0000000000000000
0.0000000000000000
0.0000000000000000
0.0000000000000000
0.0000000000000000
0.0000000000000000
0.0000000000000000
0.0000000000000000
0.0000000000000000
0.0165796847103883
0.0612919840415023
0.0957078051523313
0.1174486707990444
0.1260340896821813
0.1216126608106076
0.1051301281403399
0.0783883156976250
0.0000000000000000
0.0000000000000000
0.0000000000000000
0.0000000000000000
0.0000000000000000
0.0000000000000000
0.0000000000000000
0.0000000000000000
0.0000000000000000
0.0000000000000000
0.0000000000000000
0.0000000000000000
0.0000000000000000
0.0000000000000000
0.0000000000000000
0.0000000000000000
0.0160069570274890
0.0611738082750945
0.0958830906873195
0.1178047439178847
0.1265125052002241
0.1221732032281076
0.1057391552803414
0.0790151873316834
0.0000000000000000
0.0000000000000000
0.0000000000000000
0.0000000000000000
0.0000000000000000
0.0000000000000000
0.0000000000000000
0.0000000000000000
0.0000000000000000
0.0000000000000000
0.0000000000000000
0.0000000000000000
0.0000000000000000
0.0000000000000000
0.0000000000000000
0.0000000000000000
0.0154193885848597
0.0610548880866443
0.0960658821653934
0.1181703245031680
0.1270000277422991
0.1227414326537340
0.1063540911086002
0.0796462472023657
0.0000000000000000
0.0000000000000000
0.0000000000000000
0.0000000000000000
0.0000000000000000
0.0000000000000000
0.0000000000000000
0.0000000000000000
0.0000000000000000
0.0000000000000000
0.0000000000000000
0.0000000000000000
0.0000000000000000
0.0000000000000000
0.0000000000000000
0.0000000000000000
0.0148170843141549
0.0609346797916784
0.0962557963799099
0.1185450025793465
0.1274961912277197
0.1233168379817962
0.1069744030896506
0.0802809689486177
0.0000000000000000
0.0000000000000000
0.0000000000000000
0.0000000000000000
0.0000000000000000
0.0000000000000000
0.0000000000000000
0.0000000000000000
0.0000000000000000
0.0000000000000000
0.0000000000000000
0.0000000000000000
0.0000000000000000
0.0000000000000000
0.0000000000000000
0.0000000000000000
0.0142003046925384
0.0608126140919558
0.0964524330391009
0.1189283561320665
0.1280005227939343
0.1238989069018619
0.1075995629041811
0.0809188351812345
0.0000000000000000
0.0000000000000000
0.0000000000000000
0.0000000000000000
0.0000000000000000
0.0000000000000000
0.0000000000000000
0.0000000000000000
0.0000000000000000
0.0000000000000000
0.0000000000000000
0.0000000000000000
0.0000000000000000
0.0000000000000000
0.0000000000000000
0.0000000000000000
0.0135694900996790
0.0606880927276739
0.0966553712879091
0.1193199481626766
0.1285125406575917
0.1244871246542059
0.1082290460741027
0.0815593378301361
0.0000000000000000
0.0000000000000000
0.0000000000000000
0.0000000000000000
0.0000000000000000
0.0000000000000000
0.0000000000000000
0.0000000000000000
0.0000000000000000
0.0000000000000000
0.0000000000000000
0.0000000000000000
0.0000000000000000
0.0000000000000000
0.0000000000000000
0.0000000000000000
0.0129252885441463
0.0605604871828025
0.0968641682910914
0.1197193255958625
0.1290317534583557
0.1250809738183137
0.1088623321360511
0.0822019786297054
0.0000000000000000
0.0000000000000000
0.0000000000000000
0.0000000000000000
0.0000000000000000
0.0000000000000000
0.0000000000000000
0.0000000000000000
0.0000000000000000
0.0000000000000000
0.0000000000000000
0.0000000000000000
0.0000000000000000
0.0000000000000000
0.0000000000000000
0.0000000000000000
0.0122685854487073
0.0604291390162125
0.0970783599158581
0.1201260202538100
0.1295576614308731
0.1256799355750233
0.1094989058953162
0.0828462702605118
0.0000000000000000
0.0000000000000000
0.0000000000000000
0.0000000000000000
0.0000000000000000
0.0000000000000000
0.0000000000000000
0.0000000000000000
0.0000000000000000
0.0000000000000000
0.0000000000000000
0.0000000000000000
0.0000000000000000
0.0000000000000000
0.0000000000000000
0.0000000000000000
0.0116005347478582
0.0602933611922124
0.0972974627148674
0.1205395511238451
0.1300897586661863
0.1262834917802460
0.1101382591834398
0.0834917377383519
0.0000000000000000
0.0000000000000000
0.0000000000000000
0.0000000000000000
0.0000000000000000
0.0000000000000000
0.0000000000000000
0.0000000000000000
0.0000000000000000
0.0000000000000000
0.0000000000000000
0.0000000000000000
0.0000000000000000
0.0000000000000000
0.0000000000000000
0.0000000000000000
0.0109225911807193
0.0601524399129356
0.0975209763465636
0.1209594268389964
0.1306275353557700
0.1268911267837608
0.1107798921621986
0.0841379191607893
0.0000000000000000
0.0000000000000000
0.0000000000000000
0.0000000000000000
0.0000000000000000
0.0000000000000000
0.0000000000000000
0.0000000000000000
0.0000000000000000
0.0000000000000000
0.0000000000000000
0.0000000000000000
0.0000000000000000
0.0000000000000000
0.0000000000000000
0.0000000000000000
0.0102365432917225
0.0600056368096776
0.0977483858575552
0.1213851477196516
0.1311704793458212
0.1275023283848554
0.1114233136341523
0.0847843654304035
0.0000000000000000
0.0000000000000000
0.0000000000000000
0.0000000000000000
0.0000000000000000
0.0000000000000000
0.0000000000000000
0.0000000000000000
0.0000000000000000
0.0000000000000000
0.0000000000000000
0.0000000000000000
