0.0000000000000000
0.0000000000000000
0.0000000000000000
0.0000000000000000
0.0878716936882817
0.1438490192011187
0.1552806994831041
0.1426950235906577
0.1149130698869514
0.0000000000000000
0.0000000000000000
0.0370450894130708
0.0352070802281085
0.0317081830450279
0.0267566988737035
0.0206231332188054
0.0135620035924957
0.0056146188943585
0.0000000000000000
0.0000000000000000
0.0000000000000000
0.0000000000000000
0.0000000000000000
0.0000000000000000
0.0000000000000000
0.0000000000000000
0.0000000000000000
0.0000000000000000
0.0866900257230508
0.1434579882887715
0.1552198173337030
0.1428004266274898
0.1151067827779501
0.0000000000000000
0.0000000000000000
0.0370366701713135
0.0352108989495430
0.0317217850082982
0.0267770386222141
0.0206468510560223
0.0135858407955123
0.0056355522354098
0.0000000000000000
0.0000000000000000
0.0000000000000000
0.0000000000000000
0.0000000000000000
0.0000000000000000
0.0000000000000000
0.0000000000000000
0.0000000000000000
0.0000000000000000
0.0854584624596288
0.1430467494703667
0.1551468129658106
0.1428951191944931
0.1152890776742199
0.0000000000000000
0.0000000000000000
0.0370261118952555
0.0352123470471042
0.0317327282366459
0.0267943845473095
0.0206671880168795
0.0136057952608723
0.0056517836103420
0.0000000000000000
0.0000000000000000
0.0000000000000000
0.0000000000000000
0.0000000000000000
0.0000000000000000
0.0000000000000000
0.0000000000000000
0.0000000000000000
0.0000000000000000
0.0841765454807819
0.1426150900975303
0.1550615078403521
0.1429788747494407
0.1154596933350321
0.0000000000000000
0.0000000000000000
0.0370133994581822
0.0352113994606418
0.0317409803679233
0.0268087000906448
0.0206841067388915
0.0136218323544539
0.0056632821190418
0.0000000000000000
0.0000000000000000
0.0000000000000000
0.0000000000000000
0.0000000000000000
0.0000000000000000
0.0000000000000000
0.0000000000000000
0.0000000000000000
0.0000000000000000
0.0828438220326060
0.1421627878861431
0.1549637213579971
0.1430514683087439
0.1156183733480597
0.0000000000000000
0.0000000000000000
0.0369985173547738
0.0352080311245352
0.0317465094575378
0.0268199495507071
0.0206975711139576
0.0136339189115372
0.0056700185699999
0.0000000000000000
0.0000000000000000
0.0000000000000000
0.0000000000000000
0.0000000000000000
0.0000000000000000
0.0000000000000000
0.0000000000000000
0.0000000000000000
0.0000000000000000
0.0814598550735701
0.1416896120742267
0.1548532708468507
0.1431126756992090
0.1157648649157669
0.0000000000000000
0.0000000000000000
0.0369814496588288
0.0352022168676721
0.0317492838230795
0.0268280978754453
0.0207075460402998
0.0136420229432655
0.0056719651122360
0.0000000000000000
0.0000000000000000
0.0000000000000000
0.0000000000000000
0.0000000000000000
0.0000000000000000
0.0000000000000000
0.0000000000000000
0.0000000000000000
0.0000000000000000
0.0800242328491889
0.1411953241634571
0.1547299716577744
0.1431622732672155
0.1158989182844346
0.0000000000000000
0.0000000000000000
0.0369621800091882
0.0351939313721879
0.0317492719770976
0.0268331105734434
0.0207139973075276
0.0136461134972955
0.0056690950442369
0.0000000000000000
0.0000000000000000
0.0000000000000000
0.0000000000000000
0.0000000000000000
0.0000000000000000
0.0000000000000000
0.0000000000000000
0.0000000000000000
0.0000000000000000
0.0785365784113014
0.1406796783365690
0.1545936373620075
0.1432000379544930
0.1160202867738628
0.0000000000000000
0.0000000000000000
0.0369406916235010
0.0351831491880338
0.0317464426412203
0.0268349537225886
0.0207168916026439
0.0136461606491923
0.0056613827916135
0.0000000000000000
0.0000000000000000
0.0000000000000000
0.0000000000000000
0.0000000000000000
0.0000000000000000
0.0000000000000000
0.0000000000000000
0.0000000000000000
0.0000000000000000
0.0769965597408701
0.1401424217163790
0.1544440800552433
0.1432257476703273
0.1161287271887785
0.0000000000000000
0.0000000000000000
0.0369169673403597
0.0351698447913671
0.0317407648173690
0.0268335940541988
0.0207161965972223
0.0136421355943545
0.0056488040033781
0.0000000000000000
0.0000000000000000
0.0000000000000000
0.0000000000000000
0.0000000000000000
0.0000000000000000
0.0000000000000000
0.0000000000000000
0.0000000000000000
0.0000000000000000
0.0754039014396099
0.1395832947166222
0.1542811107661819
0.1432391818013864
0.1162240004394541
0.0000000000000000
0.0000000000000000
0.0368909896832367
0.0351539926700893
0.0317322078929220
0.0268289990703578
0.0207118810777417
0.0136340107770545
0.0056313357115518
0.0000000000000000
0.0000000000000000
0.0000000000000000
0.0000000000000000
0.0000000000000000
0.0000000000000000
0.0000000000000000
0.0000000000000000
0.0000000000000000
0.0000000000000000
0.0737583987860398
0.1390020317069813
0.1541045399559599
0.1432401217061992
0.1163058720563396
0.0000000000000000
0.0000000000000000
0.0368627409379286
0.0351355674105764
0.0317207417344385
0.0268211371453951
0.0207039150467630
0.0136217599965067
0.0056089564678544
0.0000000000000000
0.0000000000000000
0.0000000000000000
0.0000000000000000
0.0000000000000000
0.0000000000000000
0.0000000000000000
0.0000000000000000
0.0000000000000000
0.0000000000000000
0.0720599353027307
0.1383983622695756
0.1539141780975148
0.1432283510090811
0.1163741123442713
0.0000000000000000
0.0000000000000000
0.0368322032317808
0.0351145437629988
0.0317063367382277
0.0268099775596389
0.0206922697464707
0.0136053584117803
0.0055816463858075
0.0000000000000000
0.0000000000000000
0.0000000000000000
0.0000000000000000
0.0000000000000000
0.0000000000000000
0.0000000000000000
0.0000000000000000
0.0000000000000000
0.0000000000000000
0.0703085044873170
0.1377720132408595
0.1537098363434714
0.1432036556066778
0.1164284960019929
0.0000000000000000
0.0000000000000000
0.0367993586109226
0.0350908966713482
0.0316889638169421
0.0267954904501676
0.0206769175747489
0.0135847824327174
0.0055493870596869
0.0000000000000000
0.0000000000000000
0.0000000000000000
0.0000000000000000
0.0000000000000000
0.0000000000000000
0.0000000000000000
0.0000000000000000
0.0000000000000000
0.0000000000000000
0.0685042362609761
0.1371227116569410
0.1534913273401236
0.1431658234391257
0.1164688013014899
0.0000000000000000
0.0000000000000000
0.0367641891243881
0.0350646012868545
0.0316685943467957
0.0267776467001016
0.0206578319339503
0.0135600095302511
0.0055121614212870
0.0000000000000000
0.0000000000000000
0.0000000000000000
0.0000000000000000
0.0000000000000000
0.0000000000000000
0.0000000000000000
0.0000000000000000
0.0000000000000000
0.0000000000000000
0.0666474281776545
0.1364501885945986
0.1532584662950842
0.1431146442467331
0.1164948090979793
0.0000000000000000
0.0000000000000000
0.0367266769371321
0.0350356329959099
0.0316452001220476
0.0267564178358827
0.0206349870818174
0.0135310180565639
0.0054699536257765
0.0000000000000000
0.0000000000000000
0.0000000000000000
0.0000000000000000
0.0000000000000000
0.0000000000000000
0.0000000000000000
0.0000000000000000
0.0000000000000000
0.0000000000000000
0.0647385813769101
0.1357541839077788
0.1530110723940954
0.1430499095015801
0.1165063019972135
0.0000000000000000
0.0000000000000000
0.0366868044880918
0.0350039674951208
0.0316187533579796
0.0267317759724451
0.0206083580423801
0.0134977871313357
0.0054227490478063
0.0000000000000000
0.0000000000000000
0.0000000000000000
0.0000000000000000
0.0000000000000000
0.0000000000000000
0.0000000000000000
0.0000000000000000
0.0000000000000000
0.0000000000000000
0.0627784405836826
0.1350344515492033
0.1527489705193976
0.1429714126067128
0.1165030637610184
0.0000000000000000
0.0000000000000000
0.0183222771445136
0.0349695809017880
0.0315892267355393
0.0267036938087773
0.0205779205640592
0.0134602965795218
0.0053705343447452
0.0000000000000000
0.0000000000000000
0.0000000000000000
0.0000000000000000
0.0000000000000000
0.0000000000000000
0.0000000000000000
0.0000000000000000
0.0000000000000000
0.0000000000000000
0.0607680361655997
0.1342907647522696
0.1524719929659745
0.1428789492098558
0.1164848789377228
0.0000000000000000
0.0000000000000000
0.0182999553216807
0.0349324498501858
0.0315565934378004
0.0266721446135503
0.0205436510677760
0.0134185268376570
0.0053132974949777
0.0000000000000000
0.0000000000000000
0.0000000000000000
0.0000000000000000
0.0000000000000000
0.0000000000000000
0.0000000000000000
0.0000000000000000
0.0000000000000000
0.0000000000000000
0.0587087244228794
0.1335229196629301
0.1521799806449133
0.1427723174963604
0.1164515326467088
0.0000000000000000
0.0000000000000000
0.0182764286897390
0.0348925515132382
0.0315208271315478
0.0266371021644144
0.0205055265361928
0.0133724587858070
0.0052510277368726
0.0000000000000000
0.0000000000000000
0.0000000000000000
0.0000000000000000
0.0000000000000000
0.0000000000000000
0.0000000000000000
0.0000000000000000
0.0000000000000000
0.0000000000000000
0.0566022221027726
0.1327307358936087
0.1518727833193053
0.1426513184559114
0.1164028108288033
0.0000000000000000
0.0000000000000000
0.0182516896589227
0.0348498635424106
0.0314819019117699
0.0265985406801621
0.0204635244147507
0.0133220735727698
0.0051837155132726
0.0000000000000000
0.0000000000000000
0.0000000000000000
0.0000000000000000
0.0000000000000000
0.0000000000000000
0.0000000000000000
0.0000000000000000
0.0000000000000000
0.0000000000000000
0.0544506330837676
0.1319140533273416
0.1515502588297914
0.1425157564451046
0.1163385014715554
0.0000000000000000
0.0000000000000000
0.0182257308557889
0.0348043640004382
0.0314397923174820
0.0265564348862159
0.0204176226845442
0.0132673526536363
0.0051113526870896
0.0000000000000000
0.0000000000000000
0.0000000000000000
0.0000000000000000
0.0000000000000000
0.0000000000000000
0.0000000000000000
0.0000000000000000
0.0000000000000000
0.0000000000000000
0.0522564698919526
0.1310727259658380
0.1512122718231742
0.1423654404902910
0.1162583973444131
0.0000000000000000
0.0000000000000000
0.0000000000000000
0.0347560314194234
0.0313944735591004
0.0265107603720599
0.0203678003026135
0.0132082782516985
0.0050339333288492
0.0000000000000000
0.0000000000000000
0.0000000000000000
0.0000000000000000
0.0000000000000000
0.0000000000000000
0.0000000000000000
0.0000000000000000
0.0000000000000000
0.0000000000000000
0.0500226761565822
0.1302066150935416
0.1508586928205332
0.1422001866127690
0.1161623002637716
0.0000000000000000
0.0000000000000000
0.0000000000000000
0.0347048450814862
0.0313459220376509
0.0264614943042348
0.0203140380614495
0.0131448343257994
0.0049514551807236
0.0000000000000000
0.0000000000000000
0.0000000000000000
0.0000000000000000
0.0000000000000000
0.0000000000000000
0.0000000000000000
0.0000000000000000
0.0000000000000000
0.0000000000000000
0.0477526567284918
0.1293155840359738
0.1504893982382177
0.1420198209701380
0.1160500262503482
0.0000000000000000
0.0000000000000000
0.0000000000000000
0.0346507855131526
0.0312941160847811
0.0264086163833402
0.0202563197231386
0.0130770078539606
0.0048639216000981
0.0000000000000000
0.0000000000000000
0.0000000000000000
0.0000000000000000
0.0000000000000000
0.0000000000000000
0.0000000000000000
0.0000000000000000
0.0000000000000000
0.0000000000000000
0.0454503182266769
0.1283994956130397
0.1501042713151182
0.1418241831427657
0.1159214104278126
0.0000000000000000
0.0000000000000000
0.0000000000000000
0.0345938350500342
0.0312390367310244
0.0263521097876228
0.0201946331154396
0.0130047900702013
0.0047713435301529
0.0000000000000000
0.0000000000000000
0.0000000000000000
0.0000000000000000
0.0000000000000000
0.0000000000000000
0.0000000000000000
0.0000000000000000
0.0000000000000000
0.0000000000000000
0.0431201177822094
0.1274582115321899
0.1497032032623323
0.1416131286777009
0.1157763105799169
0.0000000000000000
0.0000000000000000
0.0000000000000000
0.0345339782819959
0.0311806682648495
0.0262919618341828
0.0201289708733673
0.0129281772819214
0.0046737410687842
0.0000000000000000
0.0000000000000000
0.0000000000000000
0.0000000000000000
0.0000000000000000
0.0000000000000000
0.0000000000000000
0.0000000000000000
0.0000000000000000
0.0000000000000000
0.0407671147384623
0.1264915920860762
0.1492860937984676
0.1413865302938890
0.1156146087402455
0.0000000000000000
0.0000000000000000
0.0000000000000000
0.0344712022401698
0.0311189984497738
0.0262281642089129
0.0200593306733050
0.0128471710915659
0.0045711444196224
0.0000000000000000
0.0000000000000000
0.0000000000000000
0.0000000000000000
0.0000000000000000
0.0000000000000000
0.0000000000000000
0.0000000000000000
0.0000000000000000
0.0000000000000000
0.0383970211174352
0.1254994949736247
0.1488528506893776
0.1411442776807160
0.1154362109693377
0.0000000000000000
0.0000000000000000
0.0000000000000000
0.0344054963206679
0.0310540184098217
0.0261607128056906
0.0199857150086285
0.0127617780933216
0.0044635943532941
0.0000000000000000
0.0000000000000000
0.0000000000000000
0.0000000000000000
0.0000000000000000
0.0000000000000000
0.0000000000000000
0.0000000000000000
0.0000000000000000
0.0000000000000000
0.0360162495222747
0.1244817734305013
0.1484033885645204
0.1408862763190531
0.1152410458741698
0.0000000000000000
0.0000000000000000
0.0000000000000000
0.0343368520474484
0.0309857223191060
0.0260896073311143
0.0199081307072837
0.0126720092793508
0.0043511424835543
0.0000000000000000
0.0000000000000000
0.0000000000000000
0.0000000000000000
0.0000000000000000
0.0000000000000000
0.0000000000000000
0.0000000000000000
0.0000000000000000
0.0000000000000000
0.0336319591636544
0.1234382747355335
0.1479376276658423
0.1406124459492133
0.1150290625893641
0.0000000000000000
0.0000000000000000
0.0000000000000000
0.0342652628070045
0.0309141070451564
0.0260148508576664
0.0198265883881783
0.0125778793894666
0.0042338516770067
0.0000000000000000
0.0000000000000000
0.0000000000000000
0.0000000000000000
0.0000000000000000
0.0000000000000000
0.0000000000000000
0.0000000000000000
0.0000000000000000
0.0000000000000000
0.0312520990294891
0.1223688401071619
0.1474554930400312
0.1403227191160464
0.1148002287068723
0.0000000000000000
0.0000000000000000
0.0000000000000000
0.0341907236341069
0.0308391718380753
0.0259364494171619
0.0197411019705108
0.0124794063261145
0.0041117967697181
0.0000000000000000
0.0000000000000000
0.0000000000000000
0.0000000000000000
0.0000000000000000
0.0000000000000000
