0.0000000000000000
0.0000000000000000
0.0000000000000000
0.0000000000000000
0.0878713350103850
0.0000000000000000
0.0000000000000000
0.0000000000000000
0.0000000000000000
0.0000000000000000
0.0371092500144988
0.0370451003541848
0.0352070938434330
0.0317081978327012
0.0267567132762216
0.0206231457374249
0.0135620128820533
0.0056146234992206
0.0000000000000000
0.0000000000000000
0.0000000000000000
0.0000000000000000
0.0000000000000000
0.0000000000000000
0.0000000000000000
0.0000000000000000
0.0000000000000000
0.0000000000000000
0.0866896624987563
0.0000000000000000
0.0000000000000000
0.0000000000000000
0.0000000000000000
0.0000000000000000
0.0370869158837555
0.0370366811315911
0.0352109125973744
0.0317217998418957
0.0267770530834278
0.0206468636451130
0.0135858501673967
0.0056355569410111
0.0000000000000000
0.0000000000000000
0.0000000000000000
0.0000000000000000
0.0000000000000000
0.0000000000000000
0.0000000000000000
0.0000000000000000
0.0000000000000000
0.0000000000000000
0.0854580945800053
0.0000000000000000
0.0000000000000000
0.0000000000000000
0.0000000000000000
0.0000000000000000
0.0370626057528621
0.0370261228787861
0.0352123607315228
0.0317327431201858
0.0267943990711462
0.0206672006803034
0.0136058047190213
0.0056517884206391
0.0000000000000000
0.0000000000000000
0.0000000000000000
0.0000000000000000
0.0000000000000000
0.0000000000000000
0.0000000000000000
0.0000000000000000
0.0000000000000000
0.0000000000000000
0.0841761728429496
0.0000000000000000
0.0000000000000000
0.0000000000000000
0.0000000000000000
0.0000000000000000
0.0370363164065452
0.0370134104690466
0.0352114131857070
0.0317409953053913
0.0268087146809892
0.0206841194804600
0.0136218419027515
0.0056632870379417
0.0000000000000000
0.0000000000000000
0.0000000000000000
0.0000000000000000
0.0000000000000000
0.0000000000000000
0.0000000000000000
0.0000000000000000
0.0000000000000000
0.0000000000000000
0.0828434445407819
0.0000000000000000
0.0000000000000000
0.0000000000000000
0.0000000000000000
0.0000000000000000
0.0370080439528131
0.0369985283970418
0.0352080448942834
0.0317465244528853
0.0268199642113998
0.0206975839374300
0.0136339285538131
0.0056700236013599
0.0000000000000000
0.0000000000000000
0.0000000000000000
0.0000000000000000
0.0000000000000000
0.0000000000000000
0.0000000000000000
0.0000000000000000
0.0000000000000000
0.0000000000000000
0.0814594726402750
0.0000000000000000
0.0000000000000000
0.0000000000000000
0.0000000000000000
0.0000000000000000
0.0369777838396128
0.0369814607365572
0.0352022306861149
0.0317492988802216
0.0268281126102809
0.0207075589493831
0.0136420326832960
0.0056719702598626
0.0000000000000000
0.0000000000000000
0.0000000000000000
0.0000000000000000
0.0000000000000000
0.0000000000000000
0.0000000000000000
0.0000000000000000
0.0000000000000000
0.0000000000000000
0.0800238453966374
0.0000000000000000
0.0000000000000000
0.0000000000000000
0.0000000000000000
0.0000000000000000
0.0369455308666021
0.0369621911264186
0.0351939452433094
0.0317492870999114
0.0268331253861693
0.0207140103058749
0.0136461233388032
0.0056691003118851
0.0000000000000000
0.0000000000000000
0.0000000000000000
0.0000000000000000
0.0000000000000000
0.0000000000000000
0.0000000000000000
0.0000000000000000
0.0000000000000000
0.0000000000000000
0.0785361858729850
0.0000000000000000
0.0000000000000000
0.0000000000000000
0.0000000000000000
0.0000000000000000
0.0369112791974214
0.0369407027842577
0.0351831631157895
0.0317464578335430
0.0268349686169031
0.0207169046938540
0.0136461705958469
0.0056613881829860
0.0000000000000000
0.0000000000000000
0.0000000000000000
0.0000000000000000
0.0000000000000000
0.0000000000000000
0.0000000000000000
0.0000000000000000
0.0000000000000000
0.0000000000000000
0.0769961620633519
0.0000000000000000
0.0000000000000000
0.0000000000000000
0.0000000000000000
0.0000000000000000
0.0368750223834392
0.0369169785486482
0.0351698587796816
0.0317407800829963
0.0268336090337505
0.0207162097848386
0.0136421456497728
0.0056488095221239
0.0000000000000000
0.0000000000000000
0.0000000000000000
0.0000000000000000
0.0000000000000000
0.0000000000000000
0.0000000000000000
0.0000000000000000
0.0000000000000000
0.0000000000000000
0.0754034985845604
0.0000000000000000
0.0000000000000000
0.0000000000000000
0.0000000000000000
0.0000000000000000
0.0368367534052443
0.0368910009430409
0.0351540067228541
0.0317322232356064
0.0268290141387436
0.0207118943652517
0.0136340209448012
0.0056313413612646
0.0000000000000000
0.0000000000000000
0.0000000000000000
0.0000000000000000
0.0000000000000000
0.0000000000000000
0.0000000000000000
0.0000000000000000
0.0000000000000000
0.0000000000000000
0.0737579907325411
0.0000000000000000
0.0000000000000000
0.0000000000000000
0.0000000000000000
0.0000000000000000
0.0369016092168509
0.0368627522532091
0.0351355815316483
0.0317207571578874
0.0268211523061588
0.0207039284375971
0.0136217702800944
0.0056089622520704
0.0000000000000000
0.0000000000000000
0.0000000000000000
0.0000000000000000
0.0000000000000000
0.0000000000000000
0.0000000000000000
0.0000000000000000
0.0000000000000000
0.0000000000000000
0.0720595220498875
0.0000000000000000
0.0000000000000000
0.0000000000000000
0.0000000000000000
0.0000000000000000
0.0369764796163415
0.0368322146064727
0.0351145579561974
0.0317063522461014
0.0268099928162700
0.0206922832440013
0.0136053688146699
0.0055816523080028
0.0000000000000000
0.0000000000000000
0.0000000000000000
0.0000000000000000
0.0000000000000000
0.0000000000000000
0.0000000000000000
0.0000000000000000
0.0000000000000000
0.0000000000000000
0.0703080860572139
0.0000000000000000
0.0000000000000000
0.0000000000000000
0.0000000000000000
0.0000000000000000
0.0370350819737546
0.0367993700489331
0.0350909109404538
0.0316889794128518
0.0267955058060990
0.0206769311822893
0.0135847929583181
0.0055493931232733
0.0000000000000000
0.0000000000000000
0.0000000000000000
0.0000000000000000
0.0000000000000000
0.0000000000000000
0.0000000000000000
0.0000000000000000
0.0000000000000000
0.0000000000000000
0.0685038127020165
0.0000000000000000
0.0000000000000000
0.0000000000000000
0.0000000000000000
0.0000000000000000
0.0370772641345135
0.0367642006295942
0.0350646156356062
0.0316686100343015
0.0267776621587081
0.0206578456547531
0.0135600201819202
0.0055121676296068
0.0000000000000000
0.0000000000000000
0.0000000000000000
0.0000000000000000
0.0000000000000000
0.0000000000000000
0.0000000000000000
0.0000000000000000
0.0000000000000000
0.0000000000000000
0.0666469995683319
0.0000000000000000
0.0000000000000000
0.0000000000000000
0.0000000000000000
0.0000000000000000
0.0371028803502515
0.0367266885133782
0.0350356474280025
0.0316452159046557
0.0267564334004784
0.0206350009190729
0.0135310288376059
0.0054699599820960
0.0000000000000000
0.0000000000000000
0.0000000000000000
0.0000000000000000
0.0000000000000000
0.0000000000000000
0.0000000000000000
0.0000000000000000
0.0000000000000000
0.0000000000000000
0.0647381478300324
0.0000000000000000
0.0000000000000000
0.0000000000000000
0.0000000000000000
0.0000000000000000
0.0371117899458528
0.0366868161391875
0.0350039820142027
0.0316187692391401
0.0267317916462811
0.0206083719992138
0.0134977980450012
0.0054227555553074
0.0000000000000000
0.0000000000000000
0.0000000000000000
0.0000000000000000
0.0000000000000000
0.0000000000000000
0.0000000000000000
0.0000000000000000
0.0000000000000000
0.0000000000000000
0.0627780022510855
0.0000000000000000
0.0000000000000000
0.0000000000000000
0.0000000000000000
0.0000000000000000
0.0371038562458052
0.0366445664091181
0.0349695955114585
0.0315892427186431
0.0267037095950387
0.0205779346435291
0.0134603076290056
0.0053705410065147
0.0000000000000000
0.0000000000000000
0.0000000000000000
0.0000000000000000
0.0000000000000000
0.0000000000000000
0.0000000000000000
0.0000000000000000
0.0000000000000000
0.0000000000000000
0.0607675932433626
0.0000000000000000
0.0000000000000000
0.0000000000000000
0.0000000000000000
0.0000000000000000
0.0370789456768651
0.0365999228506901
0.0349324645539917
0.0315566095261758
0.0266721605153526
0.0205436652728698
0.0134185380260963
0.0053133043139949
0.0000000000000000
0.0000000000000000
0.0000000000000000
0.0000000000000000
0.0000000000000000
0.0000000000000000
0.0000000000000000
0.0000000000000000
0.0000000000000000
0.0000000000000000
0.0587082771570383
0.0000000000000000
0.0000000000000000
0.0000000000000000
0.0000000000000000
0.0000000000000000
0.0370369270158804
0.0365528696778412
0.0348925663146713
0.0315208433284581
0.0266371181848013
0.0205055408698250
0.0133724701162800
0.0052510347159952
0.0000000000000000
0.0000000000000000
0.0000000000000000
0.0000000000000000
0.0000000000000000
0.0000000000000000
0.0000000000000000
0.0000000000000000
0.0000000000000000
0.0000000000000000
0.0566017707955219
0.0000000000000000
0.0000000000000000
0.0000000000000000
0.0000000000000000
0.0000000000000000
0.0369776712384079
0.0365033917109924
0.0348498784449056
0.0314819182204103
0.0265985568221023
0.0204635388797606
0.0133220850482942
0.0051837226552216
0.0000000000000000
0.0000000000000000
0.0000000000000000
0.0000000000000000
0.0000000000000000
0.0000000000000000
0.0000000000000000
0.0000000000000000
0.0000000000000000
0.0000000000000000
0.0544501781001093
0.0000000000000000
0.0000000000000000
0.0000000000000000
0.0000000000000000
0.0000000000000000
0.0369010527919722
0.0364514742032084
0.0348043790073708
0.0314398087409787
0.0265564511526021
0.0204176372836951
0.0132673642771700
0.0051113599944317
0.0000000000000000
0.0000000000000000
0.0000000000000000
0.0000000000000000
0.0000000000000000
0.0000000000000000
0.0000000000000000
0.0000000000000000
0.0000000000000000
0.0000000000000000
0.0522560116667840
0.0000000000000000
0.0000000000000000
0.0000000000000000
0.0000000000000000
0.0000000000000000
0.0368069530817296
0.0363971026954458
0.0347560465341095
0.0313944901005092
0.0265107767657083
0.0203678150385924
0.0132082900261414
0.0050339408039792
0.0000000000000000
0.0000000000000000
0.0000000000000000
0.0000000000000000
0.0000000000000000
0.0000000000000000
0.0000000000000000
0.0000000000000000
0.0000000000000000
0.0000000000000000
0.0500222152021830
0.0000000000000000
0.0000000000000000
0.0000000000000000
0.0000000000000000
0.0000000000000000
0.0366952661338897
0.0363402630325649
0.0347048603071805
0.0313459386999569
0.0264615108278847
0.0203140529368681
0.0131448462539959
0.0049514628258433
0.0000000000000000
0.0000000000000000
0.0000000000000000
0.0000000000000000
0.0000000000000000
0.0000000000000000
0.0000000000000000
0.0000000000000000
0.0000000000000000
0.0000000000000000
0.0477521936423849
0.0000000000000000
0.0000000000000000
0.0000000000000000
0.0000000000000000
0.0000000000000000
0.0365659055073810
0.0362809415863558
0.0346508008530470
0.0312941328708975
0.0264086330396541
0.0202563347405343
0.0130770199387023
0.0048639294171913
0.0000000000000000
0.0000000000000000
0.0000000000000000
0.0000000000000000
0.0000000000000000
0.0000000000000000
0.0000000000000000
0.0000000000000000
0.0000000000000000
0.0000000000000000
0.0454498536998048
0.0000000000000000
0.0000000000000000
0.0000000000000000
0.0000000000000000
0.0000000000000000
0.0364188107299185
0.0362191256061183
0.0345938505072557
0.0312390536437911
0.0263521265791856
0.0201946482772761
0.0130048023142298
0.0047713515209555
0.0000000000000000
0.0000000000000000
0.0000000000000000
0.0000000000000000
0.0000000000000000
0.0000000000000000
0.0000000000000000
0.0000000000000000
0.0000000000000000
0.0000000000000000
0.0431196526073015
0.0000000000000000
0.0000000000000000
0.0000000000000000
0.0000000000000000
0.0000000000000000
0.0362539517863679
0.0361548035362817
0.0345339938596037
0.0311806853070308
0.0262919787635009
0.0201289861820345
0.0129281896879310
0.0046737492347477
0.0000000000000000
0.0000000000000000
0.0000000000000000
0.0000000000000000
0.0000000000000000
0.0000000000000000
0.0000000000000000
0.0000000000000000
0.0000000000000000
0.0000000000000000
0.0407666498184251
0.0000000000000000
0.0000000000000000
0.0000000000000000
0.0000000000000000
0.0000000000000000
0.0360713308791418
0.0360879651646983
0.0344712179411516
0.0311190156240565
0.0262281812784131
0.0200593461311197
0.0128471836622058
0.0045711527618707
0.0000000000000000
0.0000000000000000
0.0000000000000000
0.0000000000000000
0.0000000000000000
0.0000000000000000
0.0000000000000000
0.0000000000000000
0.0000000000000000
0.0000000000000000
0.0383965574735009
0.0000000000000000
0.0000000000000000
0.0000000000000000
0.0000000000000000
0.0000000000000000
0.0358709817554518
0.0360186015701412
0.0344055121479377
0.0310540357188132
0.0261607300177195
0.0199857306178351
0.0127617908311989
0.0044636028725722
0.0000000000000000
0.0000000000000000
0.0000000000000000
0.0000000000000000
0.0000000000000000
0.0000000000000000
0.0000000000000000
0.0000000000000000
0.0000000000000000
0.0000000000000000
0.0360157883015639
0.0000000000000000
0.0000000000000000
0.0000000000000000
0.0000000000000000
0.0000000000000000
0.0357177948999860
0.0359467049479796
0.0343368680038440
0.0309857397653331
0.0260896246879378
0.0199081464700549
0.0126720221870340
0.0043511511801670
0.0000000000000000
0.0000000000000000
0.0000000000000000
0.0000000000000000
0.0000000000000000
0.0000000000000000
0.0000000000000000
0.0000000000000000
0.0000000000000000
0.0000000000000000
0.0336315016456901
0.0000000000000000
0.0000000000000000
0.0000000000000000
0.0000000000000000
0.0000000000000000
0.0356378972264634
0.0358722684280598
0.0342652788952857
0.0309141246310643
0.0260148683614701
0.0198266043066169
0.0125778924694892
0.0042338605507463
0.0000000000000000
0.0000000000000000
0.0000000000000000
0.0000000000000000
0.0000000000000000
0.0000000000000000
0.0000000000000000
0.0000000000000000
0.0000000000000000
0.0000000000000000
0.0312516466310456
0.0000000000000000
0.0000000000000000
0.0000000000000000
0.0000000000000000
0.0000000000000000
0.0355558694880692
0.0357952859579483
0.0341907398569545
0.0308391895660274
0.0259364670700520
0.0197411180466518
0.0124794195809792
0.0041118058197781
0.0000000000000000
0.0000000000000000
0.0000000000000000
0.0000000000000000
0.0000000000000000
0.0000000000000000
