0.0000000000000000
0.0000000000000000
0.0000000000000000
0.0000000000000000
0.0878715741287609
0.1438489896074418
0.1552807084306148
0.1426950541976748
0.0000000000000000
0.0000000000000000
0.0000000000000000
0.0370450930601131
0.0352070847665534
0.0317081879742547
0.0267567036745440
0.0206231373916785
0.0135620066890137
0.0056146204293100
0.0000000000000000
0.0000000000000000
0.0000000000000000
0.0000000000000000
0.0000000000000000
0.0000000000000000
0.0000000000000000
0.0000000000000000
0.0000000000000000
0.0000000000000000
0.0866899046480727
0.1434579581610048
0.1552198260536642
0.1428004571140062
0.0000000000000000
0.0000000000000000
0.0000000000000000
0.0370366738247436
0.0352109034988236
0.0317217899528331
0.0267770434426199
0.0206468552523858
0.0135858439194725
0.0056355538039410
0.0000000000000000
0.0000000000000000
0.0000000000000000
0.0000000000000000
0.0000000000000000
0.0000000000000000
0.0000000000000000
0.0000000000000000
0.0000000000000000
0.0000000000000000
0.0854583398328802
0.1430467187985838
0.1551468214580962
0.1428951495622034
0.0000000000000000
0.0000000000000000
0.0000000000000000
0.0370261155564367
0.0352123516085805
0.0317327331978283
0.0267943893885896
0.0206671922380208
0.0136057984135874
0.0056517852137718
0.0000000000000000
0.0000000000000000
0.0000000000000000
0.0000000000000000
0.0000000000000000
0.0000000000000000
0.0000000000000000
0.0000000000000000
0.0000000000000000
0.0000000000000000
0.0841764212679660
0.1426150588718733
0.1550615161049779
0.1429789050001308
0.0000000000000000
0.0000000000000000
0.0000000000000000
0.0370134031284746
0.0352114040356669
0.0317409853470817
0.0268087049540941
0.0206841109860810
0.0136218355372185
0.0056632837586725
0.0000000000000000
0.0000000000000000
0.0000000000000000
0.0000000000000000
0.0000000000000000
0.0000000000000000
0.0000000000000000
0.0000000000000000
0.0000000000000000
0.0000000000000000
0.0828436962017921
0.1421627560968214
0.1549637293951183
0.1430514984442872
0.0000000000000000
0.0000000000000000
0.0000000000000000
0.0369985210355341
0.0352080357144547
0.0317465144559893
0.0268199544376059
0.0206975753884484
0.0136339221256279
0.0056700202471173
0.0000000000000000
0.0000000000000000
0.0000000000000000
0.0000000000000000
0.0000000000000000
0.0000000000000000
0.0000000000000000
0.0000000000000000
0.0000000000000000
0.0000000000000000
0.0814597275955960
0.1416895797115162
0.1548532786567612
0.1431127057215631
0.0000000000000000
0.0000000000000000
0.0000000000000000
0.0369814533514092
0.0352022214738231
0.0317492888421292
0.0268281027870584
0.0207075503433275
0.0136420261899411
0.0056719668281090
0.0000000000000000
0.0000000000000000
0.0000000000000000
0.0000000000000000
0.0000000000000000
0.0000000000000000
0.0000000000000000
0.0000000000000000
0.0000000000000000
0.0000000000000000
0.0800241036981235
0.1411952912177017
0.1547299792409062
0.1431623031784202
0.0000000000000000
0.0000000000000000
0.0000000000000000
0.0369621837149359
0.0351939359958985
0.0317492770180379
0.0268331155110199
0.0207140016403100
0.0136461167777968
0.0056690968001170
0.0000000000000000
0.0000000000000000
0.0000000000000000
0.0000000000000000
0.0000000000000000
0.0000000000000000
0.0000000000000000
0.0000000000000000
0.0000000000000000
0.0000000000000000
0.0785364475649720
0.1406796447981830
0.1545936447189303
0.1432000677566673
0.0000000000000000
0.0000000000000000
0.0000000000000000
0.0369406953437575
0.0351831538306225
0.0317464477053303
0.0268349586873613
0.0207168959663806
0.0136461639647426
0.0056613845887351
0.0000000000000000
0.0000000000000000
0.0000000000000000
0.0000000000000000
0.0000000000000000
0.0000000000000000
0.0000000000000000
0.0000000000000000
0.0000000000000000
0.0000000000000000
0.0769964271814627
0.1401423875758488
0.1544440871866638
0.1432257773656670
0.0000000000000000
0.0000000000000000
0.0000000000000000
0.0369169710764602
0.0351698494541421
0.0317407699059138
0.0268335990473839
0.0207162009930944
0.0136421389461594
0.0056488058429574
0.0000000000000000
0.0000000000000000
0.0000000000000000
0.0000000000000000
0.0000000000000000
0.0000000000000000
0.0000000000000000
0.0000000000000000
0.0000000000000000
0.0000000000000000
0.0754037671543454
0.1395832599645095
0.1542811176729439
0.1432392113921608
0.0000000000000000
0.0000000000000000
0.0000000000000000
0.0368909934365091
0.0351539973543477
0.0317322130071525
0.0268290040931543
0.0207118855069117
0.0136340141663021
0.0056313375947868
0.0000000000000000
0.0000000000000000
0.0000000000000000
0.0000000000000000
0.0000000000000000
0.0000000000000000
0.0000000000000000
0.0000000000000000
0.0000000000000000
0.0000000000000000
0.0737582627679438
0.1390019963339262
0.1541045466390428
0.1432401511947488
0.0000000000000000
0.0000000000000000
0.0000000000000000
0.0368627447096931
0.0351355721176038
0.0317207468755905
0.0268211421989842
0.0207039195103744
0.0136217634243680
0.0056089583959238
0.0000000000000000
0.0000000000000000
0.0000000000000000
0.0000000000000000
0.0000000000000000
0.0000000000000000
0.0000000000000000
0.0000000000000000
0.0000000000000000
0.0000000000000000
0.0720597975515033
0.1383983262663006
0.1539141845580332
0.1432283803978144
0.0000000000000000
0.0000000000000000
0.0000000000000000
0.0368322070233491
0.0351145484940685
0.0317063419075213
0.0268099826451838
0.0206922742456476
0.0136053618794090
0.0055816483598700
0.0000000000000000
0.0000000000000000
0.0000000000000000
0.0000000000000000
0.0000000000000000
0.0000000000000000
0.0000000000000000
0.0000000000000000
0.0000000000000000
0.0000000000000000
0.0703083650103174
0.1377719765981767
0.1537098425826757
0.1432036848980687
0.0000000000000000
0.0000000000000000
0.0000000000000000
0.0367993624235971
0.0350909014277202
0.0316889690155811
0.0267954955688126
0.0206769221105957
0.0135847859412498
0.0055493890808798
0.0000000000000000
0.0000000000000000
0.0000000000000000
0.0000000000000000
0.0000000000000000
0.0000000000000000
0.0000000000000000
0.0000000000000000
0.0000000000000000
0.0000000000000000
0.0685040950743381
0.1371226743657629
0.1534913333594015
0.1431658526357116
0.0000000000000000
0.0000000000000000
0.0000000000000000
0.0367641929594611
0.0350646060697752
0.0316685995759667
0.0267776518529717
0.0206578365075513
0.0135600130808063
0.0055121634907243
0.0000000000000000
0.0000000000000000
0.0000000000000000
0.0000000000000000
0.0000000000000000
0.0000000000000000
0.0000000000000000
0.0000000000000000
0.0000000000000000
0.0000000000000000
0.0666472853075404
0.1364501506459555
0.1532584720959642
0.0715573362499558
0.0000000000000000
0.0000000000000000
0.0000000000000000
0.0367266807958851
0.0350356378066109
0.0316452053829194
0.0267564230240825
0.0206349916942359
0.0135310216502433
0.0054699557445470
0.0000000000000000
0.0000000000000000
0.0000000000000000
0.0000000000000000
0.0000000000000000
0.0000000000000000
0.0000000000000000
0.0000000000000000
0.0000000000000000
0.0000000000000000
0.0647384368609223
0.1357541452928390
0.1530110779782519
0.0715249688296694
0.0000000000000000
0.0000000000000000
0.0000000000000000
0.0366868083717947
0.0350039723348182
0.0316187586517022
0.0267317811970584
0.0206083626946580
0.0134977907692230
0.0054227512169707
0.0000000000000000
0.0000000000000000
0.0000000000000000
0.0000000000000000
0.0000000000000000
0.0000000000000000
0.0000000000000000
0.0000000000000000
0.0000000000000000
0.0000000000000000
0.0627782944724320
0.1350344122593029
0.1527489758886582
0.0714857203357462
0.0000000000000000
0.0000000000000000
0.0000000000000000
0.0366445585893107
0.0349695857716817
0.0315892320632430
0.0267036990708657
0.0205779252572159
0.0134603002626819
0.0053705365653324
0.0000000000000000
0.0000000000000000
0.0000000000000000
0.0000000000000000
0.0000000000000000
0.0000000000000000
0.0000000000000000
0.0000000000000000
0.0000000000000000
0.0000000000000000
0.0607678885244453
0.1342907247789458
0.1524719981223290
0.0714394885920791
0.0000000000000000
0.0000000000000000
0.0000000000000000
0.0365999149759802
0.0349324547514579
0.0315565988005946
0.0266721499141523
0.0205436558028073
0.0134185305671356
0.0053132997679808
0.0000000000000000
0.0000000000000000
0.0000000000000000
0.0000000000000000
0.0000000000000000
0.0000000000000000
0.0000000000000000
0.0000000000000000
0.0000000000000000
0.0000000000000000
0.0587085753338335
0.1335228789979609
0.1521799855905233
0.0713861726913756
0.0000000000000000
0.0000000000000000
0.0000000000000000
0.0365528617457692
0.0348925564470527
0.0315208325305203
0.0266371075045446
0.0205055313140702
0.0133724625626302
0.0052510300632441
0.0000000000000000
0.0000000000000000
0.0000000000000000
0.0000000000000000
0.0000000000000000
0.0000000000000000
0.0000000000000000
0.0000000000000000
0.0000000000000000
0.0000000000000000
0.0566020716665655
0.1327306945290531
0.1518727880565145
0.0713256731285114
0.0000000000000000
0.0000000000000000
0.0000000000000000
0.0365033837191285
0.0348498685099124
0.0314819073479857
0.0265985460608101
0.0204635292364206
0.0133220773979434
0.0051837178939197
0.0000000000000000
0.0000000000000000
0.0000000000000000
0.0000000000000000
0.0000000000000000
0.0000000000000000
0.0000000000000000
0.0000000000000000
0.0000000000000000
0.0000000000000000
0.0544504814220670
0.1319140112555756
0.1515502633611334
0.0712578920818179
0.0000000000000000
0.0000000000000000
0.0000000000000000
0.0364514661491535
0.0348043690027525
0.0314397977919833
0.0265564403083459
0.0204176275509279
0.0132673565281463
0.0051113551228676
0.0000000000000000
0.0000000000000000
0.0000000000000000
0.0000000000000000
0.0000000000000000
0.0000000000000000
0.0000000000000000
0.0000000000000000
0.0000000000000000
0.0000000000000000
0.0522563171497242
0.1310726831795850
0.1512122761513771
0.0711827340645047
0.0000000000000000
0.0000000000000000
0.0000000000000000
0.0363970945768324
0.0347560364576556
0.0313944790729058
0.0265107658366106
0.0203678052146065
0.0132082821765115
0.0050339358205566
0.0000000000000000
0.0000000000000000
0.0000000000000000
0.0000000000000000
0.0000000000000000
0.0000000000000000
0.0000000000000000
0.0000000000000000
0.0000000000000000
0.0000000000000000
0.0500225225045861
0.1302065715858925
0.1508586969485195
0.0711001070872529
0.0000000000000000
0.0000000000000000
0.0000000000000000
0.0363402548470582
0.0347048501567211
0.0313459275917553
0.0264614998121193
0.0203140430199224
0.0131448383018637
0.0049514577290942
0.0000000000000000
0.0000000000000000
0.0000000000000000
0.0000000000000000
0.0000000000000000
0.0000000000000000
0.0000000000000000
0.0000000000000000
0.0000000000000000
0.0000000000000000
0.0477525023659035
0.1293155398003982
0.1504894021690998
0.0710099242288916
0.0000000000000000
0.0000000000000000
0.0000000000000000
0.0362809333316549
0.0346507906264542
0.0312941216801556
0.0264086219354461
0.0202563247289372
0.0130770118822066
0.0048639242057931
0.0000000000000000
0.0000000000000000
0.0000000000000000
0.0000000000000000
0.0000000000000000
0.0000000000000000
0.0000000000000000
0.0000000000000000
0.0000000000000000
0.0000000000000000
0.0454501633838107
0.1283994506433904
0.1501042750521893
0.0709121052796295
0.0000000000000000
0.0000000000000000
0.0000000000000000
0.0362191172799583
0.0345938402024448
0.0312390423686157
0.0263521153848116
0.0201946381693851
0.0130047941515429
0.0047713461937511
0.0000000000000000
0.0000000000000000
0.0000000000000000
0.0000000000000000
0.0000000000000000
0.0000000000000000
0.0000000000000000
0.0000000000000000
0.0000000000000000
0.0000000000000000
0.0431199627233093
0.1274581658227034
0.1497032068090557
0.0708065780130117
0.0000000000000000
0.0000000000000000
0.0000000000000000
0.0361547951364362
0.0345339834745353
0.0311806739455790
0.0262919674772901
0.0201289759762563
0.0129281814172567
0.0046737437907693
0.0000000000000000
0.0000000000000000
0.0000000000000000
0.0000000000000000
0.0000000000000000
0.0000000000000000
0.0000000000000000
0.0000000000000000
0.0000000000000000
0.0000000000000000
0.0407669597644974
0.1264915456313714
0.1492860971584634
0.0706932787885255
0.0000000000000000
0.0000000000000000
0.0000000000000000
0.0360879566889822
0.0344712074738338
0.0311190041745371
0.0262281698987475
0.0200593358259099
0.0128471752817780
0.0045711472003691
0.0000000000000000
0.0000000000000000
0.0000000000000000
0.0000000000000000
0.0000000000000000
0.0000000000000000
0.0000000000000000
0.0000000000000000
0.0000000000000000
0.0000000000000000
0.0383968665688170
0.1254994477687018
0.1488528538664100
0.0705721524508735
0.0000000000000000
0.0000000000000000
0.0000000000000000
0.0360185930164126
0.0344055015964279
0.0310540241794879
0.0261607185430348
0.0199857202116974
0.0127617823392795
0.0044635971930507
0.0000000000000000
0.0000000000000000
0.0000000000000000
0.0000000000000000
0.0000000000000000
0.0000000000000000
0.0000000000000000
0.0000000000000000
0.0000000000000000
0.0000000000000000
0.0360160957813779
0.1244817254707383
0.1484033915624847
0.0704431517404959
0.0000000000000000
0.0000000000000000
0.0000000000000000
0.0359466963141427
0.0343368573662504
0.0309857281345174
0.0260896131167234
0.0199081359615408
0.0126720135819107
0.0043511453824224
0.0000000000000000
0.0000000000000000
0.0000000000000000
0.0000000000000000
0.0000000000000000
0.0000000000000000
0.0000000000000000
0.0000000000000000
0.0000000000000000
0.0000000000000000
0.0336318066569878
0.1234382260166864
0.1479376304887521
0.0703062365275491
0.0000000000000000
0.0000000000000000
0.0000000000000000
0.0358722597120658
0.0342652681697683
0.0309141129071281
0.0260148566922688
0.0198265936943245
0.0125778837494729
0.0042338546349170
0.0000000000000000
0.0000000000000000
0.0000000000000000
0.0000000000000000
0.0000000000000000
0.0000000000000000
0.0000000000000000
0.0000000000000000
0.0000000000000000
0.0000000000000000
0.0312519482293118
0.1223687906253663
0.1474554956920078
0.0701613730844533
0.0000000000000000
0.0000000000000000
0.0000000000000000
0.0357952771577973
0.0341907290417262
0.0308391777473950
0.0259364553014598
0.0197411073292244
0.0124794107444015
0.0041117997864019
0.0000000000000000
0.0000000000000000
0.0000000000000000
0.0000000000000000
0.0000000000000000
0.0000000000000000
