0.0000000000000000
0.0000000000000000
0.0000000000000000
0.0000000000000000
0.0255082898274907
0.0642141364897494
0.0942843285080989
0.1128720048530902
0.1190141335124948
0.1127275708880917
0.0949454596660058
0.0674892061099781
0.0000000000000000
0.0000000000000000
0.0000000000000000
0.0000000000000000
0.0000000000000000
0.0000000000000000
0.0000000000000000
0.0000000000000000
0.0000000000000000
0.0000000000000000
0.0000000000000000
0.0000000000000000
0.0000000000000000
0.0000000000000000
0.0000000000000000
0.0000000000000000
0.0251411537432372
0.0640185974929980
0.0942443515062227
0.1129671435109225
0.1192278406973106
0.1130414742633817
0.0953372492868857
0.0679323441435632
0.0000000000000000
0.0000000000000000
0.0000000000000000
0.0000000000000000
0.0000000000000000
0.0000000000000000
0.0000000000000000
0.0000000000000000
0.0000000000000000
0.0000000000000000
0.0000000000000000
0.0000000000000000
0.0000000000000000
0.0000000000000000
0.0000000000000000
0.0000000000000000
0.0247688605699463
0.0638299679118226
0.0942172707167722
0.1130777389203473
0.1194577299914150
0.1133711579370396
0.0957436962742300
0.0683886006839357
0.0000000000000000
0.0000000000000000
0.0000000000000000
0.0000000000000000
0.0000000000000000
0.0000000000000000
0.0000000000000000
0.0000000000000000
0.0000000000000000
0.0000000000000000
0.0000000000000000
0.0000000000000000
0.0000000000000000
0.0000000000000000
0.0000000000000000
0.0000000000000000
0.0243909832638263
0.0636480612124100
0.0942029547765389
0.1132036189988338
0.1197035645630360
0.1137163223024800
0.0961644523659992
0.0688575996249411
0.0000000000000000
0.0000000000000000
0.0000000000000000
0.0000000000000000
0.0000000000000000
0.0000000000000000
0.0000000000000000
0.0000000000000000
0.0000000000000000
0.0000000000000000
0.0000000000000000
0.0000000000000000
0.0000000000000000
0.0000000000000000
0.0000000000000000
0.0000000000000000
0.0240070588513037
0.0634726653509358
0.0942012540677522
0.1133445962562716
0.1199650944495238
0.1140766571100813
0.0965991614014135
0.0693389598157566
0.0000000000000000
0.0000000000000000
0.0000000000000000
0.0000000000000000
0.0000000000000000
0.0000000000000000
0.0000000000000000
0.0000000000000000
0.0000000000000000
0.0000000000000000
0.0000000000000000
0.0000000000000000
0.0000000000000000
0.0000000000000000
0.0000000000000000
0.0000000000000000
0.0236165916403011
0.0633035444815561
0.0942120022374090
0.1135004689243776
0.1202420572386654
0.1144518417082104
0.0970474591722485
0.0698322945696230
0.0000000000000000
0.0000000000000000
0.0000000000000000
0.0000000000000000
0.0000000000000000
0.0000000000000000
0.0000000000000000
0.0000000000000000
0.0000000000000000
0.0000000000000000
0.0000000000000000
0.0000000000000000
0.0000000000000000
0.0000000000000000
0.0000000000000000
0.0000000000000000
0.0232190559969258
0.0631404399666592
0.0942350172011707
0.1136710217653985
0.1205341786649045
0.1148415454237721
0.0975089735925081
0.0703372116798080
0.0000000000000000
0.0000000000000000
0.0000000000000000
0.0000000000000000
0.0000000000000000
0.0000000000000000
0.0000000000000000
0.0000000000000000
0.0000000000000000
0.0000000000000000
0.0000000000000000
0.0000000000000000
0.0000000000000000
0.0000000000000000
0.0000000000000000
0.0000000000000000
0.0228138988731485
0.0629830707688968
0.0942701016382649
0.1138560265521129
0.1208411730473389
0.1152454279617324
0.0979833250695365
0.0708533137284666
0.0000000000000000
0.0000000000000000
0.0000000000000000
0.0000000000000000
0.0000000000000000
0.0000000000000000
0.0000000000000000
0.0000000000000000
0.0000000000000000
0.0000000000000000
0.0000000000000000
0.0000000000000000
0.0000000000000000
0.0000000000000000
0.0000000000000000
0.0000000000000000
0.0224005423536866
0.0628311333567960
0.0943170430708114
0.1140552422032042
0.1211627434994283
0.1156631396898723
0.0984701268440267
0.0713801984954640
0.0000000000000000
0.0000000000000000
0.0000000000000000
0.0000000000000000
0.0000000000000000
0.0000000000000000
0.0000000000000000
0.0000000000000000
0.0000000000000000
0.0000000000000000
0.0000000000000000
0.0000000000000000
0.0000000000000000
0.0000000000000000
0.0000000000000000
0.0000000000000000
0.0219783866381274
0.0626843013956001
0.0943756136633826
0.1142684146619771
0.1214985818970409
0.1160943217077784
0.0989689851639467
0.0719174591893589
0.0000000000000000
0.0000000000000000
0.0000000000000000
0.0000000000000000
0.0000000000000000
0.0000000000000000
0.0000000000000000
0.0000000000000000
0.0000000000000000
0.0000000000000000
0.0000000000000000
0.0000000000000000
0.0000000000000000
0.0000000000000000
0.0000000000000000
0.0000000000000000
0.0215468138253957
0.0625422255124321
0.0944455700120704
0.1144952766548767
0.1218483686545294
0.1165386056605737
0.0994794991268529
0.0724646843323822
0.0000000000000000
0.0000000000000000
0.0000000000000000
0.0000000000000000
0.0000000000000000
0.0000000000000000
0.0000000000000000
0.0000000000000000
0.0000000000000000
0.0000000000000000
0.0000000000000000
0.0000000000000000
0.0000000000000000
0.0000000000000000
0.0000000000000000
0.0000000000000000
0.0211051930179393
0.0624045335072217
0.0945266531618603
0.1147355475219436
0.1222117723943735
0.1169956132719637
0.1000012601076354
0.0730214570870685
0.0000000000000000
0.0000000000000000
0.0000000000000000
0.0000000000000000
0.0000000000000000
0.0000000000000000
0.0000000000000000
0.0000000000000000
0.0000000000000000
0.0000000000000000
0.0000000000000000
0.0000000000000000
0.0000000000000000
0.0000000000000000
0.0000000000000000
0.0000000000000000
0.0206528870378586
0.0622708312450548
0.0946185890853010
0.1149889332428321
0.1225884495771224
0.1174649556216517
0.1005338507182318
0.0735873539721374
0.0000000000000000
0.0000000000000000
0.0000000000000000
0.0000000000000000
0.0000000000000000
0.0000000000000000
0.0000000000000000
0.0000000000000000
0.0000000000000000
0.0000000000000000
0.0000000000000000
0.0000000000000000
0.0000000000000000
0.0000000000000000
0.0000000000000000
0.0000000000000000
0.0201892609556071
0.0621407042559970
0.0947210895595419
0.1152551266319864
0.1229780440619263
0.1179462321330216
0.1010768433124128
0.0741619429777836
0.0000000000000000
0.0000000000000000
0.0000000000000000
0.0000000000000000
0.0000000000000000
0.0000000000000000
0.0000000000000000
0.0000000000000000
0.0000000000000000
0.0000000000000000
0.0000000000000000
0.0000000000000000
0.0000000000000000
0.0000000000000000
0.0000000000000000
0.0000000000000000
0.0197136923791430
0.0620137197864522
0.0948338532329782
0.1155338074895076
0.1233801864589575
0.1184390292228251
0.1016297980350677
0.0747447811738997
0.0000000000000000
0.0000000000000000
0.0000000000000000
0.0000000000000000
0.0000000000000000
0.0000000000000000
0.0000000000000000
0.0000000000000000
0.0000000000000000
0.0000000000000000
0.0000000000000000
0.0000000000000000
0.0000000000000000
0.0000000000000000
0.0000000000000000
0.0000000000000000
0.0192255834702137
0.0618894290801670
0.0949565666028980
0.1158246425316719
0.1237944931667179
0.1189429185862534
0.1021922605083533
0.0753354119418935
0.0000000000000000
0.0000000000000000
0.0000000000000000
0.0000000000000000
0.0000000000000000
0.0000000000000000
0.0000000000000000
0.0000000000000000
0.0000000000000000
0.0000000000000000
0.0000000000000000
0.0000000000000000
0.0000000000000000
0.0000000000000000
0.0000000000000000
0.0000000000000000
0.0187243745800449
0.0617673697135707
0.0950889048980368
0.1161272851673258
0.1242205652833295
0.1194574554017408
0.1027637594767553
0.0759333622446162
0.0000000000000000
0.0000000000000000
0.0000000000000000
0.0000000000000000
0.0000000000000000
0.0000000000000000
0.0000000000000000
0.0000000000000000
0.0000000000000000
0.0000000000000000
0.0000000000000000
0.0000000000000000
0.0000000000000000
0.0000000000000000
0.0000000000000000
0.0000000000000000
0.0182095591719247
0.0616470680138232
0.0952305331214273
0.1164413756136893
0.1246579880107170
0.1199821771773708
0.1033438052239621
0.0765381407213957
0.0000000000000000
0.0000000000000000
0.0000000000000000
0.0000000000000000
0.0000000000000000
0.0000000000000000
0.0000000000000000
0.0000000000000000
0.0000000000000000
0.0000000000000000
0.0000000000000000
0.0000000000000000
0.0000000000000000
0.0000000000000000
0.0000000000000000
0.0000000000000000
0.0176806991424533
0.0615280413187729
0.0953811075385456
0.1167665419176687
0.1251063313684162
0.1205166042212113
0.1039318898356235
0.0771492377933226
0.0000000000000000
0.0000000000000000
0.0000000000000000
0.0000000000000000
0.0000000000000000
0.0000000000000000
0.0000000000000000
0.0000000000000000
0.0000000000000000
0.0000000000000000
0.0000000000000000
0.0000000000000000
0.0000000000000000
0.0000000000000000
0.0000000000000000
0.0000000000000000
0.0171374394131164
0.0614097994385942
0.0955402774304616
0.1171024020642129
0.1255651526277562
0.1210602423404403
0.1045274900788596
0.0777661285936503
0.0000000000000000
0.0000000000000000
0.0000000000000000
0.0000000000000000
0.0000000000000000
0.0000000000000000
0.0000000000000000
0.0000000000000000
0.0000000000000000
0.0000000000000000
0.0000000000000000
0.0000000000000000
0.0000000000000000
0.0000000000000000
0.0000000000000000
0.0000000000000000
0.0165795209350982
0.0612918444516169
0.0957076863779564
0.1174485665139029
0.1260339999467873
0.1216125873857590
0.1051300726206664
0.0783882786189202
0.0000000000000000
0.0000000000000000
0.0000000000000000
0.0000000000000000
0.0000000000000000
0.0000000000000000
0.0000000000000000
0.0000000000000000
0.0000000000000000
0.0000000000000000
0.0000000000000000
0.0000000000000000
0.0000000000000000
0.0000000000000000
0.0000000000000000
0.0000000000000000
0.0160067925736186
0.0611736681493327
0.0958829719990850
0.1178046399050443
0.1265124158007810
0.1221731301671451
0.1057391001430403
0.0790151506515637
0.0000000000000000
0.0000000000000000
0.0000000000000000
0.0000000000000000
0.0000000000000000
0.0000000000000000
0.0000000000000000
0.0000000000000000
0.0000000000000000
0.0000000000000000
0.0000000000000000
0.0000000000000000
0.0000000000000000
0.0000000000000000
0.0000000000000000
0.0000000000000000
0.0154192235570140
0.0610547474033167
0.0960657635703109
0.1181702207772369
0.1269999386960048
0.1227413599749723
0.1063540363724318
0.0796462109394935
0.0000000000000000
0.0000000000000000
0.0000000000000000
0.0000000000000000
0.0000000000000000
0.0000000000000000
0.0000000000000000
0.0000000000000000
0.0000000000000000
0.0000000000000000
0.0000000000000000
0.0000000000000000
0.0000000000000000
0.0000000000000000
0.0000000000000000
0.0000000000000000
0.0148169188430651
0.0609345385286680
0.0962556778851331
0.1185448991550929
0.1274961025518873
0.1233167657036219
0.1069743487734062
0.0802809331216459
0.0000000000000000
0.0000000000000000
0.0000000000000000
0.0000000000000000
0.0000000000000000
0.0000000000000000
0.0000000000000000
0.0000000000000000
0.0000000000000000
0.0000000000000000
0.0000000000000000
0.0000000000000000
0.0000000000000000
0.0000000000000000
0.0000000000000000
0.0000000000000000
0.0142001389385090
0.0608124722267404
0.0964523146519337
0.1189282530244169
0.1280004345059851
0.1238988350427234
0.1075995090266721
0.0809187998087939
0.0000000000000000
0.0000000000000000
0.0000000000000000
0.0000000000000000
0.0000000000000000
0.0000000000000000
0.0000000000000000
0.0000000000000000
0.0000000000000000
0.0000000000000000
0.0000000000000000
0.0000000000000000
0.0000000000000000
0.0000000000000000
0.0000000000000000
0.0000000000000000
0.0135693242562882
0.0606879502373529
0.0966552530158124
0.1193198453867114
0.1285124527750451
0.1244870532325999
0.1082289926541437
0.0815593029308184
0.0000000000000000
0.0000000000000000
0.0000000000000000
0.0000000000000000
0.0000000000000000
0.0000000000000000
0.0000000000000000
0.0000000000000000
0.0000000000000000
0.0000000000000000
0.0000000000000000
0.0000000000000000
0.0000000000000000
0.0000000000000000
0.0000000000000000
0.0000000000000000
0.0129251228421497
0.0605603440441232
0.0968640501416866
0.1197192231668114
0.1290316659988178
0.1250809028527701
0.1088622791924436
0.0822019442220450
0.0000000000000000
0.0000000000000000
0.0000000000000000
0.0000000000000000
0.0000000000000000
0.0000000000000000
0.0000000000000000
0.0000000000000000
0.0000000000000000
0.0000000000000000
0.0000000000000000
0.0000000000000000
0.0000000000000000
0.0000000000000000
0.0000000000000000
0.0000000000000000
0.0122684201600762
0.0604289952056005
0.0970782418969324
0.1201259181870450
0.1295575744120253
0.1256798650840903
0.1094988534468315
0.0828462363629690
0.0000000000000000
0.0000000000000000
0.0000000000000000
0.0000000000000000
0.0000000000000000
0.0000000000000000
0.0000000000000000
0.0000000000000000
0.0000000000000000
0.0000000000000000
0.0000000000000000
0.0000000000000000
0.0000000000000000
0.0000000000000000
0.0000000000000000
0.0000000000000000
0.0116003701898464
0.0602932166858015
0.0972973448343790
0.1205394494348768
0.1300896721057753
0.1262834217824776
0.1101382072488054
0.0834917043692982
0.0000000000000000
0.0000000000000000
0.0000000000000000
0.0000000000000000
0.0000000000000000
0.0000000000000000
0.0000000000000000
0.0000000000000000
0.0000000000000000
0.0000000000000000
0.0000000000000000
0.0000000000000000
0.0000000000000000
0.0000000000000000
0.0000000000000000
0.0000000000000000
0.0109224277198145
0.0601522946866000
0.0975208586126467
0.1209593255434706
0.1306274492716000
0.1268910572977061
0.1107798407600855
0.0841378863384947
0.0000000000000000
0.0000000000000000
0.0000000000000000
0.0000000000000000
0.0000000000000000
0.0000000000000000
0.0000000000000000
0.0000000000000000
0.0000000000000000
0.0000000000000000
0.0000000000000000
0.0000000000000000
0.0000000000000000
0.0000000000000000
0.0000000000000000
0.0000000000000000
0.0102363813472807
0.0600054908390665
0.0977482682785272
0.1213850468333472
0.1311703937557475
0.1275022594290500
0.1114232627831653
0.0847843331730265
0.0000000000000000
0.0000000000000000
0.0000000000000000
0.0000000000000000
0.0000000000000000
0.0000000000000000
0.0000000000000000
0.0000000000000000
0.0000000000000000
0.0000000000000000
0.0000000000000000
0.0000000000000000
