0.0000000000000000
0.0000000000000000
0.0000000000000000
0.0000000000000000
0.0878720445738682
0.1438491374086587
0.1552806961901106
0.1426949451764616
0.1149129422585706
0.0775480930698460
0.0371092502351855
0.0000000000000000
0.0000000000000000
0.0000000000000000
0.0000000000000000
0.0206231025259624
0.0135619671135799
0.0056145754986559
0.0000000000000000
0.0000000000000000
0.0000000000000000
0.0000000000000000
0.0000000000000000
0.0000000000000000
0.0000000000000000
0.0000000000000000
0.0000000000000000
0.0000000000000000
0.0866903810133014
0.1434581084586627
0.1552198149803629
0.1428003487204994
0.1151066554017686
0.0777787740442453
0.0370869161781730
0.0000000000000000
0.0000000000000000
0.0000000000000000
0.0000000000000000
0.0206468204001620
0.0135858043420906
0.0056355088488640
0.0000000000000000
0.0000000000000000
0.0000000000000000
0.0000000000000000
0.0000000000000000
0.0000000000000000
0.0000000000000000
0.0000000000000000
0.0000000000000000
0.0000000000000000
0.0854588223295773
0.1430468716724213
0.1551468115705872
0.1428950417966594
0.1152889505460552
0.0779966466741436
0.0370626061178656
0.0000000000000000
0.0000000000000000
0.0000000000000000
0.0000000000000000
0.0206671573972289
0.0136057588311590
0.0056517402300245
0.0000000000000000
0.0000000000000000
0.0000000000000000
0.0000000000000000
0.0000000000000000
0.0000000000000000
0.0000000000000000
0.0000000000000000
0.0000000000000000
0.0000000000000000
0.0841769101024152
0.1426152144025699
0.1550615074216709
0.1429787978625704
0.1154595664506347
0.0782014438009798
0.0370363168389203
0.0000000000000000
0.0000000000000000
0.0000000000000000
0.0000000000000000
0.0206840761546629
0.0136217959466662
0.0056632387419786
0.0000000000000000
0.0000000000000000
0.0000000000000000
0.0000000000000000
0.0000000000000000
0.0000000000000000
0.0000000000000000
0.0000000000000000
0.0000000000000000
0.0000000000000000
0.0828441915739808
0.1421629143660697
0.1549637219342665
0.1430513919345139
0.1156182467031254
0.0783929062508844
0.0370080444492787
0.0000000000000000
0.0000000000000000
0.0000000000000000
0.0000000000000000
0.0206975405643498
0.0136338825238950
0.0056699751931887
0.0000000000000000
0.0000000000000000
0.0000000000000000
0.0000000000000000
0.0000000000000000
0.0000000000000000
0.0000000000000000
0.0000000000000000
0.0000000000000000
0.0000000000000000
0.0814602296977547
0.1416897408020870
0.1548532724364795
0.1431125998391772
0.1157647385059483
0.0785707812982382
0.0369777843968231
0.0000000000000000
0.0000000000000000
0.0000000000000000
0.0000000000000000
0.0207075155244999
0.0136419865739919
0.0056719217326626
0.0000000000000000
0.0000000000000000
0.0000000000000000
0.0000000000000000
0.0000000000000000
0.0000000000000000
0.0000000000000000
0.0000000000000000
0.0000000000000000
0.0000000000000000
0.0800246127130200
0.1411954552135044
0.1547299742791865
0.1431621979228314
0.1158987921053510
0.0787348219431138
0.0369455314811493
0.0000000000000000
0.0000000000000000
0.0000000000000000
0.0000000000000000
0.0103569836251074
0.0136460771446159
0.0056690516588908
0.0000000000000000
0.0000000000000000
0.0000000000000000
0.0000000000000000
0.0000000000000000
0.0000000000000000
0.0000000000000000
0.0000000000000000
0.0000000000000000
0.0000000000000000
0.0785369636639311
0.1406798117843241
0.1545936410336561
0.1431999631271065
0.1160201608211107
0.0788847868730508
0.0369112798658373
0.0000000000000000
0.0000000000000000
0.0000000000000000
0.0000000000000000
0.0103584307867896
0.0136461243113345
0.0056613393975045
0.0000000000000000
0.0000000000000000
0.0000000000000000
0.0000000000000000
0.0000000000000000
0.0000000000000000
0.0000000000000000
0.0000000000000000
0.0000000000000000
0.0000000000000000
0.0769969505220768
0.1401425576386916
0.1544440847956256
0.1432256733611991
0.1161286014579405
0.0790204409229294
0.0368750231021980
0.0000000000000000
0.0000000000000000
0.0000000000000000
0.0000000000000000
0.0103580832977360
0.0136420992695481
0.0056487605975522
0.0000000000000000
0.0000000000000000
0.0000000000000000
0.0000000000000000
0.0000000000000000
0.0000000000000000
0.0000000000000000
0.0000000000000000
0.0000000000000000
0.0000000000000000
0.0754042978778377
0.1395834331917312
0.1542811165938540
0.1432391080116970
0.1162238749261103
0.0791415557389420
0.0368367541707642
0.0000000000000000
0.0000000000000000
0.0000000000000000
0.0000000000000000
0.0103559255511836
0.0136339744635305
0.0056312922911093
0.0000000000000000
0.0000000000000000
0.0000000000000000
0.0000000000000000
0.0000000000000000
0.0000000000000000
0.0000000000000000
0.0000000000000000
0.0000000000000000
0.0000000000000000
0.0737588009961315
0.1390021728145746
0.1541045468895506
0.1432400484370600
0.1163057467560772
0.0792479103345736
0.0369012744541986
0.0000000000000000
0.0000000000000000
0.0000000000000000
0.0000000000000000
0.0103519425484106
0.0136217236924973
0.0056089130299679
0.0000000000000000
0.0000000000000000
0.0000000000000000
0.0000000000000000
0.0000000000000000
0.0000000000000000
0.0000000000000000
0.0000000000000000
0.0000000000000000
0.0000000000000000
0.0720603433833098
0.1383985060908440
0.1539141861557383
0.1432282782615428
0.1163739872526943
0.0793392911424894
0.0369761446380749
0.0000000000000000
0.0000000000000000
0.0000000000000000
0.0000000000000000
0.0103461199105079
0.0136053221155181
0.0055816029277429
0.0000000000000000
0.0000000000000000
0.0000000000000000
0.0000000000000000
0.0000000000000000
0.0000000000000000
0.0000000000000000
0.0000000000000000
0.0000000000000000
0.0000000000000000
0.0703089185177661
0.1377721598585429
0.1537098455451357
0.1432035833817378
0.1164283711147315
0.0794154914302762
0.0370347467748595
0.0000000000000000
0.0000000000000000
0.0000000000000000
0.0000000000000000
0.0103384438364163
0.0135847461424350
0.0055493435788249
0.0000000000000000
0.0000000000000000
0.0000000000000000
0.0000000000000000
0.0000000000000000
0.0000000000000000
0.0000000000000000
0.0000000000000000
0.0000000000000000
0.0000000000000000
0.0685046562979637
0.1371228611553599
0.1534913377041333
0.1431657517377316
0.1164686766142073
0.0794763101199974
0.0370769287104380
0.0000000000000000
0.0000000000000000
0.0000000000000000
0.0000000000000000
0.0103289010273114
0.0135599732441798
0.0055121179151479
0.0000000000000000
0.0000000000000000
0.0000000000000000
0.0000000000000000
0.0000000000000000
0.0000000000000000
0.0000000000000000
0.0000000000000000
0.0000000000000000
0.0000000000000000
0.0666478542511578
0.1364503410596696
0.1532584778404351
0.1431145730697830
0.1164946846063762
0.0795215504219985
0.0371025446969242
0.0000000000000000
0.0000000000000000
0.0000000000000000
0.0000000000000000
0.0103174786120639
0.0135309817729325
0.0054699100920472
0.0000000000000000
0.0000000000000000
0.0000000000000000
0.0000000000000000
0.0000000000000000
0.0000000000000000
0.0000000000000000
0.0000000000000000
0.0000000000000000
0.0000000000000000
0.0647390134856786
0.1357543394270052
0.1530110851398606
0.1430498388499163
0.1165061776970296
0.0795510185916367
0.0371114540596996
0.0000000000000000
0.0000000000000000
0.0000000000000000
0.0000000000000000
0.0103041641026880
0.0134977508483687
0.0054227054843718
0.0000000000000000
0.0000000000000000
0.0000000000000000
0.0000000000000000
0.0000000000000000
0.0000000000000000
0.0000000000000000
0.0000000000000000
0.0000000000000000
0.0000000000000000
0.0627788786900908
0.1350346102116437
0.1527489844847040
0.1429713424811138
0.1165029396480332
0.0795645229746585
0.0371035201237689
0.0000000000000000
0.0000000000000000
0.0000000000000000
0.0000000000000000
0.0102889453733935
0.0134602602954373
0.0053704907497235
0.0000000000000000
0.0000000000000000
0.0000000000000000
0.0000000000000000
0.0000000000000000
0.0000000000000000
0.0000000000000000
0.0000000000000000
0.0000000000000000
0.0000000000000000
0.0607684801898649
0.1342909266484805
0.1524720081699704
0.1428788796110213
0.1164847550077528
0.0795618732519123
0.0370786093164220
0.0000000000000000
0.0000000000000000
0.0000000000000000
0.0000000000000000
0.0102718106346397
0.0134184905506646
0.0053132538667605
0.0000000000000000
0.0000000000000000
0.0000000000000000
0.0000000000000000
0.0000000000000000
0.0000000000000000
0.0000000000000000
0.0000000000000000
0.0000000000000000
0.0000000000000000
0.0587091742366036
0.1335230848848917
0.1521799971067302
0.1427722484248954
0.1164514088956032
0.0795428799198181
0.0370365904150558
0.0000000000000000
0.0000000000000000
0.0000000000000000
0.0000000000000000
0.0102527483777563
0.0133724224941051
0.0052509840741718
0.0000000000000000
0.0000000000000000
0.0000000000000000
0.0000000000000000
0.0000000000000000
0.0000000000000000
0.0000000000000000
0.0000000000000000
0.0000000000000000
0.0000000000000000
0.0566026775218218
0.1327309045346460
0.1518728010580201
0.1426512499123096
0.1164026872524391
0.0795073543780872
0.0369773343957909
0.0000000000000000
0.0000000000000000
0.0000000000000000
0.0000000000000000
0.0102317473254619
0.0133220372745426
0.0051836718151746
0.0000000000000000
0.0000000000000000
0.0000000000000000
0.0000000000000000
0.0000000000000000
0.0000000000000000
0.0000000000000000
0.0000000000000000
0.0000000000000000
0.0000000000000000
0.0544510938604744
0.1319142254820574
0.1515502778643962
0.1425156884297355
0.1163383780658348
0.0794551103822000
0.0369007157067253
0.0000000000000000
0.0000000000000000
0.0000000000000000
0.0000000000000000
0.0102087964683019
0.0132673163470512
0.0051113089531174
0.0000000000000000
0.0000000000000000
0.0000000000000000
0.0000000000000000
0.0000000000000000
0.0000000000000000
0.0000000000000000
0.0000000000000000
0.0000000000000000
0.0000000000000000
0.0522569357066391
0.1310729017300751
0.1512122921725602
0.1423653730033954
0.1162582741052641
0.0793859674305928
0.0368066157535980
0.0000000000000000
0.0000000000000000
0.0000000000000000
0.0000000000000000
0.0101838852847938
0.0132082419349036
0.0050338895590365
0.0000000000000000
0.0000000000000000
0.0000000000000000
0.0000000000000000
0.0000000000000000
0.0000000000000000
0.0000000000000000
0.0000000000000000
0.0000000000000000
0.0000000000000000
0.0500231466083830
0.1302067945643746
0.1508587145034920
0.1422001196544644
0.1161621771871548
0.0792997561159384
0.0366949285632094
0.0000000000000000
0.0000000000000000
0.0000000000000000
0.0000000000000000
0.0101570041711815
0.0131447979969218
0.0049514113757009
0.0000000000000000
0.0000000000000000
0.0000000000000000
0.0000000000000000
0.0000000000000000
0.0000000000000000
0.0000000000000000
0.0000000000000000
0.0000000000000000
0.0000000000000000
0.0477531313254606
0.1293157673117263
0.1504894212734579
0.1420197545404336
0.1160499033322697
0.0791963244776057
0.0365655676950886
0.0000000000000000
0.0000000000000000
0.0000000000000000
0.0000000000000000
0.0101281450085071
0.0130769715111055
0.0048638777611948
0.0000000000000000
0.0000000000000000
0.0000000000000000
0.0000000000000000
0.0000000000000000
0.0000000000000000
0.0000000000000000
0.0000000000000000
0.0000000000000000
0.0000000000000000
0.0454507963752009
0.1283996827933142
0.1501042957212921
0.1418241172415850
0.1159212876643426
0.0790755439619873
0.0364184726775621
0.0000000000000000
0.0000000000000000
0.0000000000000000
0.0000000000000000
0.0100973017106504
0.0130047537114522
0.0047712996595164
0.0000000000000000
0.0000000000000000
0.0000000000000000
0.0000000000000000
0.0000000000000000
0.0000000000000000
0.0000000000000000
0.0000000000000000
0.0000000000000000
0.0000000000000000
0.0431205987758124
0.1274584027178980
0.1497032290580694
0.1416130633049102
0.1157761879672116
0.0789373136009772
0.0362536134961198
0.0000000000000000
0.0000000000000000
0.0000000000000000
0.0000000000000000
0.0000000000000000
0.0129281409053406
0.0046736971695179
0.0000000000000000
0.0000000000000000
0.0000000000000000
0.0000000000000000
0.0000000000000000
0.0000000000000000
0.0000000000000000
0.0000000000000000
0.0000000000000000
0.0000000000000000
0.0407675977461605
0.1264917873794689
0.1492861210024098
0.1413864654493266
0.1156144862745713
0.0787815617978321
0.0360709923538112
0.0000000000000000
0.0000000000000000
0.0000000000000000
0.0000000000000000
0.0000000000000000
0.0128471346951951
0.0045711004959472
0.0000000000000000
0.0000000000000000
0.0000000000000000
0.0000000000000000
0.0000000000000000
0.0000000000000000
0.0000000000000000
0.0000000000000000
0.0000000000000000
0.0000000000000000
0.0383975051718944
0.1254996944783240
0.1488528793202174
0.1411442133642227
0.1154360886470938
0.0786082459049886
0.0358706429984966
0.0000000000000000
0.0000000000000000
0.0000000000000000
0.0000000000000000
0.0000000000000000
0.0127617416751822
0.0044635504107342
0.0000000000000000
0.0000000000000000
0.0000000000000000
0.0000000000000000
0.0000000000000000
0.0000000000000000
0.0000000000000000
0.0000000000000000
0.0000000000000000
0.0000000000000000
0.0360167335081244
0.1244819772515325
0.1484034186410414
0.1408862125305028
0.1152409236919116
0.0784173503638290
0.0357177958122820
0.0000000000000000
0.0000000000000000
0.0000000000000000
0.0000000000000000
0.0000000000000000
0.0126719728374440
0.0043510985291527
0.0000000000000000
0.0000000000000000
0.0000000000000000
0.0000000000000000
0.0000000000000000
0.0000000000000000
0.0000000000000000
0.0000000000000000
0.0000000000000000
0.0000000000000000
0.0336324418064432
0.1234384829793597
0.1479376592069583
0.1406123826885414
0.1150289405438226
0.0782088841980712
0.0356378981049708
0.0000000000000000
0.0000000000000000
0.0000000000000000
0.0000000000000000
0.0000000000000000
0.0125778429217726
0.0042338077195756
0.0000000000000000
0.0000000000000000
0.0000000000000000
0.0000000000000000
0.0000000000000000
0.0000000000000000
0.0000000000000000
0.0000000000000000
0.0000000000000000
0.0000000000000000
0.0312525788859277
0.1223690528817095
0.1474555260648255
0.1403226563832760
0.1148001067949730
0.0779828784347824
0.0355558703285610
0.0000000000000000
0.0000000000000000
0.0000000000000000
0.0000000000000000
0.0000000000000000
0.0124793698305919
0.0041117528201298
0.0000000000000000
0.0000000000000000
0.0000000000000000
0.0000000000000000
0.0000000000000000
0.0000000000000000
