0.0000000000000000
0.0000000000000000
0.0000000000000000
0.0000000000000000
0.0255083640205765
0.0642142027884260
0.0942843880781111
0.1128720582903219
0.1190141800252784
0.1127276093860873
0.0949454893258989
0.0674892266958011
0.0000000000000000
0.0000000000000000
0.0000000000000000
0.0000000000000000
0.0000000000000000
0.0000000000000000
0.0000000000000000
0.0000000000000000
0.0000000000000000
0.0000000000000000
0.0000000000000000
0.0000000000000000
0.0000000000000000
0.0000000000000000
0.0000000000000000
0.0000000000000000
0.0251412281808144
0.0640186639006501
0.0942444110970416
0.1129671969443765
0.1192278872016609
0.1130415127526763
0.0953372789362154
0.0679323647130423
0.0000000000000000
0.0000000000000000
0.0000000000000000
0.0000000000000000
0.0000000000000000
0.0000000000000000
0.0000000000000000
0.0000000000000000
0.0000000000000000
0.0000000000000000
0.0000000000000000
0.0000000000000000
0.0000000000000000
0.0000000000000000
0.0000000000000000
0.0000000000000000
0.0247689352723545
0.0638300344336761
0.0942173303252115
0.1130777923438943
0.1194577764799031
0.1133711964094825
0.0957437259044008
0.0683886212282556
0.0000000000000000
0.0000000000000000
0.0000000000000000
0.0000000000000000
0.0000000000000000
0.0000000000000000
0.0000000000000000
0.0000000000000000
0.0000000000000000
0.0000000000000000
0.0000000000000000
0.0000000000000000
0.0000000000000000
0.0000000000000000
0.0000000000000000
0.0000000000000000
0.0243910582514168
0.0636481278539554
0.0942030143994303
0.1132036724063059
0.1197036110281787
0.1137163607498633
0.0961644819683608
0.0688576201352386
0.0000000000000000
0.0000000000000000
0.0000000000000000
0.0000000000000000
0.0000000000000000
0.0000000000000000
0.0000000000000000
0.0000000000000000
0.0000000000000000
0.0000000000000000
0.0000000000000000
0.0000000000000000
0.0000000000000000
0.0000000000000000
0.0000000000000000
0.0000000000000000
0.0240071341443307
0.0634727321179344
0.0942013137019430
0.1133446496414601
0.1199651408837839
0.1140766955241407
0.0965991909672632
0.0693389802831229
0.0000000000000000
0.0000000000000000
0.0000000000000000
0.0000000000000000
0.0000000000000000
0.0000000000000000
0.0000000000000000
0.0000000000000000
0.0000000000000000
0.0000000000000000
0.0000000000000000
0.0000000000000000
0.0000000000000000
0.0000000000000000
0.0000000000000000
0.0000000000000000
0.0236166672587856
0.0633036113800459
0.0942120618797597
0.1135005222810311
0.1202421036344502
0.1144518800806259
0.0970474886928318
0.0698323149851050
0.0000000000000000
0.0000000000000000
0.0000000000000000
0.0000000000000000
0.0000000000000000
0.0000000000000000
0.0000000000000000
0.0000000000000000
0.0000000000000000
0.0000000000000000
0.0000000000000000
0.0000000000000000
0.0000000000000000
0.0000000000000000
0.0000000000000000
0.0000000000000000
0.0232191319604976
0.0631405070029599
0.0942350768485525
0.1136710750872205
0.1205342250145654
0.1148415837461674
0.0975090030590193
0.0703372320344112
0.0000000000000000
0.0000000000000000
0.0000000000000000
0.0000000000000000
0.0000000000000000
0.0000000000000000
0.0000000000000000
0.0000000000000000
0.0000000000000000
0.0000000000000000
0.0000000000000000
0.0000000000000000
0.0000000000000000
0.0000000000000000
0.0000000000000000
0.0000000000000000
0.0228139752008542
0.0629831379496156
0.0942701612875562
0.1138560798327596
0.1208412193431698
0.1152454662256752
0.0979833544731201
0.0708533340131556
0.0000000000000000
0.0000000000000000
0.0000000000000000
0.0000000000000000
0.0000000000000000
0.0000000000000000
0.0000000000000000
0.0000000000000000
0.0000000000000000
0.0000000000000000
0.0000000000000000
0.0000000000000000
0.0000000000000000
0.0000000000000000
0.0000000000000000
0.0000000000000000
0.0224006190637649
0.0628312006888314
0.0943171027188952
0.1140552954362820
0.1211627897336652
0.1156631778868745
0.0984701561757788
0.0713802187011649
0.0000000000000000
0.0000000000000000
0.0000000000000000
0.0000000000000000
0.0000000000000000
0.0000000000000000
0.0000000000000000
0.0000000000000000
0.0000000000000000
0.0000000000000000
0.0000000000000000
0.0000000000000000
0.0000000000000000
0.0000000000000000
0.0000000000000000
0.0000000000000000
0.0219784637477420
0.0626843688861459
0.0943756733071432
0.1142684678410402
0.1214986280618602
0.1160943598292969
0.0989690144149156
0.0719174793069608
0.0000000000000000
0.0000000000000000
0.0000000000000000
0.0000000000000000
0.0000000000000000
0.0000000000000000
0.0000000000000000
0.0000000000000000
0.0000000000000000
0.0000000000000000
0.0000000000000000
0.0000000000000000
0.0000000000000000
0.0000000000000000
0.0000000000000000
0.0000000000000000
0.0215468913503225
0.0625422931689827
0.0944456296483897
0.1144953297734252
0.1218484147420481
0.1165386436980099
0.0994795282880408
0.0724647043527404
0.0000000000000000
0.0000000000000000
0.0000000000000000
0.0000000000000000
0.0000000000000000
0.0000000000000000
0.0000000000000000
0.0000000000000000
0.0000000000000000
0.0000000000000000
0.0000000000000000
0.0000000000000000
0.0000000000000000
0.0000000000000000
0.0000000000000000
0.0000000000000000
0.0211052709722007
0.0624046013375734
0.0945267127876158
0.1147356005734212
0.1222118183966488
0.1169956512166655
0.1000012891700008
0.0730214770010062
0.0000000000000000
0.0000000000000000
0.0000000000000000
0.0000000000000000
0.0000000000000000
0.0000000000000000
0.0000000000000000
0.0000000000000000
0.0000000000000000
0.0000000000000000
0.0000000000000000
0.0000000000000000
0.0000000000000000
0.0000000000000000
0.0000000000000000
0.0000000000000000
0.0206529654332974
0.0622708992573089
0.0946186486973606
0.1149889862206249
0.1225884954861511
0.1174649934649141
0.1005338796726910
0.0735873737704488
0.0000000000000000
0.0000000000000000
0.0000000000000000
0.0000000000000000
0.0000000000000000
0.0000000000000000
0.0000000000000000
0.0000000000000000
0.0000000000000000
0.0000000000000000
0.0000000000000000
0.0000000000000000
0.0000000000000000
0.0000000000000000
0.0000000000000000
0.0000000000000000
0.0201893398013921
0.0621407724585604
0.0947211491547608
0.1152551795294199
0.1229780898696444
0.1179462698660877
0.1010768721498415
0.0741619626512364
0.0000000000000000
0.0000000000000000
0.0000000000000000
0.0000000000000000
0.0000000000000000
0.0000000000000000
0.0000000000000000
0.0000000000000000
0.0000000000000000
0.0000000000000000
0.0000000000000000
0.0000000000000000
0.0000000000000000
0.0000000000000000
0.0000000000000000
0.0000000000000000
0.0197137716811996
0.0620137881880361
0.0948339128081948
0.1155338602998450
0.1233802321572408
0.1184390668368872
0.1016298267463037
0.0747448007132379
0.0000000000000000
0.0000000000000000
0.0000000000000000
0.0000000000000000
0.0000000000000000
0.0000000000000000
0.0000000000000000
0.0000000000000000
0.0000000000000000
0.0000000000000000
0.0000000000000000
0.0000000000000000
0.0000000000000000
0.0000000000000000
0.0000000000000000
0.0000000000000000
0.0192256632305701
0.0618894976897839
0.0949566261549289
0.1158246952481126
0.1237945387473815
0.1189429560724545
0.1021922890841984
0.0753354313378408
0.0000000000000000
0.0000000000000000
0.0000000000000000
0.0000000000000000
0.0000000000000000
0.0000000000000000
0.0000000000000000
0.0000000000000000
0.0000000000000000
0.0000000000000000
0.0000000000000000
0.0000000000000000
0.0000000000000000
0.0000000000000000
0.0000000000000000
0.0000000000000000
0.0187244547960826
0.0617674385405280
0.0950889644236708
0.1161273377830029
0.1242206107381282
0.1194574927511761
0.1027637879079782
0.0759333814878787
0.0000000000000000
0.0000000000000000
0.0000000000000000
0.0000000000000000
0.0000000000000000
0.0000000000000000
0.0000000000000000
0.0000000000000000
0.0000000000000000
0.0000000000000000
0.0000000000000000
0.0000000000000000
0.0000000000000000
0.0000000000000000
0.0000000000000000
0.0000000000000000
0.0182096398355308
0.0616471370677153
0.0952305926174215
0.1164414281216685
0.1246580333313460
0.1199822143810896
0.1033438335013007
0.0765381598026663
0.0000000000000000
0.0000000000000000
0.0000000000000000
0.0000000000000000
0.0000000000000000
0.0000000000000000
0.0000000000000000
0.0000000000000000
0.0000000000000000
0.0000000000000000
0.0000000000000000
0.0000000000000000
0.0000000000000000
0.0000000000000000
0.0000000000000000
0.0000000000000000
0.0176807802390620
0.0615281106094693
0.0953811670016175
0.1167665943109465
0.1251063765465123
0.1205166412702194
0.1039319179497887
0.0771492567032843
0.0000000000000000
0.0000000000000000
0.0000000000000000
0.0000000000000000
0.0000000000000000
0.0000000000000000
0.0000000000000000
0.0000000000000000
0.0000000000000000
0.0000000000000000
0.0000000000000000
0.0000000000000000
0.0000000000000000
0.0000000000000000
0.0000000000000000
0.0000000000000000
0.0171375209206394
0.0614098689762275
0.0955403368572834
0.1171024543357143
0.1255651976548975
0.1210602792257013
0.1045275180205368
0.0777661473229793
0.0000000000000000
0.0000000000000000
0.0000000000000000
0.0000000000000000
0.0000000000000000
0.0000000000000000
0.0000000000000000
0.0000000000000000
0.0000000000000000
0.0000000000000000
0.0000000000000000
0.0000000000000000
0.0000000000000000
0.0000000000000000
0.0000000000000000
0.0000000000000000
0.0165796028227354
0.0612919142465694
0.0957077457651479
0.1174486186564792
0.1260340448144931
0.1216126240981952
0.1051301003805175
0.0783882971582880
0.0000000000000000
0.0000000000000000
0.0000000000000000
0.0000000000000000
0.0000000000000000
0.0000000000000000
0.0000000000000000
0.0000000000000000
0.0000000000000000
0.0000000000000000
0.0000000000000000
0.0000000000000000
0.0000000000000000
0.0000000000000000
0.0000000000000000
0.0000000000000000
0.0160068748005428
0.0611737382122241
0.0958830313432065
0.1178046919114701
0.1265124605005114
0.1221731666976383
0.1057391277117053
0.0790151689916391
0.0000000000000000
0.0000000000000000
0.0000000000000000
0.0000000000000000
0.0000000000000000
0.0000000000000000
0.0000000000000000
0.0000000000000000
0.0000000000000000
0.0000000000000000
0.0000000000000000
0.0000000000000000
0.0000000000000000
0.0000000000000000
0.0000000000000000
0.0000000000000000
0.0154193060709222
0.0610548177449915
0.0960658228678565
0.1181702726402082
0.1269999832191609
0.1227413963143652
0.1063540637405305
0.0796462290709452
0.0000000000000000
0.0000000000000000
0.0000000000000000
0.0000000000000000
0.0000000000000000
0.0000000000000000
0.0000000000000000
0.0000000000000000
0.0000000000000000
0.0000000000000000
0.0000000000000000
0.0000000000000000
0.0000000000000000
0.0000000000000000
0.0000000000000000
0.0000000000000000
0.0148170015785912
0.0609346091601846
0.0962557371325260
0.1185449508672255
0.1274961468898125
0.1233168018427212
0.1069743759315430
0.0802809510351475
0.0000000000000000
0.0000000000000000
0.0000000000000000
0.0000000000000000
0.0000000000000000
0.0000000000000000
0.0000000000000000
0.0000000000000000
0.0000000000000000
0.0000000000000000
0.0000000000000000
0.0000000000000000
0.0000000000000000
0.0000000000000000
0.0000000000000000
0.0000000000000000
0.0142002218155002
0.0608125431593601
0.0964523738455221
0.1189283045782477
0.1280004786499688
0.1238988709723049
0.1075995359654412
0.0809188174950300
0.0000000000000000
0.0000000000000000
0.0000000000000000
0.0000000000000000
0.0000000000000000
0.0000000000000000
0.0000000000000000
0.0000000000000000
0.0000000000000000
0.0000000000000000
0.0000000000000000
0.0000000000000000
0.0000000000000000
0.0000000000000000
0.0000000000000000
0.0000000000000000
0.0135694071779542
0.0606880214825260
0.0966553121518658
0.1193198967747000
0.1285124967163276
0.1244870889434151
0.1082290193641380
0.0815593203804931
0.0000000000000000
0.0000000000000000
0.0000000000000000
0.0000000000000000
0.0000000000000000
0.0000000000000000
0.0000000000000000
0.0000000000000000
0.0000000000000000
0.0000000000000000
0.0000000000000000
0.0000000000000000
0.0000000000000000
0.0000000000000000
0.0000000000000000
0.0000000000000000
0.0129252056931123
0.0605604156134760
0.0968641092163941
0.1197192743813432
0.1290317097285960
0.1250809383355542
0.1088623056642621
0.0822019614258911
0.0000000000000000
0.0000000000000000
0.0000000000000000
0.0000000000000000
0.0000000000000000
0.0000000000000000
0.0000000000000000
0.0000000000000000
0.0000000000000000
0.0000000000000000
0.0000000000000000
0.0000000000000000
0.0000000000000000
0.0000000000000000
0.0000000000000000
0.0000000000000000
0.0122685028043489
0.0604290671109205
0.0970783009064006
0.1201259692204338
0.1295576179214586
0.1256799003295693
0.1094988796710887
0.0828462533117564
0.0000000000000000
0.0000000000000000
0.0000000000000000
0.0000000000000000
0.0000000000000000
0.0000000000000000
0.0000000000000000
0.0000000000000000
0.0000000000000000
0.0000000000000000
0.0000000000000000
0.0000000000000000
0.0000000000000000
0.0000000000000000
0.0000000000000000
0.0000000000000000
0.0116004524688014
0.0602932889390214
0.0972974037746288
0.1205395002793673
0.1300897153859902
0.1262834567813744
0.1101382332161376
0.0834917210538410
0.0000000000000000
0.0000000000000000
0.0000000000000000
0.0000000000000000
0.0000000000000000
0.0000000000000000
0.0000000000000000
0.0000000000000000
0.0000000000000000
0.0000000000000000
0.0000000000000000
0.0000000000000000
0.0000000000000000
0.0000000000000000
0.0000000000000000
0.0000000000000000
0.0109225094502068
0.0601523672997831
0.0975209174796111
0.1209593761912400
0.1306274923136946
0.1268910920407462
0.1107798664611571
0.0841379027496581
0.0000000000000000
0.0000000000000000
0.0000000000000000
0.0000000000000000
0.0000000000000000
0.0000000000000000
0.0000000000000000
0.0000000000000000
0.0000000000000000
0.0000000000000000
0.0000000000000000
0.0000000000000000
0.0000000000000000
0.0000000000000000
0.0000000000000000
0.0000000000000000
0.0102364623194314
0.0600055638243881
0.0977483270680471
0.1213850972765061
0.1311704365507940
0.1275022939069655
0.1114232882086740
0.0847843493017312
0.0000000000000000
0.0000000000000000
0.0000000000000000
0.0000000000000000
0.0000000000000000
0.0000000000000000
0.0000000000000000
0.0000000000000000
0.0000000000000000
0.0000000000000000
0.0000000000000000
0.0000000000000000
