0.0000000000000000
0.0000000000000000
0.0000000000000000
0.0000000000000000
0.0255082951832610
0.0642141419513235
0.0942843388445256
0.1128720215548377
0.1190141565377517
0.1127275993300925
0.0949454920498830
0.0674892405789319
0.0000000000000000
0.0000000000000000
0.0000000000000000
0.0000000000000000
0.0000000000000000
0.0000000000000000
0.0000000000000000
0.0000000000000000
0.0000000000000000
0.0000000000000000
0.0000000000000000
0.0000000000000000
0.0000000000000000
0.0000000000000000
0.0000000000000000
0.0000000000000000
0.0251411591187314
0.0640186028779052
0.0942443617421140
0.1129671601133625
0.1192278636340280
0.1130415026322923
0.0953372816156171
0.0679323785765004
0.0000000000000000
0.0000000000000000
0.0000000000000000
0.0000000000000000
0.0000000000000000
0.0000000000000000
0.0000000000000000
0.0000000000000000
0.0000000000000000
0.0000000000000000
0.0000000000000000
0.0000000000000000
0.0000000000000000
0.0000000000000000
0.0000000000000000
0.0000000000000000
0.0247688659653573
0.0638299732159171
0.0942172808475576
0.1130777554193124
0.1194577528358672
0.1133711862294697
0.0957437285446377
0.0683886350777806
0.0000000000000000
0.0000000000000000
0.0000000000000000
0.0000000000000000
0.0000000000000000
0.0000000000000000
0.0000000000000000
0.0000000000000000
0.0000000000000000
0.0000000000000000
0.0000000000000000
0.0000000000000000
0.0000000000000000
0.0000000000000000
0.0000000000000000
0.0000000000000000
0.0243909886793796
0.0636480664315561
0.0942029647976652
0.1132036353901831
0.1197035873115212
0.1137163505150551
0.0961644845749083
0.0688576339766072
0.0000000000000000
0.0000000000000000
0.0000000000000000
0.0000000000000000
0.0000000000000000
0.0000000000000000
0.0000000000000000
0.0000000000000000
0.0000000000000000
0.0000000000000000
0.0000000000000000
0.0000000000000000
0.0000000000000000
0.0000000000000000
0.0000000000000000
0.0000000000000000
0.0240070642872374
0.0634726704810013
0.0942012639746795
0.1133446125358873
0.1199651170983629
0.1140766852394406
0.0965991935456511
0.0693389941221448
0.0000000000000000
0.0000000000000000
0.0000000000000000
0.0000000000000000
0.0000000000000000
0.0000000000000000
0.0000000000000000
0.0000000000000000
0.0000000000000000
0.0000000000000000
0.0000000000000000
0.0000000000000000
0.0000000000000000
0.0000000000000000
0.0000000000000000
0.0000000000000000
0.0236165970968422
0.0633035495184059
0.0942120120256070
0.1135004850881630
0.1202420797841997
0.1144518697510061
0.0970474912486422
0.0698323288276204
0.0000000000000000
0.0000000000000000
0.0000000000000000
0.0000000000000000
0.0000000000000000
0.0000000000000000
0.0000000000000000
0.0000000000000000
0.0000000000000000
0.0000000000000000
0.0000000000000000
0.0000000000000000
0.0000000000000000
0.0000000000000000
0.0000000000000000
0.0000000000000000
0.0232190614742657
0.0631404449061471
0.0942350268661146
0.1136710378092755
0.1205342011034942
0.1148415733766673
0.0975090055978840
0.0703372458862876
0.0000000000000000
0.0000000000000000
0.0000000000000000
0.0000000000000000
0.0000000000000000
0.0000000000000000
0.0000000000000000
0.0000000000000000
0.0000000000000000
0.0000000000000000
0.0000000000000000
0.0000000000000000
0.0000000000000000
0.0000000000000000
0.0000000000000000
0.0000000000000000
0.0228139043714142
0.0629830756068585
0.0942701111754309
0.1138560424720192
0.1208411953753611
0.1152454558213993
0.0979833570007188
0.0708533478802856
0.0000000000000000
0.0000000000000000
0.0000000000000000
0.0000000000000000
0.0000000000000000
0.0000000000000000
0.0000000000000000
0.0000000000000000
0.0000000000000000
0.0000000000000000
0.0000000000000000
0.0000000000000000
0.0000000000000000
0.0000000000000000
0.0000000000000000
0.0000000000000000
0.0224005478729079
0.0628311380890408
0.0943170524756735
0.1140552579950915
0.1211627657132753
0.1156631674529914
0.0984701586978363
0.0713802325894636
0.0000000000000000
0.0000000000000000
0.0000000000000000
0.0000000000000000
0.0000000000000000
0.0000000000000000
0.0000000000000000
0.0000000000000000
0.0000000000000000
0.0000000000000000
0.0000000000000000
0.0000000000000000
0.0000000000000000
0.0000000000000000
0.0000000000000000
0.0000000000000000
0.0219783921782015
0.0626843060179012
0.0943756229314068
0.1142684303218080
0.1214986039931183
0.1160943493710369
0.0989690169371999
0.0719174932223623
0.0000000000000000
0.0000000000000000
0.0000000000000000
0.0000000000000000
0.0000000000000000
0.0000000000000000
0.0000000000000000
0.0000000000000000
0.0000000000000000
0.0000000000000000
0.0000000000000000
0.0000000000000000
0.0000000000000000
0.0000000000000000
0.0000000000000000
0.0000000000000000
0.0215468193860466
0.0625422300205198
0.0944455791387119
0.1144952921786225
0.1218483906292544
0.1165386332206636
0.0994795308163599
0.0724647183011951
0.0000000000000000
0.0000000000000000
0.0000000000000000
0.0000000000000000
0.0000000000000000
0.0000000000000000
0.0000000000000000
0.0000000000000000
0.0000000000000000
0.0000000000000000
0.0000000000000000
0.0000000000000000
0.0000000000000000
0.0000000000000000
0.0000000000000000
0.0000000000000000
0.0211051985986741
0.0624045378967721
0.0945266621425585
0.1147355629055822
0.1222117942441736
0.1169956407255813
0.1000012917102001
0.0730214909884776
0.0000000000000000
0.0000000000000000
0.0000000000000000
0.0000000000000000
0.0000000000000000
0.0000000000000000
0.0000000000000000
0.0000000000000000
0.0000000000000000
0.0000000000000000
0.0000000000000000
0.0000000000000000
0.0000000000000000
0.0000000000000000
0.0000000000000000
0.0000000000000000
0.0206528926379181
0.0622708355116820
0.0946185979154754
0.1149889484823461
0.1225884712984341
0.1174649829654963
0.1005338822306510
0.0735873878029102
0.0000000000000000
0.0000000000000000
0.0000000000000000
0.0000000000000000
0.0000000000000000
0.0000000000000000
0.0000000000000000
0.0000000000000000
0.0000000000000000
0.0000000000000000
0.0000000000000000
0.0000000000000000
0.0000000000000000
0.0000000000000000
0.0000000000000000
0.0000000000000000
0.0201892665739110
0.0621407083952436
0.0947210982345888
0.1152551417233616
0.1229780656511941
0.1179462593637953
0.1010768747314751
0.0741619767346683
0.0000000000000000
0.0000000000000000
0.0000000000000000
0.0000000000000000
0.0000000000000000
0.0000000000000000
0.0000000000000000
0.0000000000000000
0.0000000000000000
0.0000000000000000
0.0000000000000000
0.0000000000000000
0.0000000000000000
0.0000000000000000
0.0000000000000000
0.0000000000000000
0.0197136980142306
0.0620137237937794
0.0948338617482680
0.1155338224287319
0.1233802079126346
0.1184390563372328
0.1016298293575544
0.0747448148536255
0.0000000000000000
0.0000000000000000
0.0000000000000000
0.0000000000000000
0.0000000000000000
0.0000000000000000
0.0000000000000000
0.0000000000000000
0.0000000000000000
0.0000000000000000
0.0000000000000000
0.0000000000000000
0.0000000000000000
0.0000000000000000
0.0000000000000000
0.0000000000000000
0.0192255891201783
0.0618894329509452
0.0949565749537726
0.1158246573147363
0.1237945144812661
0.1189429455810033
0.1021922917310390
0.0753354455411708
0.0000000000000000
0.0000000000000000
0.0000000000000000
0.0000000000000000
0.0000000000000000
0.0000000000000000
0.0000000000000000
0.0000000000000000
0.0000000000000000
0.0000000000000000
0.0000000000000000
0.0000000000000000
0.0000000000000000
0.0000000000000000
0.0000000000000000
0.0000000000000000
0.0187243802424616
0.0617673734430706
0.0950889130798072
0.1161272997902240
0.1242205864552209
0.1194574822735463
0.1027637905964088
0.0759333957601376
0.0000000000000000
0.0000000000000000
0.0000000000000000
0.0000000000000000
0.0000000000000000
0.0000000000000000
0.0000000000000000
0.0000000000000000
0.0000000000000000
0.0000000000000000
0.0000000000000000
0.0000000000000000
0.0000000000000000
0.0000000000000000
0.0000000000000000
0.0000000000000000
0.0182095648437745
0.0616470715972062
0.0952305411293746
0.1164413900724204
0.1246580090364362
0.1199822039229519
0.1033438362373480
0.0765381741498376
0.0000000000000000
0.0000000000000000
0.0000000000000000
0.0000000000000000
0.0000000000000000
0.0000000000000000
0.0000000000000000
0.0000000000000000
0.0000000000000000
0.0000000000000000
0.0000000000000000
0.0000000000000000
0.0000000000000000
0.0000000000000000
0.0000000000000000
0.0000000000000000
0.0176807048200402
0.0615280447510814
0.0953811153679184
0.1167665562082386
0.1251063522444627
0.1205166308372972
0.1039319207395045
0.0771492711313467
0.0000000000000000
0.0000000000000000
0.0000000000000000
0.0000000000000000
0.0000000000000000
0.0000000000000000
0.0000000000000000
0.0000000000000000
0.0000000000000000
0.0000000000000000
0.0000000000000000
0.0000000000000000
0.0000000000000000
0.0000000000000000
0.0000000000000000
0.0000000000000000
0.0171374450919806
0.0614098027147418
0.0955402850764757
0.1171024161826357
0.1255651733506460
0.1210602688237710
0.1045275208699975
0.0777661618379044
0.0000000000000000
0.0000000000000000
0.0000000000000000
0.0000000000000000
0.0000000000000000
0.0000000000000000
0.0000000000000000
0.0000000000000000
0.0000000000000000
0.0000000000000000
0.0000000000000000
0.0000000000000000
0.0000000000000000
0.0000000000000000
0.0000000000000000
0.0000000000000000
0.0165795266099262
0.0612918475663750
0.0957076938357922
0.1174485804562012
0.1260340205130543
0.1216126137330864
0.1051301032958231
0.0783883117660394
0.0000000000000000
0.0000000000000000
0.0000000000000000
0.0000000000000000
0.0000000000000000
0.0000000000000000
0.0000000000000000
0.0000000000000000
0.0000000000000000
0.0000000000000000
0.0000000000000000
0.0000000000000000
0.0000000000000000
0.0000000000000000
0.0000000000000000
0.0000000000000000
0.0160067982381512
0.0611736710973185
0.0958829792638834
0.1178046536672480
0.1265124362069760
0.1221731563752329
0.1057391306989784
0.0790151836981703
0.0000000000000000
0.0000000000000000
0.0000000000000000
0.0000000000000000
0.0000000000000000
0.0000000000000000
0.0000000000000000
0.0000000000000000
0.0000000000000000
0.0000000000000000
0.0000000000000000
0.0000000000000000
0.0000000000000000
0.0000000000000000
0.0000000000000000
0.0000000000000000
0.0154192292039540
0.0610547501789767
0.0960657706371670
0.1181702343553806
0.1269999589386945
0.1227413860405947
0.1063540668059129
0.0796462438821967
0.0000000000000000
0.0000000000000000
0.0000000000000000
0.0000000000000000
0.0000000000000000
0.0000000000000000
0.0000000000000000
0.0000000000000000
0.0000000000000000
0.0000000000000000
0.0000000000000000
0.0000000000000000
0.0000000000000000
0.0000000000000000
0.0000000000000000
0.0000000000000000
0.0148169244639865
0.0609345411262626
0.0962556847490908
0.1185449125452120
0.1274961226276511
0.1233167916235619
0.1069743790811905
0.0802809659570423
0.0000000000000000
0.0000000000000000
0.0000000000000000
0.0000000000000000
0.0000000000000000
0.0000000000000000
0.0000000000000000
0.0000000000000000
0.0000000000000000
0.0000000000000000
0.0000000000000000
0.0000000000000000
0.0000000000000000
0.0000000000000000
0.0000000000000000
0.0000000000000000
0.0142001445237734
0.0608124746403294
0.0964523213079793
0.1189282662225446
0.1280004544114133
0.1238988608137708
0.1075995392055173
0.0809188325334666
0.0000000000000000
0.0000000000000000
0.0000000000000000
0.0000000000000000
0.0000000000000000
0.0000000000000000
0.0000000000000000
0.0000000000000000
0.0000000000000000
0.0000000000000000
0.0000000000000000
0.0000000000000000
0.0000000000000000
0.0000000000000000
0.0000000000000000
0.0000000000000000
0.0135693297949663
0.0606879524607792
0.0966552594588671
0.1193198583888748
0.1285124725067356
0.1244870788515499
0.1082290227008041
0.0815593355413375
0.0000000000000000
0.0000000000000000
0.0000000000000000
0.0000000000000000
0.0000000000000000
0.0000000000000000
0.0000000000000000
0.0000000000000000
0.0000000000000000
0.0000000000000000
0.0000000000000000
0.0000000000000000
0.0000000000000000
0.0000000000000000
0.0000000000000000
0.0000000000000000
0.0129251283219589
0.0605603460709982
0.0968640563666023
0.1197192359690277
0.1290316855533743
0.1250809283164213
0.1088623091036693
0.0822019767149690
0.0000000000000000
0.0000000000000000
0.0000000000000000
0.0000000000000000
0.0000000000000000
0.0000000000000000
0.0000000000000000
0.0000000000000000
0.0000000000000000
0.0000000000000000
0.0000000000000000
0.0000000000000000
0.0000000000000000
0.0000000000000000
0.0000000000000000
0.0000000000000000
0.0122684255673323
0.0604289970292892
0.0970782478984849
0.1201259307853190
0.1295575937860543
0.1256798903892436
0.1094988832193683
0.0828462687348437
0.0000000000000000
0.0000000000000000
0.0000000000000000
0.0000000000000000
0.0000000000000000
0.0000000000000000
0.0000000000000000
0.0000000000000000
0.0000000000000000
0.0000000000000000
0.0000000000000000
0.0000000000000000
0.0000000000000000
0.0000000000000000
0.0000000000000000
0.0000000000000000
0.0116003755094414
0.0602932182994064
0.0972973506072617
0.1205394618251964
0.1300896912958837
0.1262834469259335
0.1101382368793931
0.0834917366166580
0.0000000000000000
0.0000000000000000
0.0000000000000000
0.0000000000000000
0.0000000000000000
0.0000000000000000
0.0000000000000000
0.0000000000000000
0.0000000000000000
0.0000000000000000
0.0000000000000000
0.0000000000000000
0.0000000000000000
0.0000000000000000
0.0000000000000000
0.0000000000000000
0.0109224329352249
0.0601522960829447
0.0975208641514634
0.1209593377218031
0.1306274682743920
0.1268910822762631
0.1107798702454571
0.0841379184578620
0.0000000000000000
0.0000000000000000
0.0000000000000000
0.0000000000000000
0.0000000000000000
0.0000000000000000
0.0000000000000000
0.0000000000000000
0.0000000000000000
0.0000000000000000
0.0000000000000000
0.0000000000000000
0.0000000000000000
0.0000000000000000
0.0000000000000000
0.0000000000000000
0.0102363864406167
0.0600054920106782
0.0977482735777854
0.1213850587956350
0.1311704125678214
0.1275022842395021
0.1114232921200456
0.0847843651609118
0.0000000000000000
0.0000000000000000
0.0000000000000000
0.0000000000000000
0.0000000000000000
0.0000000000000000
0.0000000000000000
0.0000000000000000
0.0000000000000000
0.0000000000000000
0.0000000000000000
0.0000000000000000
