0.0000000000000000
0.0000000000000000
0.0000000000000000
0.0000000000000000
0.0878717534674309
0.1438490339876531
0.1552806949883765
0.1426950082581157
0.1149130477220481
0.0000000000000000
0.0000000000000000
0.0370450875895497
0.0352070779588862
0.0317081805804149
0.0267566964732836
0.0206231311323693
0.0135620020442373
0.0056146181268837
0.0000000000000000
0.0000000000000000
0.0000000000000000
0.0000000000000000
0.0000000000000000
0.0000000000000000
0.0000000000000000
0.0000000000000000
0.0000000000000000
0.0000000000000000
0.0866900862599381
0.1434580033423688
0.1552198129527335
0.1428004113551391
0.1151067606440870
0.0000000000000000
0.0000000000000000
0.0370366683445984
0.0352108966749029
0.0317217825360311
0.0267770362120117
0.0206468489578410
0.0135858392335328
0.0056355514511451
0.0000000000000000
0.0000000000000000
0.0000000000000000
0.0000000000000000
0.0000000000000000
0.0000000000000000
0.0000000000000000
0.0000000000000000
0.0000000000000000
0.0000000000000000
0.0854585237724071
0.1430467647959842
0.1551468086986540
0.1428951039814768
0.1152890555704659
0.0000000000000000
0.0000000000000000
0.0370261100646650
0.0352123447663662
0.0317327257560551
0.0267943821266698
0.0206671859063093
0.0136057936845153
0.0056517828086280
0.0000000000000000
0.0000000000000000
0.0000000000000000
0.0000000000000000
0.0000000000000000
0.0000000000000000
0.0000000000000000
0.0000000000000000
0.0000000000000000
0.0000000000000000
0.0841766075865949
0.1426151057000901
0.1550615036869921
0.1429788595948565
0.1154596712604369
0.0000000000000000
0.0000000000000000
0.0370133976230359
0.0352113971731294
0.0317409778783445
0.0268086976589205
0.0206841046152973
0.0136218307630722
0.0056632812992273
0.0000000000000000
0.0000000000000000
0.0000000000000000
0.0000000000000000
0.0000000000000000
0.0000000000000000
0.0000000000000000
0.0000000000000000
0.0000000000000000
0.0000000000000000
0.0828438849474161
0.1421628037705343
0.1549637173183478
0.1430514532116460
0.1156183513016545
0.0000000000000000
0.0000000000000000
0.0369985155143936
0.0352080288295756
0.0317465069583123
0.0268199471072581
0.0206975689767127
0.0136339173044924
0.0056700177314421
0.0000000000000000
0.0000000000000000
0.0000000000000000
0.0000000000000000
0.0000000000000000
0.0000000000000000
0.0000000000000000
0.0000000000000000
0.0000000000000000
0.0000000000000000
0.0814599188119553
0.1416896282453050
0.1548532669207571
0.1431126606586093
0.1157648428965674
0.0000000000000000
0.0000000000000000
0.0369814478125385
0.0352022145645968
0.0317492813135549
0.0268280954196392
0.0207075438887864
0.0136420213199283
0.0056719642543004
0.0000000000000000
0.0000000000000000
0.0000000000000000
0.0000000000000000
0.0000000000000000
0.0000000000000000
0.0000000000000000
0.0000000000000000
0.0000000000000000
0.0000000000000000
0.0800242974241106
0.1411953406260444
0.1547299678450125
0.1431622582820852
0.1158988962914421
0.0000000000000000
0.0000000000000000
0.0369621781563142
0.0351939290603327
0.0317492694566278
0.0268331081046556
0.0207139951411368
0.0136461118570454
0.0056690941662977
0.0000000000000000
0.0000000000000000
0.0000000000000000
0.0000000000000000
0.0000000000000000
0.0000000000000000
0.0000000000000000
0.0000000000000000
0.0000000000000000
0.0000000000000000
0.0785366438338432
0.1406796950954525
0.1545936336622843
0.1432000230237637
0.1160202648060664
0.0000000000000000
0.0000000000000000
0.0369406897633726
0.0351831468667396
0.0317464401091657
0.0268349512402027
0.0207168894207760
0.0136461589914177
0.0056613818930536
0.0000000000000000
0.0000000000000000
0.0000000000000000
0.0000000000000000
0.0000000000000000
0.0000000000000000
0.0000000000000000
0.0000000000000000
0.0000000000000000
0.0000000000000000
0.0769966260199363
0.1401424387763095
0.1544440764681975
0.1432257327928923
0.1161287052451566
0.0000000000000000
0.0000000000000000
0.0184584825583910
0.0351698424599798
0.0317407622730969
0.0268335915576067
0.0207161943992867
0.0136421339184526
0.0056488030835893
0.0000000000000000
0.0000000000000000
0.0000000000000000
0.0000000000000000
0.0000000000000000
0.0000000000000000
0.0000000000000000
0.0000000000000000
0.0000000000000000
0.0000000000000000
0.0754039685815882
0.1395833120823131
0.1542811072913841
0.1432391669761019
0.1162239785189760
0.0000000000000000
0.0000000000000000
0.0184454937235763
0.0351539903279603
0.0317322053358071
0.0268289965589600
0.0207118788631572
0.0136340090824312
0.0056313347699352
0.0000000000000000
0.0000000000000000
0.0000000000000000
0.0000000000000000
0.0000000000000000
0.0000000000000000
0.0000000000000000
0.0000000000000000
0.0000000000000000
0.0000000000000000
0.0737584667944148
0.1390020493831072
0.1541045365929127
0.1432401069318867
0.1163058501579677
0.0000000000000000
0.0000000000000000
0.0184313693442743
0.0351355650570629
0.0317207391638628
0.0268211346186009
0.0207039128149579
0.0136217582825766
0.0056089555038205
0.0000000000000000
0.0000000000000000
0.0000000000000000
0.0000000000000000
0.0000000000000000
0.0000000000000000
0.0000000000000000
0.0000000000000000
0.0000000000000000
0.0000000000000000
0.0720600041776511
0.1383983802607699
0.1539141748456532
0.1432283362845277
0.1163740904669628
0.0000000000000000
0.0000000000000000
0.0184161004841610
0.0351145413974642
0.0317063341535812
0.0268099750168668
0.0206922674968828
0.0136053566779665
0.0055816453987771
0.0000000000000000
0.0000000000000000
0.0000000000000000
0.0000000000000000
0.0000000000000000
0.0000000000000000
0.0000000000000000
0.0000000000000000
0.0000000000000000
0.0000000000000000
0.0703085742251019
0.1377720315517111
0.1537098332021628
0.1432036409306385
0.1164284741447011
0.0000000000000000
0.0000000000000000
0.0183996781663047
0.0350908942931623
0.0316889612176230
0.0267954878908454
0.0206769153068260
0.0135847806784518
0.0055493860490913
0.0000000000000000
0.0000000000000000
0.0000000000000000
0.0000000000000000
0.0000000000000000
0.0000000000000000
0.0000000000000000
0.0000000000000000
0.0000000000000000
0.0000000000000000
0.0685043068535576
0.1371227302919883
0.1534913243086670
0.1431658088103232
0.1164687794631665
0.0000000000000000
0.0000000000000000
0.0000000000000000
0.0350645988953943
0.0316685917322105
0.0267776441236670
0.0206578296471503
0.0135600077549741
0.0055121603865692
0.0000000000000000
0.0000000000000000
0.0000000000000000
0.0000000000000000
0.0000000000000000
0.0000000000000000
0.0000000000000000
0.0000000000000000
0.0000000000000000
0.0000000000000000
0.0666474996119501
0.1364502075583221
0.1532584633727081
0.1431146296638594
0.1164947872775750
0.0000000000000000
0.0000000000000000
0.0000000000000000
0.0350356305905595
0.0316451974916120
0.0267564152417833
0.0206349847756086
0.0135310162597247
0.0054699525663920
0.0000000000000000
0.0000000000000000
0.0000000000000000
0.0000000000000000
0.0000000000000000
0.0000000000000000
0.0000000000000000
0.0000000000000000
0.0000000000000000
0.0000000000000000
0.0647386536341198
0.1357542032045895
0.1530110695799557
0.1430498949632955
0.1165062801936788
0.0000000000000000
0.0000000000000000
0.0000000000000000
0.0350039650752722
0.0316187507111186
0.0267317733601390
0.0206083557162416
0.0134977853123927
0.0054227479632250
0.0000000000000000
0.0000000000000000
0.0000000000000000
0.0000000000000000
0.0000000000000000
0.0000000000000000
0.0000000000000000
0.0000000000000000
0.0000000000000000
0.0000000000000000
0.0627785136385004
0.1350344711834290
0.1527489678125736
0.1429713981116460
0.1165030419733051
0.0000000000000000
0.0000000000000000
0.0000000000000000
0.0349695784668413
0.0315892240716878
0.0267036911777336
0.0205779182174814
0.0134602947379424
0.0053705332344525
0.0000000000000000
0.0000000000000000
0.0000000000000000
0.0000000000000000
0.0000000000000000
0.0000000000000000
0.0000000000000000
0.0000000000000000
0.0000000000000000
0.0000000000000000
0.0607681099853472
0.1342907847281373
0.1524719903654647
0.1428789347566029
0.1164848571647839
0.0000000000000000
0.0000000000000000
0.0000000000000000
0.0349324473995499
0.0315565907564036
0.0266721419632497
0.0205436487002609
0.0134185249729183
0.0053132963584770
0.0000000000000000
0.0000000000000000
0.0000000000000000
0.0000000000000000
0.0000000000000000
0.0000000000000000
0.0000000000000000
0.0000000000000000
0.0000000000000000
0.0000000000000000
0.0587087989665516
0.1335229399845470
0.1521799781496302
0.1427723030834838
0.1164515108874986
0.0000000000000000
0.0000000000000000
0.0000000000000000
0.0348925490463310
0.0315208244320619
0.0266370994943498
0.0205055241472546
0.0133724568973961
0.0052510265736876
0.0000000000000000
0.0000000000000000
0.0000000000000000
0.0000000000000000
0.0000000000000000
0.0000000000000000
0.0000000000000000
0.0000000000000000
0.0000000000000000
0.0000000000000000
0.0566022973200061
0.1327307565649420
0.1518727809280709
0.1426513040819389
0.1164027890822781
0.0000000000000000
0.0000000000000000
0.0000000000000000
0.0348498610586598
0.0314818991936622
0.0265985379898385
0.0204635220039161
0.0133220716601836
0.0051837143229501
0.0000000000000000
0.0000000000000000
0.0000000000000000
0.0000000000000000
0.0000000000000000
0.0000000000000000
0.0000000000000000
0.0000000000000000
0.0000000000000000
0.0000000000000000
0.0544507089137308
0.1319140743521997
0.1515502565413328
0.1425157421085282
0.1163384797366735
0.0000000000000000
0.0000000000000000
0.0000000000000000
0.0348043614992811
0.0314397895802317
0.0265564321751513
0.0204176202513529
0.0132673507163818
0.0051113514692015
0.0000000000000000
0.0000000000000000
0.0000000000000000
0.0000000000000000
0.0000000000000000
0.0000000000000000
0.0000000000000000
0.0000000000000000
0.0000000000000000
0.0000000000000000
0.0522565462621652
0.1310727473478562
0.1512122696361212
0.1423654261895679
0.1162583756201362
0.0000000000000000
0.0000000000000000
0.0000000000000000
0.0347560289003075
0.0313944708021980
0.0265107576397850
0.0203677978466176
0.0132082762892925
0.0050339320829964
0.0000000000000000
0.0000000000000000
0.0000000000000000
0.0000000000000000
0.0000000000000000
0.0000000000000000
0.0000000000000000
0.0000000000000000
0.0000000000000000
0.0000000000000000
0.0500227529816670
0.1302066368361715
0.1508586907334188
0.1422001723463227
0.1161622785490662
0.0000000000000000
0.0000000000000000
0.0000000000000000
0.0347048425438689
0.0313459192605990
0.0264614915502930
0.0203140355822136
0.0131448323377679
0.0049514539065392
0.0000000000000000
0.0000000000000000
0.0000000000000000
0.0000000000000000
0.0000000000000000
0.0000000000000000
0.0000000000000000
0.0000000000000000
0.0000000000000000
0.0000000000000000
0.0477527339088650
0.1293156061424778
0.1504893962494803
0.1420198067363616
0.1160500045441877
0.0000000000000000
0.0000000000000000
0.0000000000000000
0.0346507829565020
0.0312941132870941
0.0264086136072877
0.0202563172202397
0.0130770058398382
0.0048639202972515
0.0000000000000000
0.0000000000000000
0.0000000000000000
0.0000000000000000
0.0000000000000000
0.0000000000000000
0.0000000000000000
0.0000000000000000
0.0000000000000000
0.0000000000000000
0.0454503956471855
0.1283995180864893
0.1501042694231055
0.1418241689400255
0.1159213887291813
0.0000000000000000
0.0000000000000000
0.0000000000000000
0.0345938324738289
0.0312390339122291
0.0263521069890288
0.0201946305884674
0.0130047880295310
0.0047713421983548
0.0000000000000000
0.0000000000000000
0.0000000000000000
0.0000000000000000
0.0000000000000000
0.0000000000000000
0.0000000000000000
0.0000000000000000
0.0000000000000000
0.0000000000000000
0.0431201953107360
0.1274582343754647
0.1497032014653077
0.1416131145043425
0.1157762888878134
0.0000000000000000
0.0000000000000000
0.0000000000000000
0.0345339756857264
0.0311806654244851
0.0262919590126296
0.0201289683219232
0.0129281752142543
0.0046737397077926
0.0000000000000000
0.0000000000000000
0.0000000000000000
0.0000000000000000
0.0000000000000000
0.0000000000000000
0.0000000000000000
0.0000000000000000
0.0000000000000000
0.0000000000000000
0.0407671922245272
0.1264916153018652
0.1492860920946161
0.1413865161482417
0.1156145870536867
0.0000000000000000
0.0000000000000000
0.0000000000000000
0.0344711996233379
0.0311189955873924
0.0262281613639960
0.0200593280970030
0.0128471689964605
0.0045711430292500
0.0000000000000000
0.0000000000000000
0.0000000000000000
0.0000000000000000
0.0000000000000000
0.0000000000000000
0.0000000000000000
0.0000000000000000
0.0000000000000000
0.0000000000000000
0.0383970983908372
0.1254995185644263
0.1488528490768121
0.1411442635610988
0.1154361892873624
0.0000000000000000
0.0000000000000000
0.0000000000000000
0.0344054936827880
0.0310540155249888
0.0261607099370190
0.0199857124070946
0.0127617759703432
0.0044635929334168
0.0000000000000000
0.0000000000000000
0.0000000000000000
0.0000000000000000
0.0000000000000000
0.0000000000000000
0.0000000000000000
0.0000000000000000
0.0000000000000000
0.0000000000000000
0.0360163263918326
0.1244817973986256
0.1484033870412891
0.1408862622237797
0.1152410241958432
0.0000000000000000
0.0000000000000000
0.0000000000000000
0.0343368493880476
0.0309857194114006
0.0260896044383102
0.0199081280801557
0.0126720071280715
0.0043511410341212
0.0000000000000000
0.0000000000000000
0.0000000000000000
0.0000000000000000
0.0000000000000000
0.0000000000000000
0.0000000000000000
0.0000000000000000
0.0000000000000000
0.0000000000000000
0.0336320354161204
0.1234382990831014
0.1479376262299339
0.1406124318765967
0.1150290409137803
0.0000000000000000
0.0000000000000000
0.0000000000000000
0.0342652601256227
0.0309141041141709
0.0260148479403655
0.0198265857351056
0.0125778772094640
0.0042338501980524
0.0000000000000000
0.0000000000000000
0.0000000000000000
0.0000000000000000
0.0000000000000000
0.0000000000000000
0.0000000000000000
0.0000000000000000
0.0000000000000000
0.0000000000000000
0.0312521744287391
0.1223688648361058
0.1474554916893812
0.1403227050644038
0.1148002070331580
0.0000000000000000
0.0000000000000000
0.0000000000000000
0.0341907209302974
0.0308391688834157
0.0259364464750134
0.0197410992911544
0.0124794041169716
0.0041117952613771
0.0000000000000000
0.0000000000000000
0.0000000000000000
0.0000000000000000
0.0000000000000000
0.0000000000000000
