0.0000000000000000
0.0000000000000000
0.0000000000000000
0.0000000000000000
0.0439356385535988
0.0000000000000000
0.0000000000000000
0.0000000000000000
0.0000000000000000
0.0000000000000000
0.0371092511688680
0.0370451021777016
0.0352070961126522
0.0317082002973125
0.0267567156766411
0.0206231478238620
0.0135620144303141
0.0056146242666998
0.0000000000000000
0.0000000000000000
0.0000000000000000
0.0000000000000000
0.0000000000000000
0.0000000000000000
0.0000000000000000
0.0000000000000000
0.0000000000000000
0.0000000000000000
0.0433448019314131
0.0000000000000000
0.0000000000000000
0.0000000000000000
0.0000000000000000
0.0000000000000000
0.0370869170392404
0.0370366829583018
0.0352109148720115
0.0317218023141611
0.0267770554936299
0.0206468657432953
0.0135858517293787
0.0056355577252801
0.0000000000000000
0.0000000000000000
0.0000000000000000
0.0000000000000000
0.0000000000000000
0.0000000000000000
0.0000000000000000
0.0000000000000000
0.0000000000000000
0.0000000000000000
0.0427290175959214
0.0000000000000000
0.0000000000000000
0.0000000000000000
0.0000000000000000
0.0000000000000000
0.0370626069101353
0.0370261247093724
0.0352123630122576
0.0317327456007749
0.0267944014917855
0.0206672027908746
0.0136058062953807
0.0056517892223574
0.0000000000000000
0.0000000000000000
0.0000000000000000
0.0000000000000000
0.0000000000000000
0.0000000000000000
0.0000000000000000
0.0000000000000000
0.0000000000000000
0.0000000000000000
0.0420880563419816
0.0000000000000000
0.0000000000000000
0.0000000000000000
0.0000000000000000
0.0000000000000000
0.0370363175662799
0.0370134123041884
0.0352114154732163
0.0317409977949685
0.0268087171127132
0.0206841216040552
0.0136218434941356
0.0056632878577605
0.0000000000000000
0.0000000000000000
0.0000000000000000
0.0000000000000000
0.0000000000000000
0.0000000000000000
0.0000000000000000
0.0000000000000000
0.0000000000000000
0.0000000000000000
0.0414216917967200
0.0000000000000000
0.0000000000000000
0.0000000000000000
0.0000000000000000
0.0000000000000000
0.0370080451156827
0.0369985302374177
0.0352080471892399
0.0317465269521089
0.0268199666548484
0.0206975860746759
0.0136339301608603
0.0056700244399220
0.0000000000000000
0.0000000000000000
0.0000000000000000
0.0000000000000000
0.0000000000000000
0.0000000000000000
0.0000000000000000
0.0000000000000000
0.0000000000000000
0.0000000000000000
0.0407297054441511
0.0000000000000000
0.0000000000000000
0.0000000000000000
0.0000000000000000
0.0000000000000000
0.0369777850062905
0.0369814625828431
0.0352022329891871
0.0317493013897444
0.0268281150660867
0.0207075611008974
0.0136420343066356
0.0056719711178025
0.0000000000000000
0.0000000000000000
0.0000000000000000
0.0000000000000000
0.0000000000000000
0.0000000000000000
0.0000000000000000
0.0000000000000000
0.0000000000000000
0.0000000000000000
0.0400118914126156
0.0000000000000000
0.0000000000000000
0.0000000000000000
0.0000000000000000
0.0000000000000000
0.0369455320377605
0.0369621929792881
0.0351939475551614
0.0317492896203795
0.0268331278549567
0.0207140124722666
0.0136461249790557
0.0056691011898286
0.0000000000000000
0.0000000000000000
0.0000000000000000
0.0000000000000000
0.0000000000000000
0.0000000000000000
0.0000000000000000
0.0000000000000000
0.0000000000000000
0.0000000000000000
0.0392680612345357
0.0000000000000000
0.0000000000000000
0.0000000000000000
0.0000000000000000
0.0000000000000000
0.0369112803737322
0.0369407046443817
0.0351831654370806
0.0317464603655959
0.0268349710992887
0.0207169068757229
0.0136461722536238
0.0056613890815503
0.0000000000000000
0.0000000000000000
0.0000000000000000
0.0000000000000000
0.0000000000000000
0.0000000000000000
0.0000000000000000
0.0000000000000000
0.0000000000000000
0.0000000000000000
0.0384980489079362
0.0000000000000000
0.0000000000000000
0.0000000000000000
0.0000000000000000
0.0000000000000000
0.0368750235655731
0.0369169804166940
0.0351698611110658
0.0317407826272666
0.0268336115303423
0.0207162119827752
0.0136421473256771
0.0056488104419170
0.0000000000000000
0.0000000000000000
0.0000000000000000
0.0000000000000000
0.0000000000000000
0.0000000000000000
0.0000000000000000
0.0000000000000000
0.0000000000000000
0.0000000000000000
0.0377017167423996
0.0000000000000000
0.0000000000000000
0.0000000000000000
0.0000000000000000
0.0000000000000000
0.0368367545938702
0.0368910028196727
0.0351540090649800
0.0317322257927196
0.0268290166501410
0.0207118965798372
0.0136340226394268
0.0056313423028856
0.0000000000000000
0.0000000000000000
0.0000000000000000
0.0000000000000000
0.0000000000000000
0.0000000000000000
0.0000000000000000
0.0000000000000000
0.0000000000000000
0.0000000000000000
0.0368789623872496
0.0000000000000000
0.0000000000000000
0.0000000000000000
0.0000000000000000
0.0000000000000000
0.0369016368467554
0.0368627541390870
0.0351355838851586
0.0317207597284613
0.0268211548329526
0.0207039306694032
0.0136217719940268
0.0056089632161086
0.0000000000000000
0.0000000000000000
0.0000000000000000
0.0000000000000000
0.0000000000000000
0.0000000000000000
0.0000000000000000
0.0000000000000000
0.0000000000000000
0.0000000000000000
0.0360297276153523
0.0000000000000000
0.0000000000000000
0.0000000000000000
0.0000000000000000
0.0000000000000000
0.0369765072580527
0.0368322165022525
0.0351145603217288
0.0317063548307461
0.0268099953590416
0.0206922854935902
0.0136053705484860
0.0055816532950376
0.0000000000000000
0.0000000000000000
0.0000000000000000
0.0000000000000000
0.0000000000000000
0.0000000000000000
0.0000000000000000
0.0000000000000000
0.0000000000000000
0.0000000000000000
0.0351540091888242
0.0000000000000000
0.0000000000000000
0.0000000000000000
0.0000000000000000
0.0000000000000000
0.0370351096274093
0.0367993719552660
0.0350909133186365
0.0316889820121692
0.0267955083654207
0.0206769334502132
0.0135847947125861
0.0055493941338732
0.0000000000000000
0.0000000000000000
0.0000000000000000
0.0000000000000000
0.0000000000000000
0.0000000000000000
0.0000000000000000
0.0000000000000000
0.0000000000000000
0.0000000000000000
0.0342518720834969
0.0000000000000000
0.0000000000000000
0.0000000000000000
0.0000000000000000
0.0000000000000000
0.0370772918002124
0.0367642025471263
0.0350646180270632
0.0316686126488849
0.0267776647351423
0.0206578479415541
0.0135600219571996
0.0055121686643289
0.0000000000000000
0.0000000000000000
0.0000000000000000
0.0000000000000000
0.0000000000000000
0.0000000000000000
0.0000000000000000
0.0000000000000000
0.0000000000000000
0.0000000000000000
0.0333234650937788
0.0000000000000000
0.0000000000000000
0.0000000000000000
0.0000000000000000
0.0000000000000000
0.0371029080280575
0.0367266904427503
0.0350356498333497
0.0316452185350895
0.0267564359945775
0.0206350032252827
0.0135310306344474
0.0054699610414848
0.0000000000000000
0.0000000000000000
0.0000000000000000
0.0000000000000000
0.0000000000000000
0.0000000000000000
0.0000000000000000
0.0000000000000000
0.0000000000000000
0.0000000000000000
0.0323690388093438
0.0000000000000000
0.0000000000000000
0.0000000000000000
0.0000000000000000
0.0000000000000000
0.0371118176357887
0.0366868180810346
0.0350039844340481
0.0316187718859993
0.0267317942585869
0.0206083743253532
0.0134977998639466
0.0054227566398931
0.0000000000000000
0.0000000000000000
0.0000000000000000
0.0000000000000000
0.0000000000000000
0.0000000000000000
0.0000000000000000
0.0000000000000000
0.0000000000000000
0.0000000000000000
0.0313889656153007
0.0000000000000000
0.0000000000000000
0.0000000000000000
0.0000000000000000
0.0000000000000000
0.0371038839478529
0.0366445683640688
0.0349695979464020
0.0315892453824928
0.0267037122260820
0.0205779369901079
0.0134603094705873
0.0053705421168117
0.0000000000000000
0.0000000000000000
0.0000000000000000
0.0000000000000000
0.0000000000000000
0.0000000000000000
0.0000000000000000
0.0000000000000000
0.0000000000000000
0.0000000000000000
0.0303837607211410
0.0000000000000000
0.0000000000000000
0.0000000000000000
0.0000000000000000
0.0000000000000000
0.0370789733909643
0.0365999248193664
0.0349324670046244
0.0315566122075709
0.0266721631656528
0.0205436676403859
0.0134185398908374
0.0053133054504999
0.0000000000000000
0.0000000000000000
0.0000000000000000
0.0000000000000000
0.0000000000000000
0.0000000000000000
0.0000000000000000
0.0000000000000000
0.0000000000000000
0.0000000000000000
0.0293541023059814
0.0000000000000000
0.0000000000000000
0.0000000000000000
0.0000000000000000
0.0000000000000000
0.0370369547419262
0.0365528716608580
0.0348925687815752
0.0315208460279422
0.0266371208548656
0.0205055432587642
0.0133724720046934
0.0052510358791845
0.0000000000000000
0.0000000000000000
0.0000000000000000
0.0000000000000000
0.0000000000000000
0.0000000000000000
0.0000000000000000
0.0000000000000000
0.0000000000000000
0.0000000000000000
0.0283008487760698
0.0000000000000000
0.0000000000000000
0.0000000000000000
0.0000000000000000
0.0000000000000000
0.0369776989762509
0.0365033937089572
0.0348498809286532
0.0314819209385161
0.0265985595124254
0.0204635412905961
0.0133220869608827
0.0051837238455486
0.0000000000000000
0.0000000000000000
0.0000000000000000
0.0000000000000000
0.0000000000000000
0.0000000000000000
0.0000000000000000
0.0000000000000000
0.0000000000000000
0.0000000000000000
0.0272250521071540
0.0000000000000000
0.0000000000000000
0.0000000000000000
0.0000000000000000
0.0000000000000000
0.0369010805414165
0.0364514762167210
0.0348043815085247
0.0314398114782272
0.0265564538636663
0.0204176397168874
0.0132673662144268
0.0051113612123242
0.0000000000000000
0.0000000000000000
0.0000000000000000
0.0000000000000000
0.0000000000000000
0.0000000000000000
0.0000000000000000
0.0000000000000000
0.0000000000000000
0.0000000000000000
0.0261279686029182
0.0000000000000000
0.0000000000000000
0.0000000000000000
0.0000000000000000
0.0000000000000000
0.0368069808425319
0.0363971047250980
0.0347560490532223
0.0313944928574098
0.0265107794979828
0.0203678174945893
0.0132082919885497
0.0050339420498365
0.0000000000000000
0.0000000000000000
0.0000000000000000
0.0000000000000000
0.0000000000000000
0.0000000000000000
0.0000000000000000
0.0000000000000000
0.0000000000000000
0.0000000000000000
0.0250110701230023
0.0000000000000000
0.0000000000000000
0.0000000000000000
0.0000000000000000
0.0000000000000000
0.0366952939057594
0.0363402650789404
0.0347048628447946
0.0313459414770070
0.0264615135818261
0.0203140554161050
0.0131448482420298
0.0049514641000322
0.0000000000000000
0.0000000000000000
0.0000000000000000
0.0000000000000000
0.0000000000000000
0.0000000000000000
0.0000000000000000
0.0000000000000000
0.0000000000000000
0.0000000000000000
0.0238760591424345
0.0000000000000000
0.0000000000000000
0.0000000000000000
0.0000000000000000
0.0000000000000000
0.0365659332899783
0.0362809436500298
0.0346508034096945
0.0312941356685826
0.0264086358157062
0.0202563372434341
0.0130770219528270
0.0048639307200424
0.0000000000000000
0.0000000000000000
0.0000000000000000
0.0000000000000000
0.0000000000000000
0.0000000000000000
0.0000000000000000
0.0000000000000000
0.0000000000000000
0.0000000000000000
0.0227248890251046
0.0000000000000000
0.0000000000000000
0.0000000000000000
0.0000000000000000
0.0000000000000000
0.0364188385228534
0.0362191276876571
0.0345938530834577
0.0312390564625846
0.0263521293777792
0.0201946508042493
0.0130048043549023
0.0047713528527582
0.0000000000000000
0.0000000000000000
0.0000000000000000
0.0000000000000000
0.0000000000000000
0.0000000000000000
0.0000000000000000
0.0000000000000000
0.0000000000000000
0.0000000000000000
0.0215597883958437
0.0000000000000000
0.0000000000000000
0.0000000000000000
0.0000000000000000
0.0000000000000000
0.0362539795892002
0.0361548056362419
0.0345339964558700
0.0311806881473934
0.0262919815850537
0.0201289887334795
0.0129281917556005
0.0046737505957439
0.0000000000000000
0.0000000000000000
0.0000000000000000
0.0000000000000000
0.0000000000000000
0.0000000000000000
0.0000000000000000
0.0000000000000000
0.0000000000000000
0.0000000000000000
0.0203832869905520
0.0000000000000000
0.0000000000000000
0.0000000000000000
0.0000000000000000
0.0000000000000000
0.0360713586913784
0.0360879672836262
0.0344712205579802
0.0311190184864360
0.0262281841233296
0.0200593487074227
0.0128471857573136
0.0045711541522477
0.0000000000000000
0.0000000000000000
0.0000000000000000
0.0000000000000000
0.0000000000000000
0.0000000000000000
0.0000000000000000
0.0000000000000000
0.0000000000000000
0.0000000000000000
0.0191982408892292
0.0000000000000000
0.0000000000000000
0.0000000000000000
0.0000000000000000
0.0000000000000000
0.0358710095765471
0.0360186037085721
0.0344055147858144
0.0310540386036442
0.0261607328863907
0.0199857332193700
0.0127617929541796
0.0044636042924542
0.0000000000000000
0.0000000000000000
0.0000000000000000
0.0000000000000000
0.0000000000000000
0.0000000000000000
0.0000000000000000
0.0000000000000000
0.0000000000000000
0.0000000000000000
0.0180078564669002
0.0000000000000000
0.0000000000000000
0.0000000000000000
0.0000000000000000
0.0000000000000000
0.0357177963343894
0.0359467071064376
0.0343368706632416
0.0309857426730367
0.0260896275807415
0.0199081490971839
0.0126720243383157
0.0043511526296048
0.0000000000000000
0.0000000000000000
0.0000000000000000
0.0000000000000000
0.0000000000000000
0.0000000000000000
0.0000000000000000
0.0000000000000000
0.0000000000000000
0.0000000000000000
0.0168157134062003
0.0000000000000000
0.0000000000000000
0.0000000000000000
0.0000000000000000
0.0000000000000000
0.0356378986798542
0.0358722706070571
0.0342652815766643
0.0309141275620481
0.0260148712787705
0.0198266069596905
0.0125778946494941
0.0042338620297052
0.0000000000000000
0.0000000000000000
0.0000000000000000
0.0000000000000000
0.0000000000000000
0.0000000000000000
0.0000000000000000
0.0000000000000000
0.0000000000000000
0.0000000000000000
0.0156257862812717
0.0000000000000000
0.0000000000000000
0.0000000000000000
0.0000000000000000
0.0000000000000000
0.0355558709609950
0.0357952881579850
0.0341907425607609
0.0308391925206852
0.0259364700122001
0.0197411207260090
0.0124794217901245
0.0041118073281239
0.0000000000000000
0.0000000000000000
0.0000000000000000
0.0000000000000000
0.0000000000000000
0.0000000000000000
