0.0000000000000000
0.0000000000000000
0.0000000000000000
0.0000000000000000
0.0255085509441708
0.0642143684602860
0.0942845261256418
0.1128721673413010
0.1190142580584026
0.1127276553041155
0.0949455038719241
0.0674892129360723
0.0000000000000000
0.0000000000000000
0.0000000000000000
0.0000000000000000
0.0000000000000000
0.0000000000000000
0.0000000000000000
0.0000000000000000
0.0000000000000000
0.0000000000000000
0.0000000000000000
0.0000000000000000
0.0000000000000000
0.0000000000000000
0.0000000000000000
0.0000000000000000
0.0251414157167065
0.0640188300154589
0.0942445494000938
0.1129673061829091
0.1192279653884877
0.1130415587929424
0.0953372935638126
0.0679323509814356
0.0000000000000000
0.0000000000000000
0.0000000000000000
0.0000000000000000
0.0000000000000000
0.0000000000000000
0.0000000000000000
0.0000000000000000
0.0000000000000000
0.0000000000000000
0.0000000000000000
0.0000000000000000
0.0000000000000000
0.0000000000000000
0.0000000000000000
0.0000000000000000
0.0247691234743498
0.0638302010136114
0.0942174688844014
0.1130779017619545
0.1194578548080662
0.1133712425570305
0.0957437405970069
0.0683886075074188
0.0000000000000000
0.0000000000000000
0.0000000000000000
0.0000000000000000
0.0000000000000000
0.0000000000000000
0.0000000000000000
0.0000000000000000
0.0000000000000000
0.0000000000000000
0.0000000000000000
0.0000000000000000
0.0000000000000000
0.0000000000000000
0.0000000000000000
0.0000000000000000
0.0243912471732903
0.0636482949218795
0.0942031532153859
0.1132037819957123
0.1197036894851199
0.1137164069895540
0.0961644967092615
0.0688576064077143
0.0000000000000000
0.0000000000000000
0.0000000000000000
0.0000000000000000
0.0000000000000000
0.0000000000000000
0.0000000000000000
0.0000000000000000
0.0000000000000000
0.0000000000000000
0.0000000000000000
0.0000000000000000
0.0000000000000000
0.0000000000000000
0.0000000000000000
0.0000000000000000
0.0240073238395699
0.0634728996974240
0.0942014527753082
0.1133447593938764
0.1199652194567556
0.1140767418406569
0.0965992057395997
0.0693389665313569
0.0000000000000000
0.0000000000000000
0.0000000000000000
0.0000000000000000
0.0000000000000000
0.0000000000000000
0.0000000000000000
0.0000000000000000
0.0000000000000000
0.0000000000000000
0.0000000000000000
0.0000000000000000
0.0000000000000000
0.0000000000000000
0.0000000000000000
0.0000000000000000
0.0236168577802821
0.0633037794954212
0.0942122012111947
0.1135006321879657
0.1202421823105171
0.1144519264584761
0.0970475034796069
0.0698323011914535
0.0000000000000000
0.0000000000000000
0.0000000000000000
0.0000000000000000
0.0000000000000000
0.0000000000000000
0.0000000000000000
0.0000000000000000
0.0000000000000000
0.0000000000000000
0.0000000000000000
0.0000000000000000
0.0000000000000000
0.0000000000000000
0.0000000000000000
0.0000000000000000
0.0232193233601700
0.0631406756793133
0.0942352164387346
0.1136711851400254
0.1205343037806053
0.1148416301696895
0.0975090178431026
0.0703372181811471
0.0000000000000000
0.0000000000000000
0.0000000000000000
0.0000000000000000
0.0000000000000000
0.0000000000000000
0.0000000000000000
0.0000000000000000
0.0000000000000000
0.0000000000000000
0.0000000000000000
0.0000000000000000
0.0000000000000000
0.0000000000000000
0.0000000000000000
0.0000000000000000
0.0228141675291988
0.0629833072128402
0.0942703011371803
0.1138561900226278
0.1208412981858744
0.1152455126790389
0.0979833692372527
0.0708533200824747
0.0000000000000000
0.0000000000000000
0.0000000000000000
0.0000000000000000
0.0000000000000000
0.0000000000000000
0.0000000000000000
0.0000000000000000
0.0000000000000000
0.0000000000000000
0.0000000000000000
0.0000000000000000
0.0000000000000000
0.0000000000000000
0.0000000000000000
0.0000000000000000
0.0224008123693172
0.0628313705656500
0.0943172428286735
0.1140554057542473
0.1211628686395405
0.1156632243540850
0.0984701709025783
0.0713802046751930
0.0000000000000000
0.0000000000000000
0.0000000000000000
0.0000000000000000
0.0000000000000000
0.0000000000000000
0.0000000000000000
0.0000000000000000
0.0000000000000000
0.0000000000000000
0.0000000000000000
0.0000000000000000
0.0000000000000000
0.0000000000000000
0.0000000000000000
0.0000000000000000
0.0219786580764400
0.0626845394041401
0.0943758136778055
0.1142685782779755
0.1214987070172285
0.1160944062941987
0.0989690290868828
0.0719174651677605
0.0000000000000000
0.0000000000000000
0.0000000000000000
0.0000000000000000
0.0000000000000000
0.0000000000000000
0.0000000000000000
0.0000000000000000
0.0000000000000000
0.0000000000000000
0.0000000000000000
0.0000000000000000
0.0000000000000000
0.0000000000000000
0.0000000000000000
0.0000000000000000
0.0215470867447519
0.0625424643566186
0.0944457702806841
0.1144954403200418
0.1218484937330499
0.1165386901442916
0.0994795428875655
0.0724646900823188
0.0000000000000000
0.0000000000000000
0.0000000000000000
0.0000000000000000
0.0000000000000000
0.0000000000000000
0.0000000000000000
0.0000000000000000
0.0000000000000000
0.0000000000000000
0.0000000000000000
0.0000000000000000
0.0000000000000000
0.0000000000000000
0.0000000000000000
0.0000000000000000
0.0211054674707087
0.0624047732242303
0.0945268536823068
0.1147357112202680
0.1222118974092443
0.1169956976278641
0.1000013036793683
0.0730214625813230
0.0000000000000000
0.0000000000000000
0.0000000000000000
0.0000000000000000
0.0000000000000000
0.0000000000000000
0.0000000000000000
0.0000000000000000
0.0000000000000000
0.0000000000000000
0.0000000000000000
0.0000000000000000
0.0000000000000000
0.0000000000000000
0.0000000000000000
0.0000000000000000
0.0206531630689559
0.0622710718733018
0.0946187898552289
0.1149890969580865
0.1225885745061225
0.1174650398244194
0.1005338940740891
0.0735873591834245
0.0000000000000000
0.0000000000000000
0.0000000000000000
0.0000000000000000
0.0000000000000000
0.0000000000000000
0.0000000000000000
0.0000000000000000
0.0000000000000000
0.0000000000000000
0.0000000000000000
0.0000000000000000
0.0000000000000000
0.0000000000000000
0.0000000000000000
0.0000000000000000
0.0201895386007909
0.0621409458351608
0.0947212905765991
0.1152552903477144
0.1229781688825961
0.1179463161571461
0.1010768864253660
0.0741619478787591
0.0000000000000000
0.0000000000000000
0.0000000000000000
0.0000000000000000
0.0000000000000000
0.0000000000000000
0.0000000000000000
0.0000000000000000
0.0000000000000000
0.0000000000000000
0.0000000000000000
0.0000000000000000
0.0000000000000000
0.0000000000000000
0.0000000000000000
0.0000000000000000
0.0197139716630477
0.0620139623574882
0.0948340544948023
0.1155339711890200
0.1233803111485995
0.1184391130426044
0.1016298408779636
0.0747447857371716
0.0000000000000000
0.0000000000000000
0.0000000000000000
0.0000000000000000
0.0000000000000000
0.0000000000000000
0.0000000000000000
0.0000000000000000
0.0000000000000000
0.0000000000000000
0.0000000000000000
0.0000000000000000
0.0000000000000000
0.0000000000000000
0.0000000000000000
0.0000000000000000
0.0192258644040820
0.0618896726853139
0.0949567681071032
0.1158248061980397
0.1237946177023947
0.1189430021757975
0.1021923030539210
0.0753354161400311
0.0000000000000000
0.0000000000000000
0.0000000000000000
0.0000000000000000
0.0000000000000000
0.0000000000000000
0.0000000000000000
0.0000000000000000
0.0000000000000000
0.0000000000000000
0.0000000000000000
0.0000000000000000
0.0000000000000000
0.0000000000000000
0.0000000000000000
0.0000000000000000
0.0187246571591299
0.0617676143963479
0.0950891066421980
0.1161274487833717
0.1242206896418626
0.1194575387349750
0.1027638016976130
0.0759333660501609
0.0000000000000000
0.0000000000000000
0.0000000000000000
0.0000000000000000
0.0000000000000000
0.0000000000000000
0.0000000000000000
0.0000000000000000
0.0000000000000000
0.0000000000000000
0.0000000000000000
0.0000000000000000
0.0000000000000000
0.0000000000000000
0.0000000000000000
0.0000000000000000
0.0182098433725311
0.0616473138190176
0.0952307351030617
0.1164415391619786
0.1246581121686856
0.1199822602280394
0.1033438470926251
0.0765381441068726
0.0000000000000000
0.0000000000000000
0.0000000000000000
0.0000000000000000
0.0000000000000000
0.0000000000000000
0.0000000000000000
0.0000000000000000
0.0000000000000000
0.0000000000000000
0.0000000000000000
0.0000000000000000
0.0000000000000000
0.0000000000000000
0.0000000000000000
0.0000000000000000
0.0176809849185955
0.0615282882924168
0.0953813097550912
0.1167667053804996
0.1251064553021546
0.1205166869628806
0.1039319313245105
0.0771492407312500
0.0000000000000000
0.0000000000000000
0.0000000000000000
0.0000000000000000
0.0000000000000000
0.0000000000000000
0.0000000000000000
0.0000000000000000
0.0000000000000000
0.0000000000000000
0.0000000000000000
0.0000000000000000
0.0000000000000000
0.0000000000000000
0.0000000000000000
0.0000000000000000
0.0171377266927696
0.0614100476279412
0.0955404798792552
0.1171025654236059
0.1255652763133513
0.1210603247465002
0.1045275311602987
0.0777661310565484
0.0000000000000000
0.0000000000000000
0.0000000000000000
0.0000000000000000
0.0000000000000000
0.0000000000000000
0.0000000000000000
0.0000000000000000
0.0000000000000000
0.0000000000000000
0.0000000000000000
0.0000000000000000
0.0000000000000000
0.0000000000000000
0.0000000000000000
0.0000000000000000
0.0165798096160208
0.0612920939051163
0.0957078890562133
0.1174487297515909
0.1260341233600754
0.1216126694294249
0.1051301132668983
0.0783882805793178
0.0000000000000000
0.0000000000000000
0.0000000000000000
0.0000000000000000
0.0000000000000000
0.0000000000000000
0.0000000000000000
0.0000000000000000
0.0000000000000000
0.0000000000000000
0.0000000000000000
0.0000000000000000
0.0000000000000000
0.0000000000000000
0.0000000000000000
0.0000000000000000
0.0160070825187172
0.0611739189166115
0.0958831749038811
0.1178048030024651
0.1265125389173474
0.1221732118214603
0.1057391403262252
0.0790151520820047
0.0000000000000000
0.0000000000000000
0.0000000000000000
0.0000000000000000
0.0000000000000000
0.0000000000000000
0.0000000000000000
0.0000000000000000
0.0000000000000000
0.0000000000000000
0.0000000000000000
0.0000000000000000
0.0000000000000000
0.0000000000000000
0.0000000000000000
0.0000000000000000
0.0154195145892194
0.0610549995351658
0.0960659666985709
0.1181703837155306
0.1270000614911875
0.1227414412128163
0.1063540760646577
0.0796462118125480
0.0000000000000000
0.0000000000000000
0.0000000000000000
0.0000000000000000
0.0000000000000000
0.0000000000000000
0.0000000000000000
0.0000000000000000
0.0000000000000000
0.0000000000000000
0.0000000000000000
0.0000000000000000
0.0000000000000000
0.0000000000000000
0.0000000000000000
0.0000000000000000
0.0148172107396977
0.0609347920770319
0.0962558812336240
0.1185450619151047
0.1274962250007871
0.1233168464977245
0.1069743879467068
0.0802809334099269
0.0000000000000000
0.0000000000000000
0.0000000000000000
0.0000000000000000
0.0000000000000000
0.0000000000000000
0.0000000000000000
0.0000000000000000
0.0000000000000000
0.0000000000000000
0.0000000000000000
0.0000000000000000
0.0000000000000000
0.0000000000000000
0.0000000000000000
0.0000000000000000
0.0142004314251316
0.0608127272447058
0.0964525182172624
0.1189284155867072
0.1280005565834842
0.1238989153656876
0.1075995476530499
0.0809187994849813
0.0000000000000000
0.0000000000000000
0.0000000000000000
0.0000000000000000
0.0000000000000000
0.0000000000000000
0.0000000000000000
0.0000000000000000
0.0000000000000000
0.0000000000000000
0.0000000000000000
0.0000000000000000
0.0000000000000000
0.0000000000000000
0.0000000000000000
0.0000000000000000
0.0135696170000822
0.0606882067791317
0.0966554567944267
0.1193200077315701
0.1285125744558297
0.1244871330569298
0.1082290307056014
0.0815593019676892
0.0000000000000000
0.0000000000000000
0.0000000000000000
0.0000000000000000
0.0000000000000000
0.0000000000000000
0.0000000000000000
0.0000000000000000
0.0000000000000000
0.0000000000000000
0.0000000000000000
0.0000000000000000
0.0000000000000000
0.0000000000000000
0.0000000000000000
0.0000000000000000
0.0129254154448907
0.0605606021650312
0.0968642541298786
0.1197193852742749
0.1290317872574046
0.1250809821509019
0.1088623166410161
0.0822019425925055
0.0000000000000000
0.0000000000000000
0.0000000000000000
0.0000000000000000
0.0000000000000000
0.0000000000000000
0.0000000000000000
0.0000000000000000
0.0000000000000000
0.0000000000000000
0.0000000000000000
0.0000000000000000
0.0000000000000000
0.0000000000000000
0.0000000000000000
0.0000000000000000
0.0122687121508318
0.0604292549620349
0.0970784460908423
0.1201260800369138
0.1295576952227871
0.1256799438284228
0.1094988902646181
0.0828462340400847
0.0000000000000000
0.0000000000000000
0.0000000000000000
0.0000000000000000
0.0000000000000000
0.0000000000000000
0.0000000000000000
0.0000000000000000
0.0000000000000000
0.0000000000000000
0.0000000000000000
0.0000000000000000
0.0000000000000000
0.0000000000000000
0.0000000000000000
0.0000000000000000
0.0116006610175704
0.0602934781352161
0.0972975492299978
0.1205396110067309
0.1300897924429645
0.1262834999453989
0.1101382434079976
0.0834917013263211
0.0000000000000000
0.0000000000000000
0.0000000000000000
0.0000000000000000
0.0000000000000000
0.0000000000000000
0.0000000000000000
0.0000000000000000
0.0000000000000000
0.0000000000000000
0.0000000000000000
0.0000000000000000
0.0000000000000000
0.0000000000000000
0.0000000000000000
0.0000000000000000
0.0109227167460925
0.0601525578874793
0.0975210632058209
0.1209594868166838
0.1306275691093692
0.1268911348516175
0.1107798762329913
0.0841378825488858
0.0000000000000000
0.0000000000000000
0.0000000000000000
0.0000000000000000
0.0000000000000000
0.0000000000000000
0.0000000000000000
0.0000000000000000
0.0000000000000000
0.0000000000000000
0.0000000000000000
0.0000000000000000
0.0000000000000000
0.0000000000000000
0.0000000000000000
0.0000000000000000
0.0102366678395750
0.0600057558508969
0.0977484730649598
0.1213852077870989
0.1311705130681670
0.1275023363463864
0.1114232975422302
0.0847843286104752
0.0000000000000000
0.0000000000000000
0.0000000000000000
0.0000000000000000
0.0000000000000000
0.0000000000000000
0.0000000000000000
0.0000000000000000
0.0000000000000000
0.0000000000000000
0.0000000000000000
0.0000000000000000
