0.0000000000000000
0.0000000000000000
0.0000000000000000
0.0000000000000000
0.0878719688671395
0.1438490977565146
0.1552806865254504
0.1426949569222982
0.1149129687379243
0.0775481284732322
0.0000000000000000
0.0000000000000000
0.0352070711620332
0.0317081708072627
0.0267566843922733
0.0206231174657349
0.0135619873351200
0.0056146023978736
0.0000000000000000
0.0000000000000000
0.0000000000000000
0.0000000000000000
0.0000000000000000
0.0000000000000000
0.0000000000000000
0.0000000000000000
0.0000000000000000
0.0000000000000000
0.0866903043756010
0.1434580682050823
0.1552198049903770
0.1428003602876079
0.1151066817953185
0.0777788094300758
0.0000000000000000
0.0000000000000000
0.0352108898933352
0.0317217727712560
0.0267770241317306
0.0206468352841935
0.0135858245103192
0.0056355356975397
0.0000000000000000
0.0000000000000000
0.0000000000000000
0.0000000000000000
0.0000000000000000
0.0000000000000000
0.0000000000000000
0.0000000000000000
0.0000000000000000
0.0000000000000000
0.0854587446922680
0.1430468307839939
0.1551468012431257
0.1428950531814873
0.1152889768541426
0.0779966820446028
0.0000000000000000
0.0000000000000000
0.0352123379990241
0.0317327159985163
0.0267943700459099
0.0206671722243312
0.0136057789455294
0.0056517670283654
0.0000000000000000
0.0000000000000000
0.0000000000000000
0.0000000000000000
0.0000000000000000
0.0000000000000000
0.0000000000000000
0.0000000000000000
0.0000000000000000
0.0000000000000000
0.0841768313962211
0.1426151728451199
0.1550614967444219
0.1429788090615416
0.1154595926735932
0.0782014791582278
0.0000000000000000
0.0000000000000000
0.0352113904189404
0.0317409681268954
0.0268086855764752
0.0206840909236801
0.0136218160066539
0.0056632654902437
0.0000000000000000
0.0000000000000000
0.0000000000000000
0.0000000000000000
0.0000000000000000
0.0000000000000000
0.0000000000000000
0.0000000000000000
0.0000000000000000
0.0000000000000000
0.0828441117291164
0.1421628721046131
0.1549637108947443
0.1430514029440230
0.1156182728412775
0.0783929415970539
0.0000000000000000
0.0000000000000000
0.0352080220874560
0.0317464972118018
0.0268199350219235
0.0206975552741574
0.0136339025289973
0.0056700018916782
0.0000000000000000
0.0000000000000000
0.0000000000000000
0.0000000000000000
0.0000000000000000
0.0000000000000000
0.0000000000000000
0.0000000000000000
0.0000000000000000
0.0000000000000000
0.0814601486440970
0.1416896978007884
0.1548532610220154
0.1431126106555862
0.1157647645596034
0.0785708166354329
0.0000000000000000
0.0000000000000000
0.0352022078334522
0.0317492715708282
0.0268280833302152
0.0207075301740048
0.0136420065237276
0.0056719483817069
0.0000000000000000
0.0000000000000000
0.0000000000000000
0.0000000000000000
0.0000000000000000
0.0000000000000000
0.0000000000000000
0.0000000000000000
0.0000000000000000
0.0000000000000000
0.0800245303803232
0.1411954114356342
0.1547299624769188
0.1431622085424666
0.1158988180748028
0.0787348572734062
0.0000000000000000
0.0000000000000000
0.0351939223390591
0.0317492597165273
0.0268330960099464
0.0207139814128517
0.0136460970385259
0.0056690782588403
0.0000000000000000
0.0000000000000000
0.0000000000000000
0.0000000000000000
0.0000000000000000
0.0000000000000000
0.0000000000000000
0.0000000000000000
0.0000000000000000
0.0000000000000000
0.0785368799821004
0.1406797671922153
0.1545936288305213
0.1431999735462556
0.1160201867066348
0.0788848221984805
0.0000000000000000
0.0000000000000000
0.0351831401542241
0.0317464303705321
0.0268349391390176
0.0207168756777218
0.0136461441489816
0.0056613659487196
0.0000000000000000
0.0000000000000000
0.0000000000000000
0.0000000000000000
0.0000000000000000
0.0000000000000000
0.0000000000000000
0.0000000000000000
0.0000000000000000
0.0000000000000000
0.0769968654214988
0.1401425121936948
0.1544440721783495
0.1432256835761077
0.1161286272597937
0.0790204762455010
0.0000000000000000
0.0000000000000000
0.0351698357551016
0.0317407525347699
0.0268335794487614
0.0207161806402103
0.0136421190505172
0.0056487871003925
0.0000000000000000
0.0000000000000000
0.0000000000000000
0.0000000000000000
0.0000000000000000
0.0000000000000000
0.0000000000000000
0.0000000000000000
0.0000000000000000
0.0000000000000000
0.0754042112897923
0.1395833868541720
0.1542811035489425
0.1432391180185666
0.1162239006445269
0.0791415910606238
0.0000000000000000
0.0000000000000000
0.0351539836295915
0.0317321955966264
0.0268289844412771
0.0207118650868184
0.0136339941874284
0.0056313187459227
0.0000000000000000
0.0000000000000000
0.0000000000000000
0.0000000000000000
0.0000000000000000
0.0000000000000000
0.0000000000000000
0.0000000000000000
0.0000000000000000
0.0000000000000000
0.0737587128532848
0.1390021255437092
0.1541045334032814
0.1432400582320445
0.1163057723912679
0.0792479456572952
0.0000000000000000
0.0000000000000000
0.0351355583640695
0.0317207294226692
0.0268211224909109
0.0207038990201299
0.0136217433589531
0.0056089394370794
0.0000000000000000
0.0000000000000000
0.0000000000000000
0.0000000000000000
0.0000000000000000
0.0000000000000000
0.0000000000000000
0.0000000000000000
0.0000000000000000
0.0000000000000000
0.0720602536203093
0.1383984578448176
0.1539141722141530
0.1432282878407469
0.1163740128048446
0.0793393264681398
0.0000000000000000
0.0000000000000000
0.0351145347087069
0.0317063244092172
0.0268099628780090
0.0206922536823533
0.0136053417241835
0.0055816292874420
0.0000000000000000
0.0000000000000000
0.0000000000000000
0.0000000000000000
0.0000000000000000
0.0000000000000000
0.0000000000000000
0.0000000000000000
0.0000000000000000
0.0000000000000000
0.0703088270719504
0.1377721105943497
0.1537098311340342
0.1432035927412153
0.1164283965839998
0.0794155267607029
0.0000000000000000
0.0000000000000000
0.0350908876074976
0.0316889514689340
0.0267954757396686
0.0206769014713975
0.0135847656929843
0.0055493698913527
0.0000000000000000
0.0000000000000000
0.0000000000000000
0.0000000000000000
0.0000000000000000
0.0000000000000000
0.0000000000000000
0.0000000000000000
0.0000000000000000
0.0000000000000000
0.0685045631102039
0.1371228108288068
0.1534913228090695
0.1431657608734848
0.1164687020007244
0.0794763454570044
0.0000000000000000
0.0000000000000000
0.0350645922116752
0.0316685819780457
0.0267776319590306
0.0206578157896405
0.0135599927363113
0.0055121441806833
0.0000000000000000
0.0000000000000000
0.0000000000000000
0.0000000000000000
0.0000000000000000
0.0000000000000000
0.0000000000000000
0.0000000000000000
0.0000000000000000
0.0000000000000000
0.0666477592668469
0.1364502896253451
0.1532584624467158
0.1431145819777647
0.1164947099102449
0.0795215857673455
0.0000000000000000
0.0000000000000000
0.0350356239076359
0.0316451877308246
0.0267564030625577
0.0206349708948514
0.0135310012063693
0.0054699363106913
0.0000000000000000
0.0000000000000000
0.0000000000000000
0.0000000000000000
0.0000000000000000
0.0000000000000000
0.0000000000000000
0.0000000000000000
0.0000000000000000
0.0000000000000000
0.0647389166558914
0.1357542868382565
0.1530110692325483
0.1430498475260333
0.1165062029183271
0.0795510539470384
0.0000000000000000
0.0000000000000000
0.0350039583919915
0.0316187409425671
0.0267317611652067
0.0206083418110874
0.0134977702228606
0.0054227316561312
0.0000000000000000
0.0000000000000000
0.0000000000000000
0.0000000000000000
0.0000000000000000
0.0000000000000000
0.0000000000000000
0.0000000000000000
0.0000000000000000
0.0000000000000000
0.0627787799729369
0.1350345564205598
0.1527489680486224
0.1429713509212311
0.1165029647868122
0.0795645583417846
0.0000000000000000
0.0000000000000000
0.0349695717820491
0.0315892142942362
0.0267036789659896
0.0205779042867979
0.0134602796107630
0.0053705168744911
0.0000000000000000
0.0000000000000000
0.0000000000000000
0.0000000000000000
0.0000000000000000
0.0000000000000000
0.0000000000000000
0.0000000000000000
0.0000000000000000
0.0000000000000000
0.0607683795520427
0.1342908716058855
0.1524719911897149
0.1428788878109699
0.1164847800640440
0.0795619086323870
0.0000000000000000
0.0000000000000000
0.0349324407120898
0.0315565809689220
0.0266721297336022
0.0205436347429334
0.0134185098066336
0.0053132799442944
0.0000000000000000
0.0000000000000000
0.0000000000000000
0.0000000000000000
0.0000000000000000
0.0000000000000000
0.0000000000000000
0.0000000000000000
0.0000000000000000
0.0000000000000000
0.0587090716551843
0.1335230285403425
0.1521799795666796
0.1427722563804800
0.1164514338694195
0.0795429153152210
0.0000000000000000
0.0000000000000000
0.0348925423550452
0.0315208146334269
0.0266370872457206
0.0205055101621869
0.0133724416905610
0.0052510101040700
0.0000000000000000
0.0000000000000000
0.0000000000000000
0.0000000000000000
0.0000000000000000
0.0000000000000000
0.0000000000000000
0.0000000000000000
0.0000000000000000
0.0000000000000000
0.0566025729862646
0.1327308468364319
0.1518727829423493
0.1426512576193167
0.1164027121437794
0.0795073897899535
0.0000000000000000
0.0000000000000000
0.0348498543623892
0.0314818893827571
0.0265985257211640
0.0204635079900304
0.0133220564113645
0.0051836977968462
0.0000000000000000
0.0000000000000000
0.0000000000000000
0.0000000000000000
0.0000000000000000
0.0000000000000000
0.0000000000000000
0.0000000000000000
0.0000000000000000
0.0000000000000000
0.0544509873748862
0.1319141663771954
0.1515502591570854
0.1425156958839404
0.1163384028746866
0.0794551458120225
0.0000000000000000
0.0000000000000000
0.0348043547968654
0.0314397797559471
0.0265564198853820
0.0204176062075898
0.0132673354241562
0.0051113348857478
0.0000000000000000
0.0000000000000000
0.0000000000000000
0.0000000000000000
0.0000000000000000
0.0000000000000000
0.0000000000000000
0.0000000000000000
0.0000000000000000
0.0000000000000000
0.0522568272923054
0.1310728411642966
0.1512122728573994
0.1423653802005656
0.1162582988316056
0.0793860028798212
0.0000000000000000
0.0000000000000000
0.0347560221905859
0.0313944609634321
0.0265107453278862
0.0203677837719364
0.0132082609522470
0.0050339154415471
0.0000000000000000
0.0000000000000000
0.0000000000000000
0.0000000000000000
0.0000000000000000
0.0000000000000000
0.0000000000000000
0.0000000000000000
0.0000000000000000
0.0000000000000000
0.0500230363065780
0.1302067324821034
0.1508586945640807
0.1422001265903608
0.1161622018309549
0.0792997915859802
0.0000000000000000
0.0000000000000000
0.0347048358256810
0.0313459094062583
0.0264614792152456
0.0203140214755921
0.0131448169544977
0.0049514372067000
0.0000000000000000
0.0000000000000000
0.0000000000000000
0.0000000000000000
0.0000000000000000
0.0000000000000000
0.0000000000000000
0.0000000000000000
0.0000000000000000
0.0000000000000000
0.0477530192005787
0.1293157036560533
0.1504894006932000
0.1420197612108081
0.1160499278934855
0.0791963599698241
0.0000000000000000
0.0000000000000000
0.0346507762286889
0.0312941034160948
0.0264086012480888
0.0202563030806749
0.0130769904089456
0.0048639035389210
0.0000000000000000
0.0000000000000000
0.0000000000000000
0.0000000000000000
0.0000000000000000
0.0000000000000000
0.0000000000000000
0.0000000000000000
0.0000000000000000
0.0000000000000000
0.0454506825182065
0.1283996175059700
0.1501042744833894
0.1418241236421763
0.1159213121429161
0.0790755794776993
0.0000000000000000
0.0000000000000000
0.0345938257352360
0.0312390240234989
0.0263520946046931
0.0201946164149755
0.0130047725496247
0.0047713253817725
0.0000000000000000
0.0000000000000000
0.0000000000000000
0.0000000000000000
0.0000000000000000
0.0000000000000000
0.0000000000000000
0.0000000000000000
0.0000000000000000
0.0000000000000000
0.0431204833080128
0.1274583357392336
0.1497032071455148
0.1416130694314387
0.1157762123630654
0.0789373491414498
0.0000000000000000
0.0000000000000000
0.0345339689352046
0.0311806555169648
0.0262919466021907
0.0201289541135410
0.0129281596839489
0.0046737228335946
0.0000000000000000
0.0000000000000000
0.0000000000000000
0.0000000000000000
0.0000000000000000
0.0000000000000000
0.0000000000000000
0.0000000000000000
0.0000000000000000
0.0000000000000000
0.0407674808232669
0.1264917186484365
0.1492860983979800
0.1413864712974888
0.1156145105876023
0.0787815973642784
0.0000000000000000
0.0000000000000000
0.0344711928597467
0.0311189856600383
0.0262281489265084
0.0200593138527886
0.0128471534143762
0.0045711260985348
0.0000000000000000
0.0000000000000000
0.0000000000000000
0.0000000000000000
0.0000000000000000
0.0000000000000000
0.0000000000000000
0.0000000000000000
0.0000000000000000
0.0000000000000000
0.0383973869883251
0.1254996239324576
0.1488528560064649
0.1411442189296852
0.1154361128771688
0.0786082814985648
0.0000000000000000
0.0000000000000000
0.0344054869049977
0.0310540055767745
0.0261606974715593
0.0199856981261280
0.0127617603351050
0.0044635759478213
0.0000000000000000
0.0000000000000000
0.0000000000000000
0.0000000000000000
0.0000000000000000
0.0000000000000000
0.0000000000000000
0.0000000000000000
0.0000000000000000
0.0000000000000000
0.0360166143014571
0.1244819048269306
0.1484033946002852
0.1408862178088957
0.1152409478388617
0.0784173859856307
0.0000000000000000
0.0000000000000000
0.0343368425949411
0.0309857094413187
0.0260895919439784
0.0199081137615396
0.0126719914383081
0.0043511239959094
0.0000000000000000
0.0000000000000000
0.0000000000000000
0.0000000000000000
0.0000000000000000
0.0000000000000000
0.0000000000000000
0.0000000000000000
0.0000000000000000
0.0000000000000000
0.0336323218619060
0.1234384086106621
0.1479376344212735
0.1406123876754523
0.1150289646074385
0.0782089198491306
0.0000000000000000
0.0000000000000000
0.0342652533160977
0.0309140941212347
0.0260148354162858
0.0198265713779654
0.0125778614638070
0.0042338331102187
0.0000000000000000
0.0000000000000000
0.0000000000000000
0.0000000000000000
0.0000000000000000
0.0000000000000000
0.0000000000000000
0.0000000000000000
0.0000000000000000
0.0000000000000000
0.0312524585407631
0.1223689765020799
0.1474555005160326
0.1403226610742439
0.1148001307750009
0.0779829141160662
0.0000000000000000
0.0000000000000000
0.0341907141032678
0.0308391588666602
0.0259364339203354
0.0197410848946383
0.0124793883140535
0.0041117781277668
0.0000000000000000
0.0000000000000000
0.0000000000000000
0.0000000000000000
0.0000000000000000
0.0000000000000000
