0.0000000000000000
0.0000000000000000
0.0000000000000000
0.0000000000000000
0.0255083036339178
0.0642141474647489
0.0942843275589726
0.1128719892172443
0.1190141030158565
0.1127275269775454
0.0949454050057066
0.0674891443167576
0.0000000000000000
0.0000000000000000
0.0000000000000000
0.0000000000000000
0.0000000000000000
0.0000000000000000
0.0000000000000000
0.0000000000000000
0.0000000000000000
0.0000000000000000
0.0000000000000000
0.0000000000000000
0.0000000000000000
0.0000000000000000
0.0000000000000000
0.0000000000000000
0.0251411675914815
0.0640186086566713
0.0942443507640696
0.1129671280714449
0.1192278103740525
0.1130414304953756
0.0953371947328065
0.0679322824166007
0.0000000000000000
0.0000000000000000
0.0000000000000000
0.0000000000000000
0.0000000000000000
0.0000000000000000
0.0000000000000000
0.0000000000000000
0.0000000000000000
0.0000000000000000
0.0000000000000000
0.0000000000000000
0.0000000000000000
0.0000000000000000
0.0000000000000000
0.0000000000000000
0.0247688744663537
0.0638299792741543
0.0942172701896424
0.1130777236835132
0.1194576998465054
0.1133711143156362
0.0957436418298640
0.0683885390264479
0.0000000000000000
0.0000000000000000
0.0000000000000000
0.0000000000000000
0.0000000000000000
0.0000000000000000
0.0000000000000000
0.0000000000000000
0.0000000000000000
0.0000000000000000
0.0000000000000000
0.0000000000000000
0.0000000000000000
0.0000000000000000
0.0000000000000000
0.0000000000000000
0.0243909972146837
0.0636480727834517
0.0942029544724537
0.1132036039708541
0.1197035346013769
0.1137162788316918
0.0961643980348152
0.0688575380401516
0.0000000000000000
0.0000000000000000
0.0000000000000000
0.0000000000000000
0.0000000000000000
0.0000000000000000
0.0000000000000000
0.0000000000000000
0.0000000000000000
0.0000000000000000
0.0000000000000000
0.0000000000000000
0.0000000000000000
0.0000000000000000
0.0000000000000000
0.0000000000000000
0.0240070728628414
0.0634726771408207
0.0942012539947117
0.1133445814432971
0.1199650646759549
0.1140766137938739
0.0965991071868601
0.0693388983068989
0.0000000000000000
0.0000000000000000
0.0000000000000000
0.0000000000000000
0.0000000000000000
0.0000000000000000
0.0000000000000000
0.0000000000000000
0.0000000000000000
0.0000000000000000
0.0000000000000000
0.0000000000000000
0.0000000000000000
0.0000000000000000
0.0000000000000000
0.0000000000000000
0.0236166057186928
0.0633035565005157
0.0942120024033991
0.1135004543325034
0.1202420276579672
0.1144517985505065
0.0970474050777561
0.0698322331399428
0.0000000000000000
0.0000000000000000
0.0000000000000000
0.0000000000000000
0.0000000000000000
0.0000000000000000
0.0000000000000000
0.0000000000000000
0.0000000000000000
0.0000000000000000
0.0000000000000000
0.0000000000000000
0.0000000000000000
0.0000000000000000
0.0000000000000000
0.0000000000000000
0.0232190701482876
0.0631404522250390
0.0942350176141697
0.1136710074006681
0.1205341492818020
0.1148415024284542
0.0975089196214922
0.0703371503325661
0.0000000000000000
0.0000000000000000
0.0000000000000000
0.0000000000000000
0.0000000000000000
0.0000000000000000
0.0000000000000000
0.0000000000000000
0.0000000000000000
0.0000000000000000
0.0000000000000000
0.0000000000000000
0.0000000000000000
0.0000000000000000
0.0000000000000000
0.0000000000000000
0.0228139131035333
0.0629830832771745
0.0942701023062510
0.1138560124205219
0.1208411438665041
0.1152453851326453
0.0979832712254005
0.0708532524669413
0.0000000000000000
0.0000000000000000
0.0000000000000000
0.0000000000000000
0.0000000000000000
0.0000000000000000
0.0000000000000000
0.0000000000000000
0.0000000000000000
0.0000000000000000
0.0000000000000000
0.0000000000000000
0.0000000000000000
0.0000000000000000
0.0000000000000000
0.0000000000000000
0.0224005566690730
0.0628311461255987
0.0943170440017699
0.1140552283107049
0.1211627145254842
0.1156630970308266
0.0984700731301651
0.0713801373229538
0.0000000000000000
0.0000000000000000
0.0000000000000000
0.0000000000000000
0.0000000000000000
0.0000000000000000
0.0000000000000000
0.0000000000000000
0.0000000000000000
0.0000000000000000
0.0000000000000000
0.0000000000000000
0.0000000000000000
0.0000000000000000
0.0000000000000000
0.0000000000000000
0.0219784010444041
0.0626843144357220
0.0943756148653136
0.1142684010144823
0.1214985531345643
0.1160942792225537
0.0989689315837472
0.0719173981091842
0.0000000000000000
0.0000000000000000
0.0000000000000000
0.0000000000000000
0.0000000000000000
0.0000000000000000
0.0000000000000000
0.0000000000000000
0.0000000000000000
0.0000000000000000
0.0000000000000000
0.0000000000000000
0.0000000000000000
0.0000000000000000
0.0000000000000000
0.0000000000000000
0.0215468283283369
0.0625422388348549
0.0944455714929964
0.1144952632582642
0.1218483401080542
0.1165385633529208
0.0994794456836995
0.0724646233478885
0.0000000000000000
0.0000000000000000
0.0000000000000000
0.0000000000000000
0.0000000000000000
0.0000000000000000
0.0000000000000000
0.0000000000000000
0.0000000000000000
0.0000000000000000
0.0000000000000000
0.0000000000000000
0.0000000000000000
0.0000000000000000
0.0000000000000000
0.0000000000000000
0.0211052076231727
0.0624045471231320
0.0945266549298335
0.1147355343820596
0.1222117440683937
0.1169955711456079
0.1000012068049109
0.0730213962016280
0.0000000000000000
0.0000000000000000
0.0000000000000000
0.0000000000000000
0.0000000000000000
0.0000000000000000
0.0000000000000000
0.0000000000000000
0.0000000000000000
0.0000000000000000
0.0000000000000000
0.0000000000000000
0.0000000000000000
0.0000000000000000
0.0000000000000000
0.0000000000000000
0.0206529017508225
0.0622708451658648
0.0946185911484094
0.1149889203654948
0.1225884214760945
0.1174649136802946
0.1005337975593198
0.0735872931891508
0.0000000000000000
0.0000000000000000
0.0000000000000000
0.0000000000000000
0.0000000000000000
0.0000000000000000
0.0000000000000000
0.0000000000000000
0.0000000000000000
0.0000000000000000
0.0000000000000000
0.0000000000000000
0.0000000000000000
0.0000000000000000
0.0000000000000000
0.0000000000000000
0.0201892757814951
0.0621407184933623
0.0947210919259158
0.1152551140229876
0.1229780161902698
0.1179461903803424
0.1010767903006983
0.0741618823006811
0.0000000000000000
0.0000000000000000
0.0000000000000000
0.0000000000000000
0.0000000000000000
0.0000000000000000
0.0000000000000000
0.0000000000000000
0.0000000000000000
0.0000000000000000
0.0000000000000000
0.0000000000000000
0.0000000000000000
0.0000000000000000
0.0000000000000000
0.0000000000000000
0.0197137073228360
0.0620137343522912
0.0948338559107942
0.1155337951546137
0.1233801588210562
0.1184389876624808
0.1016297451739384
0.0747447206061422
0.0000000000000000
0.0000000000000000
0.0000000000000000
0.0000000000000000
0.0000000000000000
0.0000000000000000
0.0000000000000000
0.0000000000000000
0.0000000000000000
0.0000000000000000
0.0000000000000000
0.0000000000000000
0.0000000000000000
0.0000000000000000
0.0000000000000000
0.0000000000000000
0.0192255985361935
0.0618894439866773
0.0949565696003826
0.1158246304766233
0.1237944657669175
0.1189428772218775
0.1021922078011989
0.0753353514869720
0.0000000000000000
0.0000000000000000
0.0000000000000000
0.0000000000000000
0.0000000000000000
0.0000000000000000
0.0000000000000000
0.0000000000000000
0.0000000000000000
0.0000000000000000
0.0000000000000000
0.0000000000000000
0.0000000000000000
0.0000000000000000
0.0000000000000000
0.0000000000000000
0.0187243897722895
0.0617673849732468
0.0950889082234672
0.1161272733978343
0.1242205381259354
0.1194574142369417
0.1027637069269656
0.0759333019060513
0.0000000000000000
0.0000000000000000
0.0000000000000000
0.0000000000000000
0.0000000000000000
0.0000000000000000
0.0000000000000000
0.0000000000000000
0.0000000000000000
0.0000000000000000
0.0000000000000000
0.0000000000000000
0.0000000000000000
0.0000000000000000
0.0000000000000000
0.0000000000000000
0.0182095744937814
0.0616470836394715
0.0952305367831321
0.1164413641354347
0.1246579610999904
0.1199821362157277
0.1033437528349249
0.0765380805027360
0.0000000000000000
0.0000000000000000
0.0000000000000000
0.0000000000000000
0.0000000000000000
0.0000000000000000
0.0000000000000000
0.0000000000000000
0.0000000000000000
0.0000000000000000
0.0000000000000000
0.0000000000000000
0.0000000000000000
0.0000000000000000
0.0000000000000000
0.0000000000000000
0.0176807145964856
0.0615280573235268
0.0953811115449037
0.1167665307362943
0.1251063047085696
0.1205165634662714
0.1039318376107223
0.0771491776981433
0.0000000000000000
0.0000000000000000
0.0000000000000000
0.0000000000000000
0.0000000000000000
0.0000000000000000
0.0000000000000000
0.0000000000000000
0.0000000000000000
0.0000000000000000
0.0000000000000000
0.0000000000000000
0.0000000000000000
0.0000000000000000
0.0000000000000000
0.0000000000000000
0.0171374550009238
0.0614098158359321
0.0955402817899023
0.1171023911853224
0.1255651262229494
0.1210602017957151
0.1045274380214707
0.0777660686255509
0.0000000000000000
0.0000000000000000
0.0000000000000000
0.0000000000000000
0.0000000000000000
0.0000000000000000
0.0000000000000000
0.0000000000000000
0.0000000000000000
0.0000000000000000
0.0000000000000000
0.0000000000000000
0.0000000000000000
0.0000000000000000
0.0000000000000000
0.0000000000000000
0.0165795366571020
0.0612918612553804
0.0957076910989627
0.1174485559430581
0.1260339738011257
0.1216125470547226
0.1051300207341576
0.0783882187815248
0.0000000000000000
0.0000000000000000
0.0000000000000000
0.0000000000000000
0.0000000000000000
0.0000000000000000
0.0000000000000000
0.0000000000000000
0.0000000000000000
0.0000000000000000
0.0000000000000000
0.0000000000000000
0.0000000000000000
0.0000000000000000
0.0000000000000000
0.0000000000000000
0.0160068084288127
0.0611736853737513
0.0958829770901992
0.1178046296477677
0.1265123899183159
0.1221730900532351
0.1057390484307723
0.0790150909485203
0.0000000000000000
0.0000000000000000
0.0000000000000000
0.0000000000000000
0.0000000000000000
0.0000000000000000
0.0000000000000000
0.0000000000000000
0.0000000000000000
0.0000000000000000
0.0000000000000000
0.0000000000000000
0.0000000000000000
0.0000000000000000
0.0000000000000000
0.0000000000000000
0.0154192395426684
0.0610547650630326
0.0960657690401430
0.1181702108390159
0.1269999130807375
0.1227413200815922
0.1063539848377590
0.0796461513744757
0.0000000000000000
0.0000000000000000
0.0000000000000000
0.0000000000000000
0.0000000000000000
0.0000000000000000
0.0000000000000000
0.0000000000000000
0.0000000000000000
0.0000000000000000
0.0000000000000000
0.0000000000000000
0.0000000000000000
0.0000000000000000
0.0000000000000000
0.0000000000000000
0.0148169349543811
0.0609345566387634
0.0962556837423732
0.1185448895413859
0.1274960772077737
0.1233167260341461
0.1069742974196816
0.0802808736983555
0.0000000000000000
0.0000000000000000
0.0000000000000000
0.0000000000000000
0.0000000000000000
0.0000000000000000
0.0000000000000000
0.0000000000000000
0.0000000000000000
0.0000000000000000
0.0000000000000000
0.0000000000000000
0.0000000000000000
0.0000000000000000
0.0000000000000000
0.0000000000000000
0.0142001551682208
0.0608124908027659
0.0964523209053623
0.1189282437406620
0.1280004094369428
0.1238987956005023
0.1075994578572502
0.0809187405309621
0.0000000000000000
0.0000000000000000
0.0000000000000000
0.0000000000000000
0.0000000000000000
0.0000000000000000
0.0000000000000000
0.0000000000000000
0.0000000000000000
0.0000000000000000
0.0000000000000000
0.0000000000000000
0.0000000000000000
0.0000000000000000
0.0000000000000000
0.0000000000000000
0.0135693405942026
0.0606879692953516
0.0966552596743113
0.1193198364383331
0.1285124279849596
0.1244870140209655
0.1082289416723852
0.0815592438022081
0.0000000000000000
0.0000000000000000
0.0000000000000000
0.0000000000000000
0.0000000000000000
0.0000000000000000
0.0000000000000000
0.0000000000000000
0.0000000000000000
0.0000000000000000
0.0000000000000000
0.0000000000000000
0.0000000000000000
0.0000000000000000
0.0000000000000000
0.0000000000000000
0.0129251392746314
0.0605603636006580
0.0968640572142507
0.1197192145592279
0.1290316414915492
0.1250808638750417
0.1088622284017190
0.0822018852464534
0.0000000000000000
0.0000000000000000
0.0000000000000000
0.0000000000000000
0.0000000000000000
0.0000000000000000
0.0000000000000000
0.0000000000000000
0.0000000000000000
0.0000000000000000
0.0000000000000000
0.0000000000000000
0.0000000000000000
0.0000000000000000
0.0000000000000000
0.0000000000000000
0.0122684366694728
0.0604290152777775
0.0970782493926806
0.1201259099256774
0.1295575501914151
0.1256798263435804
0.1094988028505260
0.0828461775442288
0.0000000000000000
0.0000000000000000
0.0000000000000000
0.0000000000000000
0.0000000000000000
0.0000000000000000
0.0000000000000000
0.0000000000000000
0.0000000000000000
0.0000000000000000
0.0000000000000000
0.0000000000000000
0.0000000000000000
0.0000000000000000
0.0000000000000000
0.0000000000000000
0.0116003867538631
0.0602932372912978
0.0972973527625661
0.1205394415251559
0.1300896481756539
0.1262833832824975
0.1101381568503226
0.0834916457112802
0.0000000000000000
0.0000000000000000
0.0000000000000000
0.0000000000000000
0.0000000000000000
0.0000000000000000
0.0000000000000000
0.0000000000000000
0.0000000000000000
0.0000000000000000
0.0000000000000000
0.0000000000000000
0.0000000000000000
0.0000000000000000
0.0000000000000000
0.0000000000000000
0.0109224443108444
0.0601523158436910
0.0975208669826760
0.1209593179908465
0.1306274256357937
0.1268910190415725
0.1107797905628518
0.0841378278451101
0.0000000000000000
0.0000000000000000
0.0000000000000000
0.0000000000000000
0.0000000000000000
0.0000000000000000
0.0000000000000000
0.0000000000000000
0.0000000000000000
0.0000000000000000
0.0000000000000000
0.0000000000000000
0.0000000000000000
0.0000000000000000
0.0000000000000000
0.0000000000000000
0.0102363979317060
0.0600055125666532
0.0977482770999641
0.1213850396432976
0.1311703704180856
0.1275022214200901
0.1114232127906344
0.0847842748482290
0.0000000000000000
0.0000000000000000
0.0000000000000000
0.0000000000000000
0.0000000000000000
0.0000000000000000
0.0000000000000000
0.0000000000000000
0.0000000000000000
0.0000000000000000
0.0000000000000000
0.0000000000000000
