0.0000000000000000
0.0000000000000000
0.0000000000000000
0.0000000000000000
0.0878722599727084
0.1438492011721497
0.1552806877166997
0.1426948938262567
0.1149128632580687
0.0775479978182728
0.0371092507165935
0.0370450851872801
0.0000000000000000
0.0000000000000000
0.0000000000000000
0.0206230888593191
0.0135619524044530
0.0056145597696360
0.0000000000000000
0.0000000000000000
0.0000000000000000
0.0000000000000000
0.0000000000000000
0.0000000000000000
0.0000000000000000
0.0000000000000000
0.0000000000000000
0.0000000000000000
0.0866905991280984
0.1434581733160115
0.1552198070075124
0.1428002976385512
0.1151065765365716
0.0777786788293643
0.0370869166845520
0.0370366660450711
0.0000000000000000
0.0000000000000000
0.0000000000000000
0.0206468067265057
0.0135857896188673
0.0056354930952487
0.0000000000000000
0.0000000000000000
0.0000000000000000
0.0000000000000000
0.0000000000000000
0.0000000000000000
0.0000000000000000
0.0000000000000000
0.0000000000000000
0.0000000000000000
0.0854590432485732
0.1430469376550688
0.1551468041045514
0.1428949909822187
0.1152888718132481
0.0779965514926633
0.0370626066484051
0.0370261078681280
0.0000000000000000
0.0000000000000000
0.0000000000000000
0.0206671437152420
0.0136057440921634
0.0056517244497518
0.0000000000000000
0.0000000000000000
0.0000000000000000
0.0000000000000000
0.0000000000000000
0.0000000000000000
0.0000000000000000
0.0000000000000000
0.0000000000000000
0.0000000000000000
0.0841771339111756
0.1426152815422367
0.1550615004685754
0.1429787473147654
0.1154594878472474
0.0782013486496263
0.0370363173927867
0.0370133955296552
0.0000000000000000
0.0000000000000000
0.0000000000000000
0.0206840624630368
0.0136217811902381
0.0056632229329849
0.0000000000000000
0.0000000000000000
0.0000000000000000
0.0000000000000000
0.0000000000000000
0.0000000000000000
0.0000000000000000
0.0000000000000000
0.0000000000000000
0.0000000000000000
0.0828444183548136
0.1421629826947813
0.1549637155001162
0.1430513416523574
0.1156181682261399
0.0783928111264076
0.0370080450256161
0.0369985135242542
0.0000000000000000
0.0000000000000000
0.0000000000000000
0.0206975268617857
0.0136338677483901
0.0056699593534147
0.0000000000000000
0.0000000000000000
0.0000000000000000
0.0000000000000000
0.0000000000000000
0.0000000000000000
0.0000000000000000
0.0000000000000000
0.0000000000000000
0.0000000000000000
0.0814604595290253
0.1416898103521958
0.1548532665271653
0.1431125498215727
0.1157646601523065
0.0785706861974195
0.0369777849947542
0.0369814459256460
0.0000000000000000
0.0000000000000000
0.0000000000000000
0.0207075018097094
0.0136419717777814
0.0056719058600588
0.0000000000000000
0.0000000000000000
0.0000000000000000
0.0000000000000000
0.0000000000000000
0.0000000000000000
0.0000000000000000
0.0000000000000000
0.0000000000000000
0.0000000000000000
0.0800248456683573
0.1411955260177089
0.1547299689004905
0.1431621481685791
0.1158987138719599
0.0787347268627724
0.0369455320997758
0.0369621763725954
0.0000000000000000
0.0000000000000000
0.0000000000000000
0.0207139530964176
0.0136460623260866
0.0056690357514232
0.0000000000000000
0.0000000000000000
0.0000000000000000
0.0000000000000000
0.0000000000000000
0.0000000000000000
0.0000000000000000
0.0000000000000000
0.0000000000000000
0.0000000000000000
0.0785371998113083
0.1406798838756881
0.1545936361912571
0.1431999136349079
0.1160200827048488
0.0788846918100496
0.0369112805042405
0.0369406880826768
0.0000000000000000
0.0000000000000000
0.0000000000000000
0.0207168474089154
0.0136461094688886
0.0056613234531601
0.0000000000000000
0.0000000000000000
0.0000000000000000
0.0000000000000000
0.0000000000000000
0.0000000000000000
0.0000000000000000
0.0000000000000000
0.0000000000000000
0.0000000000000000
0.0769971899227539
0.1401426310506613
0.1544440804951040
0.1432256241296627
0.1161285234556645
0.0790203458741815
0.0368750237594395
0.0369169638944092
0.0000000000000000
0.0000000000000000
0.0000000000000000
0.0207161524187800
0.0136420844016027
0.0056487446143450
0.0000000000000000
0.0000000000000000
0.0000000000000000
0.0000000000000000
0.0000000000000000
0.0000000000000000
0.0000000000000000
0.0000000000000000
0.0000000000000000
0.0000000000000000
0.0754045405851510
0.1395835079581547
0.1542811128406972
0.1432390590393443
0.1162237970346607
0.0791414607014166
0.0368367548458866
0.0368909863311933
0.0000000000000000
0.0000000000000000
0.0000000000000000
0.0207118369124961
0.0136339595685177
0.0056312762670864
0.0000000000000000
0.0000000000000000
0.0000000000000000
0.0000000000000000
0.0000000000000000
0.0000000000000000
0.0000000000000000
0.0000000000000000
0.0000000000000000
0.0000000000000000
0.0737590470541060
0.1390022489697184
0.1541045436891589
0.1432399997223308
0.1163056689722850
0.0792478153053029
0.0369011726417837
0.0368627376787555
0.0000000000000000
0.0000000000000000
0.0000000000000000
0.0207038708926318
0.0136217087688638
0.0056088969632165
0.0000000000000000
0.0000000000000000
0.0000000000000000
0.0000000000000000
0.0000000000000000
0.0000000000000000
0.0000000000000000
0.0000000000000000
0.0000000000000000
0.0000000000000000
0.0720605928250685
0.1383985836694081
0.1539141835134285
0.1432282298028012
0.1163739095733880
0.0793391961185743
0.0369760427580707
0.0368322000643727
0.0000000000000000
0.0000000000000000
0.0000000000000000
0.0206922256013809
0.0136053071617250
0.0055815868163975
0.0000000000000000
0.0000000000000000
0.0000000000000000
0.0000000000000000
0.0000000000000000
0.0000000000000000
0.0000000000000000
0.0000000000000000
0.0000000000000000
0.0000000000000000
0.0703091713637125
0.1377722388956697
0.1537098434661447
0.1432035351772758
0.1164282935367419
0.0794153964088929
0.0370346448256468
0.0367993555341068
0.0000000000000000
0.0000000000000000
0.0000000000000000
0.0206768734366381
0.0135847311569574
0.0055493274210760
0.0000000000000000
0.0000000000000000
0.0000000000000000
0.0000000000000000
0.0000000000000000
0.0000000000000000
0.0000000000000000
0.0000000000000000
0.0000000000000000
0.0000000000000000
0.0685049125537069
0.1371229416866357
0.1534913361936170
0.1431657037857723
0.1164685991343724
0.0794762150984023
0.0370768266905382
0.0367641861369251
0.0000000000000000
0.0000000000000000
0.0000000000000000
0.0206577878007678
0.0135599582255068
0.0055121017092517
0.0000000000000000
0.0000000000000000
0.0000000000000000
0.0000000000000000
0.0000000000000000
0.0000000000000000
0.0000000000000000
0.0000000000000000
0.0000000000000000
0.0000000000000000
0.0666481139051528
0.1364504231211164
0.1532584769034639
0.1431145253684813
0.1164946072215449
0.0795214553975337
0.0371024426050054
0.0367266740377156
0.0000000000000000
0.0000000000000000
0.0000000000000000
0.0206349429515254
0.0135309667195667
0.0054698938363364
0.0000000000000000
0.0000000000000000
0.0000000000000000
0.0000000000000000
0.0000000000000000
0.0000000000000000
0.0000000000000000
0.0000000000000000
0.0000000000000000
0.0000000000000000
0.0647392765065528
0.1357544230550598
0.1530110847814108
0.1430497913973571
0.1165061004040644
0.0795509235617338
0.0371113518945819
0.0366868016753481
0.0000000000000000
0.0000000000000000
0.0000000000000000
0.0206083139129535
0.0134977357588263
0.0054226891772681
0.0000000000000000
0.0000000000000000
0.0000000000000000
0.0000000000000000
0.0000000000000000
0.0000000000000000
0.0000000000000000
0.0000000000000000
0.0000000000000000
0.0000000000000000
0.0627791450236382
0.1350346954431238
0.1527489847096435
0.1429712952753080
0.1165028624438106
0.0795644279368428
0.0371034178844297
0.0366445519518874
0.0000000000000000
0.0000000000000000
0.0000000000000000
0.0205778764334867
0.0134602451682475
0.0053704743897524
0.0000000000000000
0.0000000000000000
0.0000000000000000
0.0000000000000000
0.0000000000000000
0.0000000000000000
0.0000000000000000
0.0000000000000000
0.0000000000000000
0.0000000000000000
0.0607687497556834
0.1342910135205376
0.1524720089830410
0.1428788326499000
0.1164846778891633
0.0795617782038061
0.0370785070020013
0.0365999083948231
0.0000000000000000
0.0000000000000000
0.0000000000000000
0.0205436069340590
0.0134184753843695
0.0053132374525683
0.0000000000000000
0.0000000000000000
0.0000000000000000
0.0000000000000000
0.0000000000000000
0.0000000000000000
0.0000000000000000
0.0000000000000000
0.0000000000000000
0.0000000000000000
0.0587094469243772
0.1335231734349532
0.1521799985125264
0.1427722017063020
0.1164513318595507
0.0795427848591429
0.0370364880248615
0.0365528552180632
0.0000000000000000
0.0000000000000000
0.0000000000000000
0.0205054823973456
0.0133724072872594
0.0052509676045449
0.0000000000000000
0.0000000000000000
0.0000000000000000
0.0000000000000000
0.0000000000000000
0.0000000000000000
0.0000000000000000
0.0000000000000000
0.0000000000000000
0.0000000000000000
0.0566029531872447
0.1327309948003568
0.1518728030609686
0.1426512034339931
0.1164026102958400
0.0795072593026663
0.0369772319293025
0.0365033772419990
0.0000000000000000
0.0000000000000000
0.0000000000000000
0.0204634802687996
0.0133220220257129
0.0051836552890617
0.0000000000000000
0.0000000000000000
0.0000000000000000
0.0000000000000000
0.0000000000000000
0.0000000000000000
0.0000000000000000
0.0000000000000000
0.0000000000000000
0.0000000000000000
0.0544513723208256
0.1319143175012273
0.1515502804687392
0.1425156421893449
0.1163383011856165
0.0794550152899606
0.0369006131635969
0.0364514597196667
0.0000000000000000
0.0000000000000000
0.0000000000000000
0.0204175785295273
0.0132673010548148
0.0051112923696551
0.0000000000000000
0.0000000000000000
0.0000000000000000
0.0000000000000000
0.0000000000000000
0.0000000000000000
0.0000000000000000
0.0000000000000000
0.0000000000000000
0.0000000000000000
0.0522572167360133
0.1310729955406411
0.1512122953823460
0.1423653269984788
0.1162581972983680
0.0793858723195674
0.0368065131336613
0.0363970881919962
0.0000000000000000
0.0000000000000000
0.0000000000000000
0.0203677561365802
0.0132082265978473
0.0050338729175787
0.0000000000000000
0.0000000000000000
0.0000000000000000
0.0000000000000000
0.0000000000000000
0.0000000000000000
0.0000000000000000
0.0000000000000000
0.0000000000000000
0.0000000000000000
0.0500234299325759
0.1302068902043819
0.1508587183225757
0.1422000738824732
0.1161621004505405
0.0792996609842704
0.0366948258664762
0.0363402485038257
0.0000000000000000
0.0000000000000000
0.0000000000000000
0.0203139938824615
0.0131447826136407
0.0049513946758538
0.0000000000000000
0.0000000000000000
0.0000000000000000
0.0000000000000000
0.0000000000000000
0.0000000000000000
0.0000000000000000
0.0000000000000000
0.0000000000000000
0.0000000000000000
0.0477534166165135
0.1293158648193252
0.1504894257055109
0.1420197089987326
0.1160498266629239
0.0791962293235538
0.0365654649217532
0.0362809270269294
0.0000000000000000
0.0000000000000000
0.0000000000000000
0.0202562755292723
0.0130769560802019
0.0048638610028570
0.0000000000000000
0.0000000000000000
0.0000000000000000
0.0000000000000000
0.0000000000000000
0.0000000000000000
0.0000000000000000
0.0000000000000000
0.0000000000000000
0.0000000000000000
0.0454510832456308
0.1283997822067653
0.1501043007698182
0.1418240719274669
0.1159212110592900
0.0790754487839346
0.0364183698280048
0.0362191110106003
0.0000000000000000
0.0000000000000000
0.0000000000000000
0.0201945889047888
0.0130047382315347
0.0047712828429274
0.0000000000000000
0.0000000000000000
0.0000000000000000
0.0000000000000000
0.0000000000000000
0.0000000000000000
0.0000000000000000
0.0000000000000000
0.0000000000000000
0.0000000000000000
0.0431208867725801
0.1274585040755825
0.1497032347264248
0.1416130182156132
0.1157761114235298
0.0789372183974389
0.0362535105709114
0.0361547888992711
0.0000000000000000
0.0000000000000000
0.0000000000000000
0.0201289266440468
0.0129281253750240
0.0046736802953139
0.0000000000000000
0.0000000000000000
0.0000000000000000
0.0000000000000000
0.0000000000000000
0.0000000000000000
0.0000000000000000
0.0000000000000000
0.0000000000000000
0.0000000000000000
0.0407678863444874
0.1264918907199003
0.1492861272938257
0.1413864205820531
0.1156144097894036
0.0787814665674653
0.0360708893537160
0.0360879504808087
0.0000000000000000
0.0000000000000000
0.0000000000000000
0.0200592864234546
0.0128471191130994
0.0045710835652268
0.0000000000000000
0.0000000000000000
0.0000000000000000
0.0000000000000000
0.0000000000000000
0.0000000000000000
0.0000000000000000
0.0000000000000000
0.0000000000000000
0.0000000000000000
0.0383977937690805
0.1254997998401585
0.1488528862378235
0.1411441687161585
0.1154360122176646
0.0786081506466019
0.0358705399244757
0.0360185868340110
0.0000000000000000
0.0000000000000000
0.0000000000000000
0.0099928355404929
0.0127617260399325
0.0044635334251344
0.0000000000000000
0.0000000000000000
0.0000000000000000
0.0000000000000000
0.0000000000000000
0.0000000000000000
0.0000000000000000
0.0000000000000000
0.0000000000000000
0.0000000000000000
0.0360170214175753
0.1244820846735835
0.1484034261878897
0.1408861680988356
0.1152408473155396
0.0784172550763896
0.0357177966231674
0.0359466901542821
0.0000000000000000
0.0000000000000000
0.0000000000000000
0.0099540433751490
0.0126719571476690
0.0043510814909377
0.0000000000000000
0.0000000000000000
0.0000000000000000
0.0000000000000000
0.0000000000000000
0.0000000000000000
0.0000000000000000
0.0000000000000000
0.0000000000000000
0.0000000000000000
0.0336327282521998
0.1234385925006081
0.1479376673860470
0.1406123384704785
0.1150288642179331
0.0782087888807125
0.0356378989113018
0.0358722535715117
0.0000000000000000
0.0000000000000000
0.0000000000000000
0.0099132722000206
0.0125778271761039
0.0042337906317400
0.0000000000000000
0.0000000000000000
0.0000000000000000
0.0000000000000000
0.0000000000000000
0.0000000000000000
0.0000000000000000
0.0000000000000000
0.0000000000000000
0.0000000000000000
0.0312528629980866
0.1223691645413127
0.1474555348791209
0.1403226123760599
0.1148000305171084
0.0779827830868102
0.0355558711291223
0.0357952710333177
0.0000000000000000
0.0000000000000000
0.0000000000000000
0.0098705289747259
0.0124793540276620
0.0041117356865191
0.0000000000000000
0.0000000000000000
0.0000000000000000
0.0000000000000000
0.0000000000000000
0.0000000000000000
