0.0000000000000000
0.0000000000000000
0.0000000000000000
0.0000000000000000
0.0255082403602290
0.0642140922826600
0.0942842887868342
0.1128719692217827
0.1190141024996938
0.1127275452210722
0.0949454398937144
0.0674891923895247
0.0000000000000000
0.0000000000000000
0.0000000000000000
0.0000000000000000
0.0000000000000000
0.0000000000000000
0.0000000000000000
0.0000000000000000
0.0000000000000000
0.0000000000000000
0.0000000000000000
0.0000000000000000
0.0000000000000000
0.0000000000000000
0.0000000000000000
0.0000000000000000
0.0251411041130497
0.0640185532132767
0.0942443117710862
0.1129671078821244
0.1192278096901192
0.1130414486021502
0.0953372295216259
0.0679323304339992
0.0000000000000000
0.0000000000000000
0.0000000000000000
0.0000000000000000
0.0000000000000000
0.0000000000000000
0.0000000000000000
0.0000000000000000
0.0000000000000000
0.0000000000000000
0.0000000000000000
0.0000000000000000
0.0000000000000000
0.0000000000000000
0.0000000000000000
0.0000000000000000
0.0247688107632761
0.0638299235559870
0.0942172309698891
0.1130777032981454
0.1194576989947869
0.1133711322870308
0.0957436765217334
0.0683885869911389
0.0000000000000000
0.0000000000000000
0.0000000000000000
0.0000000000000000
0.0000000000000000
0.0000000000000000
0.0000000000000000
0.0000000000000000
0.0000000000000000
0.0000000000000000
0.0000000000000000
0.0000000000000000
0.0000000000000000
0.0000000000000000
0.0000000000000000
0.0000000000000000
0.0243909332671088
0.0636480167768012
0.0942029150200221
0.1132035833873411
0.1197035335819607
0.1137162966691669
0.0961644326320333
0.0688575859548216
0.0000000000000000
0.0000000000000000
0.0000000000000000
0.0000000000000000
0.0000000000000000
0.0000000000000000
0.0000000000000000
0.0000000000000000
0.0000000000000000
0.0000000000000000
0.0000000000000000
0.0000000000000000
0.0000000000000000
0.0000000000000000
0.0000000000000000
0.0000000000000000
0.0240070086510402
0.0634726208317139
0.0942012143037045
0.1133445606596280
0.1199650634890273
0.1140766314989741
0.0965991416917816
0.0693389461742548
0.0000000000000000
0.0000000000000000
0.0000000000000000
0.0000000000000000
0.0000000000000000
0.0000000000000000
0.0000000000000000
0.0000000000000000
0.0000000000000000
0.0000000000000000
0.0000000000000000
0.0000000000000000
0.0000000000000000
0.0000000000000000
0.0000000000000000
0.0000000000000000
0.0236165412231467
0.0633034998746972
0.0942119624679243
0.1135004333467518
0.1202420263038101
0.1144518161248573
0.0970474394927883
0.0698322809627083
0.0000000000000000
0.0000000000000000
0.0000000000000000
0.0000000000000000
0.0000000000000000
0.0000000000000000
0.0000000000000000
0.0000000000000000
0.0000000000000000
0.0000000000000000
0.0000000000000000
0.0000000000000000
0.0000000000000000
0.0000000000000000
0.0000000000000000
0.0000000000000000
0.0232190053497973
0.0631403952679510
0.0942349774283361
0.1136709862109890
0.1205341477607907
0.1148415198737582
0.0975089539490907
0.0703371981134783
0.0000000000000000
0.0000000000000000
0.0000000000000000
0.0000000000000000
0.0000000000000000
0.0000000000000000
0.0000000000000000
0.0000000000000000
0.0000000000000000
0.0000000000000000
0.0000000000000000
0.0000000000000000
0.0000000000000000
0.0000000000000000
0.0000000000000000
0.0000000000000000
0.0228138479833515
0.0629830259739362
0.0942700618641620
0.1138559910251498
0.1208411421791048
0.1152454024506802
0.0979833054680666
0.0708533002087465
0.0000000000000000
0.0000000000000000
0.0000000000000000
0.0000000000000000
0.0000000000000000
0.0000000000000000
0.0000000000000000
0.0000000000000000
0.0000000000000000
0.0000000000000000
0.0000000000000000
0.0000000000000000
0.0000000000000000
0.0000000000000000
0.0000000000000000
0.0000000000000000
0.0224004912090651
0.0628310884609860
0.0943170032975195
0.1140552067079509
0.1211627126722512
0.1156631142234415
0.0984701072904417
0.0713801850284041
0.0000000000000000
0.0000000000000000
0.0000000000000000
0.0000000000000000
0.0000000000000000
0.0000000000000000
0.0000000000000000
0.0000000000000000
0.0000000000000000
0.0000000000000000
0.0000000000000000
0.0000000000000000
0.0000000000000000
0.0000000000000000
0.0000000000000000
0.0000000000000000
0.0219783352272428
0.0626842563941455
0.0943755738929796
0.1142683792027316
0.1214985511161372
0.1160942962916660
0.0989689656642155
0.0719174457810338
0.0000000000000000
0.0000000000000000
0.0000000000000000
0.0000000000000000
0.0000000000000000
0.0000000000000000
0.0000000000000000
0.0000000000000000
0.0000000000000000
0.0000000000000000
0.0000000000000000
0.0000000000000000
0.0000000000000000
0.0000000000000000
0.0000000000000000
0.0000000000000000
0.0215467621377336
0.0625421804003387
0.0944455302466357
0.1144952412359733
0.1218483379251555
0.1165385803005126
0.0994794796869749
0.0724646709888900
0.0000000000000000
0.0000000000000000
0.0000000000000000
0.0000000000000000
0.0000000000000000
0.0000000000000000
0.0000000000000000
0.0000000000000000
0.0000000000000000
0.0000000000000000
0.0000000000000000
0.0000000000000000
0.0000000000000000
0.0000000000000000
0.0000000000000000
0.0000000000000000
0.0211051410441549
0.0624044882792929
0.0945266134034773
0.1147355121477537
0.1222117417218258
0.1169955879737233
0.1000012407336396
0.0730214438145279
0.0000000000000000
0.0000000000000000
0.0000000000000000
0.0000000000000000
0.0000000000000000
0.0000000000000000
0.0000000000000000
0.0000000000000000
0.0000000000000000
0.0000000000000000
0.0000000000000000
0.0000000000000000
0.0000000000000000
0.0000000000000000
0.0000000000000000
0.0000000000000000
0.0206528347700606
0.0622707858958912
0.0946185493360583
0.1149888979177665
0.1225884189667374
0.1174649303910364
0.1005338314161753
0.0735873407766870
0.0000000000000000
0.0000000000000000
0.0000000000000000
0.0000000000000000
0.0000000000000000
0.0000000000000000
0.0000000000000000
0.0000000000000000
0.0000000000000000
0.0000000000000000
0.0000000000000000
0.0000000000000000
0.0000000000000000
0.0000000000000000
0.0000000000000000
0.0000000000000000
0.0201892083876858
0.0621406587799957
0.0947210498215370
0.1152550913604957
0.1229780135190807
0.1179462069758703
0.1010768240883794
0.0741619298655792
0.0000000000000000
0.0000000000000000
0.0000000000000000
0.0000000000000000
0.0000000000000000
0.0000000000000000
0.0000000000000000
0.0000000000000000
0.0000000000000000
0.0000000000000000
0.0000000000000000
0.0000000000000000
0.0000000000000000
0.0000000000000000
0.0000000000000000
0.0000000000000000
0.0197136395071515
0.0620136741778072
0.0948338135083200
0.1155337722760837
0.1233801559890688
0.1184390041450109
0.1016297788951667
0.0747447681511131
0.0000000000000000
0.0000000000000000
0.0000000000000000
0.0000000000000000
0.0000000000000000
0.0000000000000000
0.0000000000000000
0.0000000000000000
0.0000000000000000
0.0000000000000000
0.0000000000000000
0.0000000000000000
0.0000000000000000
0.0000000000000000
0.0000000000000000
0.0000000000000000
0.0192255302928037
0.0618893833328715
0.0949565268937099
0.1158246073808499
0.1237944627752438
0.1189428935936822
0.1021922414587178
0.0753353990147103
0.0000000000000000
0.0000000000000000
0.0000000000000000
0.0000000000000000
0.0000000000000000
0.0000000000000000
0.0000000000000000
0.0000000000000000
0.0000000000000000
0.0000000000000000
0.0000000000000000
0.0000000000000000
0.0000000000000000
0.0000000000000000
0.0000000000000000
0.0000000000000000
0.0187243210989650
0.0617673238214210
0.0950888652064600
0.1161272500836844
0.1242205349757678
0.1194574305003502
0.1027637405235411
0.0759333494192330
0.0000000000000000
0.0000000000000000
0.0000000000000000
0.0000000000000000
0.0000000000000000
0.0000000000000000
0.0000000000000000
0.0000000000000000
0.0000000000000000
0.0000000000000000
0.0000000000000000
0.0000000000000000
0.0000000000000000
0.0000000000000000
0.0000000000000000
0.0000000000000000
0.0182095053925875
0.0616470219704251
0.0952304934496256
0.1164413406018524
0.1246579577926051
0.1199821523731289
0.1033437863733447
0.0765381280040186
0.0000000000000000
0.0000000000000000
0.0000000000000000
0.0000000000000000
0.0000000000000000
0.0000000000000000
0.0000000000000000
0.0000000000000000
0.0000000000000000
0.0000000000000000
0.0000000000000000
0.0000000000000000
0.0000000000000000
0.0000000000000000
0.0000000000000000
0.0000000000000000
0.0176806450745721
0.0615279951175477
0.0953810678887081
0.1167665069823064
0.1251063012453309
0.1205165795201155
0.1039318710937969
0.0771492251901640
0.0000000000000000
0.0000000000000000
0.0000000000000000
0.0000000000000000
0.0000000000000000
0.0000000000000000
0.0000000000000000
0.0000000000000000
0.0000000000000000
0.0000000000000000
0.0000000000000000
0.0000000000000000
0.0000000000000000
0.0000000000000000
0.0000000000000000
0.0000000000000000
0.0171373850714203
0.0614097530727887
0.0955402378048078
0.1171023672100429
0.1255651226053132
0.1210602177485160
0.1045274714520349
0.0777661161109273
0.0000000000000000
0.0000000000000000
0.0000000000000000
0.0000000000000000
0.0000000000000000
0.0000000000000000
0.0000000000000000
0.0000000000000000
0.0000000000000000
0.0000000000000000
0.0000000000000000
0.0000000000000000
0.0000000000000000
0.0000000000000000
0.0000000000000000
0.0000000000000000
0.0165794663401233
0.0612917979143106
0.0957076467787408
0.1174485317456920
0.1260339700306416
0.1216125629090592
0.1051300541150698
0.0783882662628529
0.0000000000000000
0.0000000000000000
0.0000000000000000
0.0000000000000000
0.0000000000000000
0.0000000000000000
0.0000000000000000
0.0000000000000000
0.0000000000000000
0.0000000000000000
0.0000000000000000
0.0000000000000000
0.0000000000000000
0.0000000000000000
0.0000000000000000
0.0000000000000000
0.0160067377525865
0.0611736214334479
0.0958829324286023
0.1178046052276105
0.1265123859966268
0.1221731058117497
0.1057390817649134
0.0790151384283740
0.0000000000000000
0.0000000000000000
0.0000000000000000
0.0000000000000000
0.0000000000000000
0.0000000000000000
0.0000000000000000
0.0000000000000000
0.0000000000000000
0.0000000000000000
0.0000000000000000
0.0000000000000000
0.0000000000000000
0.0000000000000000
0.0000000000000000
0.0000000000000000
0.0154191685447964
0.0610547005016255
0.0960657240308988
0.1181701861954507
0.1269999090095759
0.1227413357469874
0.1063540181280288
0.0796461988554032
0.0000000000000000
0.0000000000000000
0.0000000000000000
0.0000000000000000
0.0000000000000000
0.0000000000000000
0.0000000000000000
0.0000000000000000
0.0000000000000000
0.0000000000000000
0.0000000000000000
0.0000000000000000
0.0000000000000000
0.0000000000000000
0.0000000000000000
0.0000000000000000
0.0148168636832419
0.0609344914337987
0.0962556383791776
0.1185448646738780
0.1274960729889558
0.1233167416091775
0.1069743306689922
0.0802809211828738
0.0000000000000000
0.0000000000000000
0.0000000000000000
0.0000000000000000
0.0000000000000000
0.0000000000000000
0.0000000000000000
0.0000000000000000
0.0000000000000000
0.0000000000000000
0.0000000000000000
0.0000000000000000
0.0000000000000000
0.0000000000000000
0.0000000000000000
0.0000000000000000
0.0142000836845184
0.0608124249311879
0.0964522751818707
0.1189282186487500
0.1280004050723594
0.1238988110879701
0.1075994910685186
0.0809187880215515
0.0000000000000000
0.0000000000000000
0.0000000000000000
0.0000000000000000
0.0000000000000000
0.0000000000000000
0.0000000000000000
0.0000000000000000
0.0000000000000000
0.0000000000000000
0.0000000000000000
0.0000000000000000
0.0000000000000000
0.0000000000000000
0.0000000000000000
0.0000000000000000
0.0135692689726587
0.0606879027334846
0.0966552135841293
0.1193198111216207
0.1285124234765661
0.1244870294237045
0.1082289748485237
0.0815592913013037
0.0000000000000000
0.0000000000000000
0.0000000000000000
0.0000000000000000
0.0000000000000000
0.0000000000000000
0.0000000000000000
0.0000000000000000
0.0000000000000000
0.0000000000000000
0.0000000000000000
0.0000000000000000
0.0000000000000000
0.0000000000000000
0.0000000000000000
0.0000000000000000
0.0129250676058030
0.0605602963241902
0.0968640107509254
0.1197191890173741
0.1290316368413553
0.1250808791959103
0.1088622615456250
0.0822019327564374
0.0000000000000000
0.0000000000000000
0.0000000000000000
0.0000000000000000
0.0000000000000000
0.0000000000000000
0.0000000000000000
0.0000000000000000
0.0000000000000000
0.0000000000000000
0.0000000000000000
0.0000000000000000
0.0000000000000000
0.0000000000000000
0.0000000000000000
0.0000000000000000
0.0122683650616718
0.0604289472617462
0.0970782025496899
0.1201258841583863
0.1295575454014742
0.1256798415854502
0.1094988359650728
0.0828462250674229
0.0000000000000000
0.0000000000000000
0.0000000000000000
0.0000000000000000
0.0000000000000000
0.0000000000000000
0.0000000000000000
0.0000000000000000
0.0000000000000000
0.0000000000000000
0.0000000000000000
0.0000000000000000
0.0000000000000000
0.0000000000000000
0.0000000000000000
0.0000000000000000
0.0116003153351380
0.0602931685100722
0.0972973055333090
0.1205394155321679
0.1300896432480523
0.1262833984482429
0.1101381899383501
0.0834916932499384
0.0000000000000000
0.0000000000000000
0.0000000000000000
0.0000000000000000
0.0000000000000000
0.0000000000000000
0.0000000000000000
0.0000000000000000
0.0000000000000000
0.0000000000000000
0.0000000000000000
0.0000000000000000
0.0000000000000000
0.0000000000000000
0.0000000000000000
0.0000000000000000
0.0109223732309666
0.0601522462709552
0.0975208193604617
0.1209592917719279
0.1306274205726410
0.1268910341340611
0.1107798236271583
0.0841378754014121
0.0000000000000000
0.0000000000000000
0.0000000000000000
0.0000000000000000
0.0000000000000000
0.0000000000000000
0.0000000000000000
0.0000000000000000
0.0000000000000000
0.0000000000000000
0.0000000000000000
0.0000000000000000
0.0000000000000000
0.0000000000000000
0.0000000000000000
0.0000000000000000
0.0102363273640799
0.0600054421753908
0.0977482290780006
0.1213850131982315
0.1311703652215055
0.1275022364421741
0.1114232458339691
0.0847843224242751
0.0000000000000000
0.0000000000000000
0.0000000000000000
0.0000000000000000
0.0000000000000000
0.0000000000000000
0.0000000000000000
0.0000000000000000
0.0000000000000000
0.0000000000000000
0.0000000000000000
0.0000000000000000
