0.0000000000000000
0.0000000000000000
0.0000000000000000
0.0000000000000000
0.0878720333123019
0.1438491398526155
0.1552807008720921
0.1426949499773205
0.1149129468255704
0.0775480974103005
0.0371092527731088
0.0370450904703654
0.0000000000000000
0.0000000000000000
0.0000000000000000
0.0000000000000000
0.0067809817761548
0.0056145691614175
0.0000000000000000
0.0000000000000000
0.0000000000000000
0.0000000000000000
0.0000000000000000
0.0000000000000000
0.0000000000000000
0.0000000000000000
0.0000000000000000
0.0000000000000000
0.0866903696018252
0.1434581109181166
0.1552198196862254
0.1428003535356329
0.1151066599745245
0.0777787783843656
0.0370869187308020
0.0370366713240411
0.0000000000000000
0.0000000000000000
0.0000000000000000
0.0000000000000000
0.0067929003988505
0.0056355025327399
0.0000000000000000
0.0000000000000000
0.0000000000000000
0.0000000000000000
0.0000000000000000
0.0000000000000000
0.0000000000000000
0.0000000000000000
0.0000000000000000
0.0000000000000000
0.0854588107761830
0.1430468741532206
0.1551468163033387
0.1428950466273861
0.1152889551249503
0.0779966510137592
0.0370626086861336
0.0370261131448142
0.0000000000000000
0.0000000000000000
0.0000000000000000
0.0000000000000000
0.0068028776520202
0.0056517339352960
0.0000000000000000
0.0000000000000000
0.0000000000000000
0.0000000000000000
0.0000000000000000
0.0000000000000000
0.0000000000000000
0.0000000000000000
0.0000000000000000
0.0000000000000000
0.0841768984157642
0.1426152169107716
0.1550615121843962
0.1429788027102384
0.1154595710360641
0.0782014481399253
0.0370363194237502
0.0370134008058952
0.0000000000000000
0.0000000000000000
0.0000000000000000
0.0000000000000000
0.0068108962186001
0.0056632324689097
0.0000000000000000
0.0000000000000000
0.0000000000000000
0.0000000000000000
0.0000000000000000
0.0000000000000000
0.0000000000000000
0.0000000000000000
0.0000000000000000
0.0000000000000000
0.0828441797634567
0.1421629169079498
0.1549637267301288
0.1430513968005005
0.1156182512954953
0.0783929105889994
0.0370080470515826
0.0369985188018909
0.0000000000000000
0.0000000000000000
0.0000000000000000
0.0000000000000000
0.0068169395162275
0.0056699689420291
0.0000000000000000
0.0000000000000000
0.0000000000000000
0.0000000000000000
0.0000000000000000
0.0000000000000000
0.0000000000000000
0.0000000000000000
0.0000000000000000
0.0000000000000000
0.0814602177735262
0.1416897433841507
0.1548532772687228
0.1431126047248891
0.1157647431056768
0.0785707856353668
0.0369777870175019
0.0369814512065262
0.0000000000000000
0.0000000000000000
0.0000000000000000
0.0000000000000000
0.0068209915504715
0.0056719155036500
0.0000000000000000
0.0000000000000000
0.0000000000000000
0.0000000000000000
0.0000000000000000
0.0000000000000000
0.0000000000000000
0.0000000000000000
0.0000000000000000
0.0000000000000000
0.0800246006861020
0.1411954578424979
0.1547299791511378
0.1431622028297048
0.1158987967128674
0.0787348262791037
0.0369455341210924
0.0369621816585689
0.0000000000000000
0.0000000000000000
0.0000000000000000
0.0000000000000000
0.0068230368451574
0.0056690454522536
0.0000000000000000
0.0000000000000000
0.0000000000000000
0.0000000000000000
0.0000000000000000
0.0000000000000000
0.0000000000000000
0.0000000000000000
0.0000000000000000
0.0000000000000000
0.0785369515462501
0.1406798144672461
0.1545936459487275
0.1431999680566074
0.1160201654368544
0.0788847912077539
0.0369112825259223
0.0369406933755951
0.0000000000000000
0.0000000000000000
0.0000000000000000
0.0000000000000000
0.0068230604380648
0.0056613332134643
0.0000000000000000
0.0000000000000000
0.0000000000000000
0.0000000000000000
0.0000000000000000
0.0000000000000000
0.0000000000000000
0.0000000000000000
0.0000000000000000
0.0000000000000000
0.0769969383265385
0.1401425603828035
0.1544440897573167
0.1432256783148231
0.1161286060823620
0.0790204452562004
0.0368750257832901
0.0369169691961249
0.0000000000000000
0.0000000000000000
0.0000000000000000
0.0000000000000000
0.0068210479268899
0.0056487544363263
0.0000000000000000
0.0000000000000000
0.0000000000000000
0.0000000000000000
0.0000000000000000
0.0000000000000000
0.0000000000000000
0.0000000000000000
0.0000000000000000
0.0000000000000000
0.0754042856183958
0.1395834360045705
0.1542811216057536
0.1432391129909697
0.1162238795596695
0.0791415600706383
0.0368367568737162
0.0368909916435586
0.0000000000000000
0.0000000000000000
0.0000000000000000
0.0000000000000000
0.0000000000000000
0.0056312861529130
0.0000000000000000
0.0000000000000000
0.0000000000000000
0.0000000000000000
0.0000000000000000
0.0000000000000000
0.0000000000000000
0.0000000000000000
0.0000000000000000
0.0000000000000000
0.0737587886878585
0.1390021757039656
0.1541045519553393
0.1432400534435364
0.1163057513992436
0.0792479146645551
0.0369012785692430
0.0368627430036213
0.0000000000000000
0.0000000000000000
0.0000000000000000
0.0000000000000000
0.0000000000000000
0.0056089069150179
0.0000000000000000
0.0000000000000000
0.0000000000000000
0.0000000000000000
0.0000000000000000
0.0000000000000000
0.0000000000000000
0.0000000000000000
0.0000000000000000
0.0000000000000000
0.0720603310424688
0.1383985090649096
0.1539141912791892
0.1432282832968077
0.1163739919059468
0.0793392954706172
0.0369761487431421
0.0368322054035872
0.0000000000000000
0.0000000000000000
0.0000000000000000
0.0000000000000000
0.0000000000000000
0.0055815968362591
0.0000000000000000
0.0000000000000000
0.0000000000000000
0.0000000000000000
0.0000000000000000
0.0000000000000000
0.0000000000000000
0.0000000000000000
0.0000000000000000
0.0000000000000000
0.0703089061618801
0.1377721629257165
0.1537098507301170
0.1432035884474049
0.1164283757785573
0.0794154957564129
0.0370347508694226
0.0367993608895146
0.0000000000000000
0.0000000000000000
0.0000000000000000
0.0000000000000000
0.0000000000000000
0.0055493375110343
0.0000000000000000
0.0000000000000000
0.0000000000000000
0.0000000000000000
0.0000000000000000
0.0000000000000000
0.0000000000000000
0.0000000000000000
0.0000000000000000
0.0000000000000000
0.0685046439458894
0.1371228643243967
0.1534913429546093
0.1431657568354437
0.1164686812891016
0.0794763144440067
0.0370769327939673
0.0367641915103661
0.0000000000000000
0.0000000000000000
0.0000000000000000
0.0000000000000000
0.0000000000000000
0.0055121118712870
0.0000000000000000
0.0000000000000000
0.0000000000000000
0.0000000000000000
0.0000000000000000
0.0000000000000000
0.0000000000000000
0.0000000000000000
0.0000000000000000
0.0000000000000000
0.0666478419231525
0.1364503443396587
0.1532584831604671
0.1431145782012108
0.1164946892928412
0.0795215547437440
0.0371025487688875
0.0367266794310238
0.0000000000000000
0.0000000000000000
0.0000000000000000
0.0000000000000000
0.0000000000000000
0.0054699040723657
0.0000000000000000
0.0000000000000000
0.0000000000000000
0.0000000000000000
0.0000000000000000
0.0000000000000000
0.0000000000000000
0.0000000000000000
0.0000000000000000
0.0000000000000000
0.0647390012034671
0.1357543428273815
0.1530110905336080
0.1430498440167583
0.1165061823955747
0.0795510229109817
0.0371114581195617
0.0366868070903508
0.0000000000000000
0.0000000000000000
0.0000000000000000
0.0000000000000000
0.0000000000000000
0.0054226994891360
0.0000000000000000
0.0000000000000000
0.0000000000000000
0.0000000000000000
0.0000000000000000
0.0000000000000000
0.0000000000000000
0.0000000000000000
0.0000000000000000
0.0000000000000000
0.0627788664769251
0.1350346137421987
0.1527489899564245
0.1429713476850946
0.1165029443591732
0.0795645272914656
0.0371035241709911
0.0366445573904042
0.0000000000000000
0.0000000000000000
0.0000000000000000
0.0000000000000000
0.0000000000000000
0.0053704847792197
0.0000000000000000
0.0000000000000000
0.0000000000000000
0.0000000000000000
0.0000000000000000
0.0000000000000000
0.0000000000000000
0.0000000000000000
0.0000000000000000
0.0000000000000000
0.0607684680705719
0.1342909303193728
0.1524720137240197
0.1428788848538907
0.1164847597320071
0.0795618775660431
0.0370786133504622
0.0365999138586650
0.0000000000000000
0.0000000000000000
0.0000000000000000
0.0000000000000000
0.0000000000000000
0.0053132479213002
0.0000000000000000
0.0000000000000000
0.0000000000000000
0.0000000000000000
0.0000000000000000
0.0000000000000000
0.0000000000000000
0.0000000000000000
0.0000000000000000
0.0000000000000000
0.0587091622376222
0.1335230887066572
0.1521800027475613
0.1427722537084269
0.1164514136334952
0.0795428842311321
0.0370365944353679
0.0365528607090316
0.0000000000000000
0.0000000000000000
0.0000000000000000
0.0000000000000000
0.0000000000000000
0.0052509781540960
0.0000000000000000
0.0000000000000000
0.0000000000000000
0.0000000000000000
0.0000000000000000
0.0000000000000000
0.0000000000000000
0.0000000000000000
0.0000000000000000
0.0000000000000000
0.0566026656712209
0.1327309085182083
0.1518728067901832
0.1426512552382986
0.1164026920044949
0.0795073586864408
0.0369773384018243
0.0365033827618855
0.0000000000000000
0.0000000000000000
0.0000000000000000
0.0000000000000000
0.0000000000000000
0.0051836659208599
0.0000000000000000
0.0000000000000000
0.0000000000000000
0.0000000000000000
0.0000000000000000
0.0000000000000000
0.0000000000000000
0.0000000000000000
0.0000000000000000
0.0000000000000000
0.0544510821879454
0.1319142296387383
0.1515502836925379
0.1425156937999982
0.1163383828325821
0.0794551146874472
0.0369007196979249
0.0364514652702518
0.0000000000000000
0.0000000000000000
0.0000000000000000
0.0000000000000000
0.0000000000000000
0.0051113030849835
0.0000000000000000
0.0000000000000000
0.0000000000000000
0.0000000000000000
0.0000000000000000
0.0000000000000000
0.0000000000000000
0.0000000000000000
0.0000000000000000
0.0000000000000000
0.0522569242434633
0.1310729060716054
0.1512122981014236
0.1423653784197679
0.1162582788872313
0.0793859717325832
0.0368066197294033
0.0363970937750494
0.0000000000000000
0.0000000000000000
0.0000000000000000
0.0000000000000000
0.0000000000000000
0.0050338837175546
0.0000000000000000
0.0000000000000000
0.0000000000000000
0.0000000000000000
0.0000000000000000
0.0000000000000000
0.0000000000000000
0.0000000000000000
0.0000000000000000
0.0000000000000000
0.0500231353873554
0.1302067991029049
0.1508587205379170
0.1422001251188012
0.1161621819848706
0.0792997604145174
0.0366949325230543
0.0363402541211039
0.0000000000000000
0.0000000000000000
0.0000000000000000
0.0000000000000000
0.0000000000000000
0.0049514055614044
0.0000000000000000
0.0000000000000000
0.0000000000000000
0.0000000000000000
0.0000000000000000
0.0000000000000000
0.0000000000000000
0.0000000000000000
0.0000000000000000
0.0000000000000000
0.0477531203807722
0.1293157720598359
0.1504894274183811
0.1420197600546070
0.1160499081462617
0.0791963287726136
0.0365655716384005
0.0362809326801758
0.0000000000000000
0.0000000000000000
0.0000000000000000
0.0000000000000000
0.0000000000000000
0.0048638719746909
0.0000000000000000
0.0000000000000000
0.0000000000000000
0.0000000000000000
0.0000000000000000
0.0000000000000000
0.0000000000000000
0.0000000000000000
0.0000000000000000
0.0000000000000000
0.0454507857422620
0.1283996877640188
0.1501043019817464
0.1418241228074840
0.1159212924951370
0.0790755482532589
0.0364184766037618
0.0362191167015421
0.0000000000000000
0.0000000000000000
0.0000000000000000
0.0000000000000000
0.0000000000000000
0.0047712939015004
0.0000000000000000
0.0000000000000000
0.0000000000000000
0.0000000000000000
0.0000000000000000
0.0000000000000000
0.0000000000000000
0.0000000000000000
0.0000000000000000
0.0000000000000000
0.0431205884910147
0.1274584079246550
0.1497032354391826
0.1416130689244393
0.1157761928153327
0.0789373178883412
0.0362536174046217
0.0361547946296175
0.0000000000000000
0.0000000000000000
0.0000000000000000
0.0000000000000000
0.0000000000000000
0.0046736914407896
0.0000000000000000
0.0000000000000000
0.0000000000000000
0.0000000000000000
0.0000000000000000
0.0000000000000000
0.0000000000000000
0.0000000000000000
0.0000000000000000
0.0000000000000000
0.0407675878465657
0.1264917928361826
0.1492861275094033
0.1413864711244039
0.1156144911405398
0.0787815660811113
0.0360709962440225
0.0360879562522477
0.0000000000000000
0.0000000000000000
0.0000000000000000
0.0000000000000000
0.0000000000000000
0.0045710947974285
0.0000000000000000
0.0000000000000000
0.0000000000000000
0.0000000000000000
0.0000000000000000
0.0000000000000000
0.0000000000000000
0.0000000000000000
0.0000000000000000
0.0000000000000000
0.0383974956948487
0.1254997001993485
0.1488528859584052
0.1411442190967797
0.1154360935314274
0.0786082501839990
0.0358706468698173
0.0360185926482073
0.0000000000000000
0.0000000000000000
0.0000000000000000
0.0000000000000000
0.0000000000000000
0.0044635447434905
0.0000000000000000
0.0000000000000000
0.0000000000000000
0.0000000000000000
0.0000000000000000
0.0000000000000000
0.0000000000000000
0.0000000000000000
0.0000000000000000
0.0000000000000000
0.0360167244907791
0.1244819832516767
0.1484034254158284
0.1408862183224822
0.1152409285951237
0.0784173546383801
0.0357177990722148
0.0359466960128749
0.0000000000000000
0.0000000000000000
0.0000000000000000
0.0000000000000000
0.0000000000000000
0.0043510928944173
0.0000000000000000
0.0000000000000000
0.0000000000000000
0.0000000000000000
0.0000000000000000
0.0000000000000000
0.0000000000000000
0.0000000000000000
0.0000000000000000
0.0000000000000000
0.0336324332851783
0.1234384892738919
0.1479376661238408
0.1406123885418973
0.1150289454664219
0.0782088884679652
0.0356379014004113
0.0358722594761127
0.0000000000000000
0.0000000000000000
0.0000000000000000
0.0000000000000000
0.0000000000000000
0.0021169015261217
0.0000000000000000
0.0000000000000000
0.0000000000000000
0.0000000000000000
0.0000000000000000
0.0000000000000000
0.0000000000000000
0.0000000000000000
0.0000000000000000
0.0000000000000000
0.0312525708956742
0.1223690594863635
0.1474555331293900
0.1403226622999726
0.1148001117374631
0.0779828826998141
0.0355558736599915
0.0357952769855098
0.0000000000000000
0.0000000000000000
0.0000000000000000
0.0000000000000000
0.0000000000000000
0.0020558740912287
0.0000000000000000
0.0000000000000000
0.0000000000000000
0.0000000000000000
0.0000000000000000
0.0000000000000000
