0.0000000000000000
0.0000000000000000
0.0000000000000000
0.0000000000000000
0.0878715143490648
0.1438489748131068
0.1552807129095140
0.0000000000000000
0.0000000000000000
0.0000000000000000
0.0000000000000000
0.0370450948836311
0.0352070870357732
0.0317081904388660
0.0267567060749630
0.0206231394781146
0.0135620082372730
0.0056146211967867
0.0000000000000000
0.0000000000000000
0.0000000000000000
0.0000000000000000
0.0000000000000000
0.0000000000000000
0.0000000000000000
0.0000000000000000
0.0000000000000000
0.0000000000000000
0.0866898441106454
0.1434579430996203
0.1552198304187925
0.0000000000000000
0.0000000000000000
0.0000000000000000
0.0000000000000000
0.0370366756514556
0.0352109057734612
0.0317217924250985
0.0267770458528215
0.0206468573505671
0.0135858454814530
0.0056355545882076
0.0000000000000000
0.0000000000000000
0.0000000000000000
0.0000000000000000
0.0000000000000000
0.0000000000000000
0.0000000000000000
0.0000000000000000
0.0000000000000000
0.0000000000000000
0.0854582785195656
0.1430467034651878
0.1551468257093927
0.0000000000000000
0.0000000000000000
0.0000000000000000
0.0000000000000000
0.0370261173870242
0.0352123538893159
0.0317327356784174
0.0267943918092283
0.0206671943485909
0.0136057999899453
0.0056517860154878
0.0000000000000000
0.0000000000000000
0.0000000000000000
0.0000000000000000
0.0000000000000000
0.0000000000000000
0.0000000000000000
0.0000000000000000
0.0000000000000000
0.0000000000000000
0.0841763591616169
0.1426150432615386
0.1550615202424525
0.0000000000000000
0.0000000000000000
0.0000000000000000
0.0000000000000000
0.0370134049636177
0.0352114063231768
0.0317409878366588
0.0268087073858175
0.0206841131096753
0.0136218371286012
0.0056632845784889
0.0000000000000000
0.0000000000000000
0.0000000000000000
0.0000000000000000
0.0000000000000000
0.0000000000000000
0.0000000000000000
0.0000000000000000
0.0000000000000000
0.0000000000000000
0.0828436332864442
0.1421627402046544
0.1549637334188507
0.0000000000000000
0.0000000000000000
0.0000000000000000
0.0000000000000000
0.0369985228759111
0.0352080380094118
0.0317465169552130
0.0268199568810539
0.0206975775256933
0.0136339237326736
0.0056700210856771
0.0000000000000000
0.0000000000000000
0.0000000000000000
0.0000000000000000
0.0000000000000000
0.0000000000000000
0.0000000000000000
0.0000000000000000
0.0000000000000000
0.0000000000000000
0.0814596638566689
0.1416895635326561
0.1548532825669004
0.0000000000000000
0.0000000000000000
0.0000000000000000
0.0000000000000000
0.0369814551976963
0.0352022237768960
0.0317492913516521
0.0268281052428636
0.0207075524948409
0.0136420278132793
0.0056719676860465
0.0000000000000000
0.0000000000000000
0.0000000000000000
0.0000000000000000
0.0000000000000000
0.0000000000000000
0.0000000000000000
0.0000000000000000
0.0000000000000000
0.0000000000000000
0.0800240391226526
0.1411952747473220
0.1547299830376701
0.0000000000000000
0.0000000000000000
0.0000000000000000
0.0000000000000000
0.0369621855678067
0.0351939383077511
0.0317492795385060
0.0268331179798069
0.0207140038067008
0.0136461184180478
0.0056690976780582
0.0000000000000000
0.0000000000000000
0.0000000000000000
0.0000000000000000
0.0000000000000000
0.0000000000000000
0.0000000000000000
0.0000000000000000
0.0000000000000000
0.0000000000000000
0.0785363821418721
0.1406796280314922
0.1545936484026056
0.0000000000000000
0.0000000000000000
0.0000000000000000
0.0000000000000000
0.0369406972038827
0.0351831561519142
0.0317464502373832
0.0268349611697464
0.0207168981482485
0.0136461656225181
0.0056613854872970
0.0000000000000000
0.0000000000000000
0.0000000000000000
0.0000000000000000
0.0000000000000000
0.0000000000000000
0.0000000000000000
0.0000000000000000
0.0000000000000000
0.0000000000000000
0.0769963609018273
0.1401423705080918
0.1544440907576061
0.0000000000000000
0.0000000000000000
0.0000000000000000
0.0000000000000000
0.0369169729445073
0.0351698517855268
0.0317407724501841
0.0268336015439752
0.0207162031910300
0.0136421406220622
0.0056488067627482
0.0000000000000000
0.0000000000000000
0.0000000000000000
0.0000000000000000
0.0000000000000000
0.0000000000000000
0.0000000000000000
0.0000000000000000
0.0000000000000000
0.0000000000000000
0.0754037000117857
0.1395832425909685
0.1542811211315767
0.0000000000000000
0.0000000000000000
0.0000000000000000
0.0000000000000000
0.0368909953131421
0.0351539996964742
0.0317322155642657
0.0268290066045512
0.0207118877214963
0.0136340158609263
0.0056313385364054
0.0000000000000000
0.0000000000000000
0.0000000000000000
0.0000000000000000
0.0000000000000000
0.0000000000000000
0.0000000000000000
0.0000000000000000
0.0000000000000000
0.0000000000000000
0.0737581947589730
0.1390019786499224
0.1541045499858577
0.0000000000000000
0.0000000000000000
0.0000000000000000
0.0000000000000000
0.0368627465955722
0.0351355744711149
0.0317207494461645
0.0268211447257775
0.0207039217421796
0.0136217651382990
0.0056089593599596
0.0000000000000000
0.0000000000000000
0.0000000000000000
0.0000000000000000
0.0000000000000000
0.0000000000000000
0.0000000000000000
0.0000000000000000
0.0000000000000000
0.0000000000000000
0.0720597286759722
0.1383983082671965
0.1539141877935895
0.0000000000000000
0.0000000000000000
0.0000000000000000
0.0000000000000000
0.0368322089191301
0.0351145508596006
0.0317063444921661
0.0268099851879549
0.0206922764952355
0.0136053636132236
0.0055816493469024
0.0000000000000000
0.0000000000000000
0.0000000000000000
0.0000000000000000
0.0000000000000000
0.0000000000000000
0.0000000000000000
0.0000000000000000
0.0000000000000000
0.0000000000000000
0.0703082952719066
0.1377719582793797
0.1537098457076004
0.0000000000000000
0.0000000000000000
0.0000000000000000
0.0000000000000000
0.0367993643299312
0.0350909038059035
0.0316889716148985
0.0267954981281338
0.0206769243785186
0.0135847876955163
0.0055493900914773
0.0000000000000000
0.0000000000000000
0.0000000000000000
0.0000000000000000
0.0000000000000000
0.0000000000000000
0.0000000000000000
0.0000000000000000
0.0000000000000000
0.0000000000000000
0.0685040244811147
0.1371226557227307
0.1534913363743903
0.0000000000000000
0.0000000000000000
0.0000000000000000
0.0000000000000000
0.0367641948769945
0.0350646084612329
0.0316686021905502
0.0267776544294054
0.0206578387943513
0.0135600148560842
0.0055121645254441
0.0000000000000000
0.0000000000000000
0.0000000000000000
0.0000000000000000
0.0000000000000000
0.0000000000000000
0.0000000000000000
0.0000000000000000
0.0000000000000000
0.0000000000000000
0.0666472138725862
0.1364501316742041
0.1532584750017828
0.0000000000000000
0.0000000000000000
0.0000000000000000
0.0000000000000000
0.0367266827252585
0.0350356402119587
0.0316452080133532
0.0267564256181812
0.0206349940004447
0.0135310234470834
0.0054699568039334
0.0000000000000000
0.0000000000000000
0.0000000000000000
0.0000000000000000
0.0000000000000000
0.0000000000000000
0.0000000000000000
0.0000000000000000
0.0000000000000000
0.0000000000000000
0.0647383646030385
0.1357541259879539
0.1530110807757394
0.0000000000000000
0.0000000000000000
0.0000000000000000
0.0000000000000000
0.0366868103136430
0.0350039747546643
0.0316187612985614
0.0267317838093637
0.0206083650207965
0.0134977925881670
0.0054227523015540
0.0000000000000000
0.0000000000000000
0.0000000000000000
0.0000000000000000
0.0000000000000000
0.0000000000000000
0.0000000000000000
0.0000000000000000
0.0000000000000000
0.0000000000000000
0.0627782214169240
0.1350343926169530
0.1527489785787302
0.0000000000000000
0.0000000000000000
0.0000000000000000
0.0000000000000000
0.0366445605442627
0.0349695882066258
0.0315892347270928
0.0267037017019086
0.0205779276037937
0.0134603021042622
0.0053705376756271
0.0000000000000000
0.0000000000000000
0.0000000000000000
0.0000000000000000
0.0000000000000000
0.0000000000000000
0.0000000000000000
0.0000000000000000
0.0000000000000000
0.0000000000000000
0.0607678147039938
0.1342907047949009
0.1524720007059818
0.0000000000000000
0.0000000000000000
0.0000000000000000
0.0000000000000000
0.0365999169446578
0.0349324572020913
0.0315566014819897
0.0266721525644520
0.0205436581703225
0.0134185324318752
0.0053133009044835
0.0000000000000000
0.0000000000000000
0.0000000000000000
0.0000000000000000
0.0000000000000000
0.0000000000000000
0.0000000000000000
0.0000000000000000
0.0000000000000000
0.0000000000000000
0.0587085007894438
0.1335228586681109
0.1521799880688395
0.0000000000000000
0.0000000000000000
0.0000000000000000
0.0000000000000000
0.0365528637287873
0.0348925589139573
0.0315208352300045
0.0266371101746084
0.0205055337030085
0.0133724644510421
0.0052510312264310
0.0000000000000000
0.0000000000000000
0.0000000000000000
0.0000000000000000
0.0000000000000000
0.0000000000000000
0.0000000000000000
0.0000000000000000
0.0000000000000000
0.0000000000000000
0.0566019964486038
0.1327306738494283
0.1518727904306674
0.0000000000000000
0.0000000000000000
0.0000000000000000
0.0000000000000000
0.0365033857170946
0.0348498709936606
0.0314819100660916
0.0265985487511327
0.0204635316472552
0.0133220793105305
0.0051837190842442
0.0000000000000000
0.0000000000000000
0.0000000000000000
0.0000000000000000
0.0000000000000000
0.0000000000000000
0.0000000000000000
0.0000000000000000
0.0000000000000000
0.0000000000000000
0.0544504055913669
0.1319139902223646
0.1515502656323914
0.0000000000000000
0.0000000000000000
0.0000000000000000
0.0000000000000000
0.0364514681626673
0.0348043715039070
0.0314398005292319
0.0265564430194096
0.0204176299841192
0.0132673584654017
0.0051113563407577
0.0000000000000000
0.0000000000000000
0.0000000000000000
0.0000000000000000
0.0000000000000000
0.0000000000000000
0.0000000000000000
0.0000000000000000
0.0000000000000000
0.0000000000000000
0.0522562407787684
0.1310726617891506
0.1512122783211055
0.0000000000000000
0.0000000000000000
0.0000000000000000
0.0000000000000000
0.0363970966064859
0.0347560389767690
0.0313944818298064
0.0265107685688846
0.0203678076706025
0.0132082841389184
0.0050339370664113
0.0000000000000000
0.0000000000000000
0.0000000000000000
0.0000000000000000
0.0000000000000000
0.0000000000000000
0.0000000000000000
0.0000000000000000
0.0000000000000000
0.0000000000000000
0.0500224456787555
0.1302065498347808
0.1508586990181813
0.0000000000000000
0.0000000000000000
0.0000000000000000
0.0000000000000000
0.0363402568934350
0.0347048526943359
0.0313459303688055
0.0264615025660603
0.0203140454991584
0.0131448402898962
0.0049514590032806
0.0000000000000000
0.0000000000000000
0.0000000000000000
0.0000000000000000
0.0000000000000000
0.0000000000000000
0.0000000000000000
0.0000000000000000
0.0000000000000000
0.0000000000000000
0.0477524251847847
0.1293155176853445
0.0752447015580486
0.0000000000000000
0.0000000000000000
0.0000000000000000
0.0000000000000000
0.0362809353953303
0.0346507931831024
0.0312941244778408
0.0264086247114977
0.0202563272318360
0.0130770138963300
0.0048639255086418
0.0000000000000000
0.0000000000000000
0.0000000000000000
0.0000000000000000
0.0000000000000000
0.0000000000000000
0.0000000000000000
0.0000000000000000
0.0000000000000000
0.0000000000000000
0.0454500859625610
0.1283994281613219
0.0750521379415351
0.0000000000000000
0.0000000000000000
0.0000000000000000
0.0000000000000000
0.0362191193614985
0.0345938427786475
0.0312390451874093
0.0263521181834048
0.0201946406963574
0.0130047961922141
0.0047713475255513
0.0000000000000000
0.0000000000000000
0.0000000000000000
0.0000000000000000
0.0000000000000000
0.0000000000000000
0.0000000000000000
0.0000000000000000
0.0000000000000000
0.0000000000000000
0.0431198851940501
0.1274581429707387
0.0748516037623491
0.0000000000000000
0.0000000000000000
0.0000000000000000
0.0000000000000000
0.0361547972363977
0.0345339860708023
0.0311806767859417
0.0262919702988424
0.0201289785277004
0.0129281834849248
0.0046737451517630
0.0000000000000000
0.0000000000000000
0.0000000000000000
0.0000000000000000
0.0000000000000000
0.0000000000000000
0.0000000000000000
0.0000000000000000
0.0000000000000000
0.0000000000000000
0.0407668822777140
0.1264915224068202
0.0746430488799043
0.0000000000000000
0.0000000000000000
0.0000000000000000
0.0000000000000000
0.0360879588079114
0.0344712100906632
0.0311190070369167
0.0262281727436635
0.0200593384022119
0.0128471773768844
0.0045711485907436
0.0000000000000000
0.0000000000000000
0.0000000000000000
0.0000000000000000
0.0000000000000000
0.0000000000000000
0.0000000000000000
0.0000000000000000
0.0000000000000000
0.0000000000000000
0.0383967892947151
0.1254994241690646
0.0744264271772278
0.0000000000000000
0.0000000000000000
0.0000000000000000
0.0000000000000000
0.0360185951548449
0.0344055042343053
0.0310540270643190
0.0261607214117056
0.0199857228132313
0.0127617844622588
0.0044635986129301
0.0000000000000000
0.0000000000000000
0.0000000000000000
0.0000000000000000
0.0000000000000000
0.0000000000000000
0.0000000000000000
0.0000000000000000
0.0000000000000000
0.0000000000000000
0.0360160189111443
0.1244817014937046
0.0742016959691393
0.0000000000000000
0.0000000000000000
0.0000000000000000
0.0000000000000000
0.0359466984726021
0.0343368600256487
0.0309857310422211
0.0260896160095266
0.0199081385886689
0.0126720157331909
0.0043511468318576
0.0000000000000000
0.0000000000000000
0.0000000000000000
0.0000000000000000
0.0000000000000000
0.0000000000000000
0.0000000000000000
0.0000000000000000
0.0000000000000000
0.0000000000000000
0.0336317304038770
0.1234382016601345
0.0739688153766931
0.0000000000000000
0.0000000000000000
0.0000000000000000
0.0000000000000000
0.0358722618910645
0.0342652708511476
0.0309141158381120
0.0260148596095688
0.0198265963473971
0.0125778859294764
0.0042338561138734
0.0000000000000000
0.0000000000000000
0.0000000000000000
0.0000000000000000
0.0000000000000000
0.0000000000000000
0.0000000000000000
0.0000000000000000
0.0000000000000000
0.0000000000000000
0.0312518728294528
0.1223687658873635
0.0737277479233062
0.0000000000000000
0.0000000000000000
0.0000000000000000
0.0000000000000000
0.0357952793578352
0.0341907317455333
0.0308391807020529
0.0259364582436075
0.0197411100085808
0.0124794129535454
0.0041118012947450
0.0000000000000000
0.0000000000000000
0.0000000000000000
0.0000000000000000
0.0000000000000000
0.0000000000000000
