0.0000000000000000
0.0000000000000000
0.0000000000000000
0.0000000000000000
0.0000000000000000
0.0000000000000000
0.0000000000000000
0.0000000000000000
0.0000000000000000
0.0353942465679882
0.0388922817473619
0.0815257094225711
0.1169726602801789
0.1415641632903576
0.1520764919153234
0.1454083031618239
0.1173044105038673
0.0582956609364805
0.0000000000000000
0.0000000000000000
0.0000000000000000
0.0000000000000000
0.0000000000000000
0.0000000000000000
0.0000000000000000
0.0000000000000000
0.0000000000000000
0.0000000000000000
0.0000000000000000
0.0000000000000000
0.0000000000000000
0.0000000000000000
0.0000000000000000
0.0353572049308590
0.0386204351552392
0.0813188574530509
0.1168548951739052
0.1415509986666919
0.1521739262154332
0.1456113442595765
0.1175926804147282
0.0586016005168600
0.0000000000000000
0.0000000000000000
0.0000000000000000
0.0000000000000000
0.0000000000000000
0.0000000000000000
0.0000000000000000
0.0000000000000000
0.0000000000000000
0.0000000000000000
0.0000000000000000
0.0000000000000000
0.0000000000000000
0.0000000000000000
0.0000000000000000
0.0353182713091293
0.0383588876270982
0.0811230861549519
0.1167482124945699
0.1415478313463279
0.1522787092396857
0.1458164642851260
0.1178720457915538
0.0588726961365944
0.0000000000000000
0.0000000000000000
0.0000000000000000
0.0000000000000000
0.0000000000000000
0.0000000000000000
0.0000000000000000
0.0000000000000000
0.0000000000000000
0.0000000000000000
0.0000000000000000
0.0000000000000000
0.0000000000000000
0.0000000000000000
0.0000000000000000
0.0352774555835995
0.0381078763089576
0.0809385590214815
0.1166526848716618
0.1415546336753997
0.1523907121093277
0.1460234407624022
0.1181422023414355
0.0591084905174279
0.0000000000000000
0.0000000000000000
0.0000000000000000
0.0000000000000000
0.0000000000000000
0.0000000000000000
0.0000000000000000
0.0000000000000000
0.0000000000000000
0.0000000000000000
0.0000000000000000
0.0000000000000000
0.0000000000000000
0.0000000000000000
0.0000000000000000
0.0352347667559811
0.0378676262072391
0.0807654257143757
0.1165683702303470
0.1415713631226005
0.1525097911622609
0.1462320352276656
0.1184028211169980
0.0593084725708065
0.0000000000000000
0.0000000000000000
0.0000000000000000
0.0000000000000000
0.0000000000000000
0.0000000000000000
0.0000000000000000
0.0000000000000000
0.0000000000000000
0.0000000000000000
0.0000000000000000
0.0000000000000000
0.0000000000000000
0.0000000000000000
0.0000000000000000
0.0351902130219763
0.0376383518861449
0.0806038236642414
0.1164953131118994
0.1415979632071999
0.1526357883454539
0.1464419928967884
0.1186535470622058
0.0594720735858487
0.0000000000000000
0.0000000000000000
0.0000000000000000
0.0000000000000000
0.0000000000000000
0.0000000000000000
0.0000000000000000
0.0000000000000000
0.0000000000000000
0.0000000000000000
0.0000000000000000
0.0000000000000000
0.0000000000000000
0.0000000000000000
0.0000000000000000
0.0351438018059856
0.0374202583291678
0.0804538788761524
0.1164335453988814
0.1416343640532998
0.1527685315171968
0.1466530426000559
0.1188939983161551
0.0595986649981407
0.0000000000000000
0.0000000000000000
0.0000000000000000
0.0000000000000000
0.0000000000000000
0.0000000000000000
0.0000000000000000
0.0000000000000000
0.0000000000000000
0.0000000000000000
0.0000000000000000
0.0000000000000000
0.0000000000000000
0.0000000000000000
0.0000000000000000
0.0350955397712498
0.0372135410236770
0.0803157060890166
0.1163830864853955
0.1416804825730066
0.1529078346241577
0.1468648968964862
0.1191237660831260
0.0596875576229257
0.0000000000000000
0.0000000000000000
0.0000000000000000
0.0000000000000000
0.0000000000000000
0.0000000000000000
0.0000000000000000
0.0000000000000000
0.0000000000000000
0.0000000000000000
0.0000000000000000
0.0000000000000000
0.0000000000000000
0.0000000000000000
0.0000000000000000
0.0350454328241187
0.0370183855723077
0.0801894084266068
0.1163439430505197
0.1417362223695210
0.1530534977338128
0.1470772522319477
0.1193424148637220
0.0597380018679070
0.0000000000000000
0.0000000000000000
0.0000000000000000
0.0000000000000000
0.0000000000000000
0.0000000000000000
0.0000000000000000
0.0000000000000000
0.0000000000000000
0.0000000000000000
0.0000000000000000
0.0000000000000000
0.0000000000000000
0.0000000000000000
0.0000000000000000
0.0349934861336366
0.0368351610915402
0.0800750768829157
0.1163161086407306
0.1418014734651999
0.1532053069471280
0.1472897890525785
0.1195494827068306
0.0597491884274964
0.0000000000000000
0.0000000000000000
0.0000000000000000
0.0000000000000000
0.0000000000000000
0.0000000000000000
0.0000000000000000
0.0000000000000000
0.0000000000000000
0.0000000000000000
0.0000000000000000
0.0000000000000000
0.0000000000000000
0.0000000000000000
0.0000000000000000
0.0349397041837676
0.0367948753226174
0.0799727899392613
0.1162995633675105
0.1418761120748866
0.1533630342501071
0.1475021717396343
0.1197444811978583
0.0597202486876684
0.0000000000000000
0.0000000000000000
0.0000000000000000
0.0000000000000000
0.0000000000000000
0.0000000000000000
0.0000000000000000
0.0000000000000000
0.0000000000000000
0.0000000000000000
0.0000000000000000
0.0000000000000000
0.0000000000000000
0.0000000000000000
0.0000000000000000
0.0348840908786239
0.0367525620657962
0.0798826137165320
0.1162942739849641
0.1419600005934404
0.1535264373781049
0.1477140483033232
0.1199268948087996
0.0596502542018186
0.0000000000000000
0.0000000000000000
0.0000000000000000
0.0000000000000000
0.0000000000000000
0.0000000000000000
0.0000000000000000
0.0000000000000000
0.0000000000000000
0.0000000000000000
0.0000000000000000
0.0000000000000000
0.0000000000000000
0.0000000000000000
0.0000000000000000
0.0348266497067616
0.0367082130954599
0.0798046028126097
0.1163001945297580
0.1420529879152114
0.1536952597287059
0.1479250497894616
0.1200961795552697
0.0595382149669978
0.0000000000000000
0.0000000000000000
0.0000000000000000
0.0000000000000000
0.0000000000000000
0.0000000000000000
0.0000000000000000
0.0000000000000000
0.0000000000000000
0.0000000000000000
0.0000000000000000
0.0000000000000000
0.0000000000000000
0.0000000000000000
0.0000000000000000
0.0347673839704362
0.0366618200542681
0.0797388017268098
0.1163172673667189
0.1421549099853332
0.1538692302889355
0.1481347894490548
0.1202517610778172
0.0593830770284147
0.0000000000000000
0.0000000000000000
0.0000000000000000
0.0000000000000000
0.0000000000000000
0.0000000000000000
0.0000000000000000
0.0000000000000000
0.0000000000000000
0.0000000000000000
0.0000000000000000
0.0000000000000000
0.0000000000000000
0.0000000000000000
0.0000000000000000
0.0347062970732771
0.0366133746547132
0.0796852465002363
0.1163454243860379
0.1422655903726596
0.1540480634748236
0.1483428617384688
0.1203930325264302
0.0591837202170980
0.0000000000000000
0.0000000000000000
0.0000000000000000
0.0000000000000000
0.0000000000000000
0.0000000000000000
0.0000000000000000
0.0000000000000000
0.0000000000000000
0.0000000000000000
0.0000000000000000
0.0000000000000000
0.0000000000000000
0.0000000000000000
0.0000000000000000
0.0346433928615570
0.0365628689278115
0.0796439662602437
0.1163845880401975
0.1423848406892304
0.1542314588429744
0.1485488412607600
0.1205193525315735
0.0589389568290440
0.0000000000000000
0.0000000000000000
0.0000000000000000
0.0000000000000000
0.0000000000000000
0.0000000000000000
0.0000000000000000
0.0000000000000000
0.0000000000000000
0.0000000000000000
0.0000000000000000
0.0000000000000000
0.0000000000000000
0.0000000000000000
0.0000000000000000
0.0345786759854750
0.0365102954975057
0.0796149845398859
0.1164346722403723
0.1425124609280463
0.1544191008088386
0.1487522818231851
0.1206300434246338
0.0586475310578134
0.0000000000000000
0.0000000000000000
0.0000000000000000
0.0000000000000000
0.0000000000000000
0.0000000000000000
0.0000000000000000
0.0000000000000000
0.0000000000000000
0.0000000000000000
0.0000000000000000
0.0000000000000000
0.0000000000000000
0.0000000000000000
0.0000000000000000
0.0345121522044857
0.0364556478139301
0.0795983205022466
0.1164955832723251
0.1426482399968902
0.1546106587147424
0.1489527159397155
0.1207243897784859
0.0583081186892471
0.0000000000000000
0.0000000000000000
0.0000000000000000
0.0000000000000000
0.0000000000000000
0.0000000000000000
0.0000000000000000
0.0000000000000000
0.0000000000000000
0.0000000000000000
0.0000000000000000
0.0000000000000000
0.0000000000000000
0.0000000000000000
0.0000000000000000
0.0344438285175610
0.0363989202506228
0.0795939899442150
0.1165672208238058
0.1427919566638418
0.1548057875838189
0.1491496551525517
0.1208016375724381
0.0579193266912419
0.0000000000000000
0.0000000000000000
0.0000000000000000
0.0000000000000000
0.0000000000000000
0.0000000000000000
0.0000000000000000
0.0000000000000000
0.0000000000000000
0.0000000000000000
0.0000000000000000
0.0000000000000000
0.0000000000000000
0.0000000000000000
0.0000000000000000
0.0343737130168873
0.0363401079947994
0.0796020056500884
0.1166494787517564
0.1429433807381990
0.1550041295878220
0.1493425914564862
0.1208609944668411
0.0574796937662128
0.0000000000000000
0.0000000000000000
0.0000000000000000
0.0000000000000000
0.0000000000000000
0.0000000000000000
0.0000000000000000
0.0000000000000000
0.0000000000000000
0.0000000000000000
0.0000000000000000
0.0000000000000000
0.0000000000000000
0.0000000000000000
0.0000000000000000
0.0343018144545872
0.0362792067488455
0.0796223762086231
0.1167422448277415
0.1431022738178475
0.1552053157714156
0.1495309996973144
0.1209016318279341
0.0569876941207663
0.0000000000000000
0.0000000000000000
0.0000000000000000
0.0000000000000000
0.0000000000000000
0.0000000000000000
0.0000000000000000
0.0000000000000000
0.0000000000000000
0.0000000000000000
0.0000000000000000
0.0000000000000000
0.0000000000000000
0.0000000000000000
0.0000000000000000
0.0342281416517485
0.0362162123646506
0.0796551027003124
0.1168453986852153
0.1432683888112714
0.1554089672790384
0.1497143404574700
0.1209226886491570
0.0564417469247444
0.0000000000000000
0.0000000000000000
0.0000000000000000
0.0000000000000000
0.0000000000000000
0.0000000000000000
0.0000000000000000
0.0000000000000000
0.0000000000000000
0.0000000000000000
0.0000000000000000
0.0000000000000000
0.0000000000000000
0.0000000000000000
0.0000000000000000
0.0341527029540209
0.0361511205798023
0.0797001733399053
0.1169588078854624
0.1434414678481670
0.1556146955023387
0.1498920627347511
0.1209232769817867
0.0558402323040536
0.0000000000000000
0.0000000000000000
0.0000000000000000
0.0000000000000000
0.0000000000000000
0.0000000000000000
0.0000000000000000
0.0000000000000000
0.0000000000000000
0.0000000000000000
0.0000000000000000
0.0000000000000000
0.0000000000000000
0.0000000000000000
0.0000000000000000
0.0340755059088894
0.0360839269626191
0.0797575571517228
0.1170823228474548
0.1436212390430737
0.1558221011665527
0.1500636059578397
0.1209024877782473
0.0551815123108763
0.0000000000000000
0.0000000000000000
0.0000000000000000
0.0000000000000000
0.0000000000000000
0.0000000000000000
0.0000000000000000
0.0000000000000000
0.0000000000000000
0.0000000000000000
0.0000000000000000
0.0000000000000000
0.0000000000000000
0.0000000000000000
0.0000000000000000
0.0339965571911156
0.0360146270456089
0.0798271982358810
0.1172157721037751
0.1438074131937136
0.1560307730098704
0.1502284012922355
0.1208593959442196
0.0544639531990889
0.0000000000000000
0.0000000000000000
0.0000000000000000
0.0000000000000000
0.0000000000000000
0.0000000000000000
0.0000000000000000
0.0000000000000000
0.0000000000000000
0.0000000000000000
0.0000000000000000
0.0000000000000000
0.0000000000000000
0.0000000000000000
0.0000000000000000
0.0339158626686449
0.0359432165135767
0.0799090119941968
0.1173589591603860
0.1439996816284967
0.1562402869282321
0.1503858725186246
0.1207930636433002
0.0536859455153992
0.0000000000000000
0.0000000000000000
0.0000000000000000
0.0000000000000000
0.0000000000000000
0.0000000000000000
0.0000000000000000
0.0000000000000000
0.0000000000000000
0.0000000000000000
0.0000000000000000
0.0000000000000000
0.0000000000000000
0.0000000000000000
0.0000000000000000
0.0338334274530047
0.0358696913048825
0.0800028838210288
0.1175116616021510
0.1441977157907772
0.1564502061293181
0.1505354367988177
0.1207025415375350
0.0528459201306856
0.0000000000000000
0.0000000000000000
0.0000000000000000
0.0000000000000000
0.0000000000000000
0.0000000000000000
0.0000000000000000
0.0000000000000000
0.0000000000000000
0.0000000000000000
0.0000000000000000
0.0000000000000000
0.0000000000000000
0.0000000000000000
0.0000000000000000
0.0337492558571391
0.0357940475703348
0.0801086699712270
0.1176736321439570
0.1444011683990288
0.1566600822228496
0.1506765053854259
0.1205868681932001
0.0519423612487799
0.0000000000000000
0.0000000000000000
0.0000000000000000
0.0000000000000000
0.0000000000000000
0.0000000000000000
0.0000000000000000
0.0000000000000000
0.0000000000000000
0.0000000000000000
0.0000000000000000
0.0000000000000000
0.0000000000000000
0.0000000000000000
0.0000000000000000
0.0336633512970052
0.0357557689295718
0.0802261997299142
0.1178446008459808
0.1446096754589399
0.1568694567381792
0.1508084841328360
0.1204450682139821
0.0509738190000838
0.0000000000000000
0.0000000000000000
0.0000000000000000
0.0000000000000000
0.0000000000000000
0.0000000000000000
0.0000000000000000
0.0000000000000000
0.0000000000000000
0.0000000000000000
0.0000000000000000
0.0000000000000000
0.0000000000000000
0.0000000000000000
0.0000000000000000
0.0335757162352825
0.0358316385549538
0.0803552781658401
0.1180242776912684
0.1448228584221518
0.1570778625283380
0.1509307736226797
0.1202761496748266
0.0499389246179479
0.0000000000000000
0.0000000000000000
0.0000000000000000
0.0000000000000000
0.0000000000000000
0.0000000000000000
0.0000000000000000
0.0000000000000000
0.0000000000000000
0.0000000000000000
0.0000000000000000
0.0000000000000000
0.0000000000000000
0.0000000000000000
0.0000000000000000
0.0334863522284936
0.0359207127628362
0.0804956889323477
0.1182123550939480
0.1450403261093154
0.1572848248278828
0.1510427688982290
0.1200791012512994
0.0488364101583126
0.0000000000000000
0.0000000000000000
0.0000000000000000
0.0000000000000000
0.0000000000000000
0.0000000000000000
