0.0000000000000000
0.0000000000000000
0.0000000000000000
0.0000000000000000
0.0255082047097728
0.0642140590665132
0.0942842481322924
0.1128719179675931
0.1190140409987883
0.1127274756468480
0.0949453654591362
0.0674891168689420
0.0000000000000000
0.0000000000000000
0.0000000000000000
0.0000000000000000
0.0000000000000000
0.0000000000000000
0.0000000000000000
0.0000000000000000
0.0000000000000000
0.0000000000000000
0.0000000000000000
0.0000000000000000
0.0000000000000000
0.0000000000000000
0.0000000000000000
0.0000000000000000
0.0251410683413474
0.0640185201131344
0.0942442713096471
0.1129670568268307
0.1192277483682285
0.1130413791762795
0.0953371552003206
0.0679322549905768
0.0000000000000000
0.0000000000000000
0.0000000000000000
0.0000000000000000
0.0000000000000000
0.0000000000000000
0.0000000000000000
0.0000000000000000
0.0000000000000000
0.0000000000000000
0.0000000000000000
0.0000000000000000
0.0000000000000000
0.0000000000000000
0.0000000000000000
0.0000000000000000
0.0247687748631116
0.0638298905783486
0.0942171907117257
0.1130776524521080
0.1194576378618311
0.1133710630190089
0.0957436023229232
0.0683885116339694
0.0000000000000000
0.0000000000000000
0.0000000000000000
0.0000000000000000
0.0000000000000000
0.0000000000000000
0.0000000000000000
0.0000000000000000
0.0000000000000000
0.0000000000000000
0.0000000000000000
0.0000000000000000
0.0000000000000000
0.0000000000000000
0.0000000000000000
0.0000000000000000
0.0243908972311975
0.0636479839280562
0.0942028749752673
0.1132035327608821
0.1197034726478297
0.1137162275684772
0.0961643585649530
0.0688575106930363
0.0000000000000000
0.0000000000000000
0.0000000000000000
0.0000000000000000
0.0000000000000000
0.0000000000000000
0.0000000000000000
0.0000000000000000
0.0000000000000000
0.0000000000000000
0.0000000000000000
0.0000000000000000
0.0000000000000000
0.0000000000000000
0.0000000000000000
0.0000000000000000
0.0240069724721068
0.0634725881181537
0.0942011744824593
0.1133445102630364
0.1199650027635845
0.1140765625750909
0.0965990677656801
0.0693388710170252
0.0000000000000000
0.0000000000000000
0.0000000000000000
0.0000000000000000
0.0000000000000000
0.0000000000000000
0.0000000000000000
0.0000000000000000
0.0000000000000000
0.0000000000000000
0.0000000000000000
0.0000000000000000
0.0000000000000000
0.0000000000000000
0.0000000000000000
0.0000000000000000
0.0236165048940143
0.0633034673025264
0.0942119228802665
0.1135003831902894
0.1202419657968970
0.1144517473872488
0.0970473657169316
0.0698322059192477
0.0000000000000000
0.0000000000000000
0.0000000000000000
0.0000000000000000
0.0000000000000000
0.0000000000000000
0.0000000000000000
0.0000000000000000
0.0000000000000000
0.0000000000000000
0.0000000000000000
0.0000000000000000
0.0000000000000000
0.0000000000000000
0.0000000000000000
0.0000000000000000
0.0232189688634928
0.0631403628433009
0.0942349380843290
0.1136709363048960
0.1205340874822302
0.1148414513318901
0.0975088803327638
0.0703371231930428
0.0000000000000000
0.0000000000000000
0.0000000000000000
0.0000000000000000
0.0000000000000000
0.0000000000000000
0.0000000000000000
0.0000000000000000
0.0000000000000000
0.0000000000000000
0.0000000000000000
0.0000000000000000
0.0000000000000000
0.0000000000000000
0.0000000000000000
0.0000000000000000
0.0228138113332262
0.0629829937028781
0.0942700227738641
0.1138559413796502
0.1208410821387055
0.1152453341140176
0.0979832320205751
0.0708532254206367
0.0000000000000000
0.0000000000000000
0.0000000000000000
0.0000000000000000
0.0000000000000000
0.0000000000000000
0.0000000000000000
0.0000000000000000
0.0000000000000000
0.0000000000000000
0.0000000000000000
0.0000000000000000
0.0000000000000000
0.0000000000000000
0.0000000000000000
0.0000000000000000
0.0224004543889359
0.0628310563495463
0.0943169644709927
0.1140551573332581
0.1211626528798111
0.1156630461014528
0.0984700340211149
0.0713801103819665
0.0000000000000000
0.0000000000000000
0.0000000000000000
0.0000000000000000
0.0000000000000000
0.0000000000000000
0.0000000000000000
0.0000000000000000
0.0000000000000000
0.0000000000000000
0.0000000000000000
0.0000000000000000
0.0000000000000000
0.0000000000000000
0.0000000000000000
0.0000000000000000
0.0219782982315521
0.0626842244483213
0.0943755353403007
0.1142683301090550
0.1214984915814476
0.1160942283938251
0.0989688925824079
0.0719173712856617
0.0000000000000000
0.0000000000000000
0.0000000000000000
0.0000000000000000
0.0000000000000000
0.0000000000000000
0.0000000000000000
0.0000000000000000
0.0000000000000000
0.0000000000000000
0.0000000000000000
0.0000000000000000
0.0000000000000000
0.0000000000000000
0.0000000000000000
0.0000000000000000
0.0215467249617356
0.0625421486261137
0.0944454919779045
0.1144951924335229
0.1218482786580047
0.1165385126363016
0.0994794068020678
0.0724645966540242
0.0000000000000000
0.0000000000000000
0.0000000000000000
0.0000000000000000
0.0000000000000000
0.0000000000000000
0.0000000000000000
0.0000000000000000
0.0000000000000000
0.0000000000000000
0.0000000000000000
0.0000000000000000
0.0000000000000000
0.0000000000000000
0.0000000000000000
0.0000000000000000
0.0211051036841259
0.0624044566826552
0.0945265754288266
0.1147354636467456
0.1222116827320021
0.1169955205526343
0.1000011680550423
0.0730213696496574
0.0000000000000000
0.0000000000000000
0.0000000000000000
0.0000000000000000
0.0000000000000000
0.0000000000000000
0.0000000000000000
0.0000000000000000
0.0000000000000000
0.0000000000000000
0.0000000000000000
0.0000000000000000
0.0000000000000000
0.0000000000000000
0.0000000000000000
0.0000000000000000
0.0206527972235405
0.0622707544828502
0.0946185116656635
0.1149888497284272
0.1225883602640316
0.1174648632225733
0.1005337589533262
0.0735872667913485
0.0000000000000000
0.0000000000000000
0.0000000000000000
0.0000000000000000
0.0000000000000000
0.0000000000000000
0.0000000000000000
0.0000000000000000
0.0000000000000000
0.0000000000000000
0.0000000000000000
0.0000000000000000
0.0000000000000000
0.0000000000000000
0.0000000000000000
0.0000000000000000
0.0201891706537531
0.0621406275566010
0.0947210124656234
0.1152550434930656
0.1229779551132873
0.1179461400695493
0.1010767518507449
0.0741618560693567
0.0000000000000000
0.0000000000000000
0.0000000000000000
0.0000000000000000
0.0000000000000000
0.0000000000000000
0.0000000000000000
0.0000000000000000
0.0000000000000000
0.0000000000000000
0.0000000000000000
0.0000000000000000
0.0000000000000000
0.0000000000000000
0.0000000000000000
0.0000000000000000
0.0197136015867332
0.0620136431501681
0.0948337764771713
0.1155337247408195
0.1233800978899866
0.1184389375103593
0.1016297068922417
0.0747446945536368
0.0000000000000000
0.0000000000000000
0.0000000000000000
0.0000000000000000
0.0000000000000000
0.0000000000000000
0.0000000000000000
0.0000000000000000
0.0000000000000000
0.0000000000000000
0.0000000000000000
0.0000000000000000
0.0000000000000000
0.0000000000000000
0.0000000000000000
0.0000000000000000
0.0192254921890271
0.0618893525071758
0.0949564901976739
0.1158245601880246
0.1237944049926740
0.1189428272402373
0.1021921697000230
0.0753353256256545
0.0000000000000000
0.0000000000000000
0.0000000000000000
0.0000000000000000
0.0000000000000000
0.0000000000000000
0.0000000000000000
0.0000000000000000
0.0000000000000000
0.0000000000000000
0.0000000000000000
0.0000000000000000
0.0000000000000000
0.0000000000000000
0.0000000000000000
0.0000000000000000
0.0187242828175506
0.0617672932039569
0.0950888288559536
0.1161272032435868
0.1242204775195116
0.1194573644376556
0.1027636690186193
0.0759332762483132
0.0000000000000000
0.0000000000000000
0.0000000000000000
0.0000000000000000
0.0000000000000000
0.0000000000000000
0.0000000000000000
0.0000000000000000
0.0000000000000000
0.0000000000000000
0.0000000000000000
0.0000000000000000
0.0000000000000000
0.0000000000000000
0.0000000000000000
0.0000000000000000
0.0182094669422887
0.0616469915676009
0.0952304574551380
0.1164412941247841
0.1246579006724590
0.1199820866107299
0.1033437151317572
0.0765380550609866
0.0000000000000000
0.0000000000000000
0.0000000000000000
0.0000000000000000
0.0000000000000000
0.0000000000000000
0.0000000000000000
0.0000000000000000
0.0000000000000000
0.0000000000000000
0.0000000000000000
0.0000000000000000
0.0000000000000000
0.0000000000000000
0.0000000000000000
0.0000000000000000
0.0176806064676607
0.0615279649359157
0.0953810322608055
0.1167664608785787
0.1251062444710818
0.1205165140675543
0.1039318001251189
0.0771491524848054
0.0000000000000000
0.0000000000000000
0.0000000000000000
0.0000000000000000
0.0000000000000000
0.0000000000000000
0.0000000000000000
0.0000000000000000
0.0000000000000000
0.0000000000000000
0.0000000000000000
0.0000000000000000
0.0000000000000000
0.0000000000000000
0.0000000000000000
0.0000000000000000
0.0171373463242186
0.0614097231190703
0.0955402025541371
0.1171023214899749
0.1255650661867345
0.1210601526153271
0.1045274007658509
0.0777660436530564
0.0000000000000000
0.0000000000000000
0.0000000000000000
0.0000000000000000
0.0000000000000000
0.0000000000000000
0.0000000000000000
0.0000000000000000
0.0000000000000000
0.0000000000000000
0.0000000000000000
0.0000000000000000
0.0000000000000000
0.0000000000000000
0.0000000000000000
0.0000000000000000
0.0165794274735843
0.0612917681954251
0.0957076119160374
0.1174484864196105
0.1260339139774912
0.1216124981047674
0.1051299837209723
0.0783881940623115
0.0000000000000000
0.0000000000000000
0.0000000000000000
0.0000000000000000
0.0000000000000000
0.0000000000000000
0.0000000000000000
0.0000000000000000
0.0000000000000000
0.0000000000000000
0.0000000000000000
0.0000000000000000
0.0000000000000000
0.0000000000000000
0.0000000000000000
0.0000000000000000
0.0160066987929198
0.0611735919565430
0.0958828979647002
0.1178045603058536
0.1265123303186484
0.1221730413458703
0.1057390116725016
0.0790150664950299
0.0000000000000000
0.0000000000000000
0.0000000000000000
0.0000000000000000
0.0000000000000000
0.0000000000000000
0.0000000000000000
0.0000000000000000
0.0000000000000000
0.0000000000000000
0.0000000000000000
0.0000000000000000
0.0000000000000000
0.0000000000000000
0.0000000000000000
0.0000000000000000
0.0154191295241393
0.0610546712741117
0.0960656899767447
0.1181701416883742
0.1269998537165020
0.1227412716290274
0.1063539483469097
0.0796461271991499
0.0000000000000000
0.0000000000000000
0.0000000000000000
0.0000000000000000
0.0000000000000000
0.0000000000000000
0.0000000000000000
0.0000000000000000
0.0000000000000000
0.0000000000000000
0.0000000000000000
0.0000000000000000
0.0000000000000000
0.0000000000000000
0.0000000000000000
0.0000000000000000
0.0148168246403723
0.0609344624633849
0.0962556047458445
0.1185448205918622
0.1274960180905123
0.1233166778486391
0.1069742612087812
0.0802808498136296
0.0000000000000000
0.0000000000000000
0.0000000000000000
0.0000000000000000
0.0000000000000000
0.0000000000000000
0.0000000000000000
0.0000000000000000
0.0000000000000000
0.0000000000000000
0.0000000000000000
0.0000000000000000
0.0000000000000000
0.0000000000000000
0.0000000000000000
0.0000000000000000
0.0142000446656043
0.0608123962259149
0.0964522419805727
0.1189281750022070
0.1280003505782698
0.1238987476943521
0.1075994219388395
0.0809187169492565
0.0000000000000000
0.0000000000000000
0.0000000000000000
0.0000000000000000
0.0000000000000000
0.0000000000000000
0.0000000000000000
0.0000000000000000
0.0000000000000000
0.0000000000000000
0.0000000000000000
0.0000000000000000
0.0000000000000000
0.0000000000000000
0.0000000000000000
0.0000000000000000
0.0135692300320332
0.0606878743017612
0.0966551808262343
0.1193197679210006
0.1285123693965545
0.1244869664065031
0.1082289060590074
0.0815592205359173
0.0000000000000000
0.0000000000000000
0.0000000000000000
0.0000000000000000
0.0000000000000000
0.0000000000000000
0.0000000000000000
0.0000000000000000
0.0000000000000000
0.0000000000000000
0.0000000000000000
0.0000000000000000
0.0000000000000000
0.0000000000000000
0.0000000000000000
0.0000000000000000
0.0129250288067494
0.0605602681748262
0.0968639784479676
0.1197191462731710
0.1290315831851494
0.1250808165646204
0.1088621931059083
0.0822018623079336
0.0000000000000000
0.0000000000000000
0.0000000000000000
0.0000000000000000
0.0000000000000000
0.0000000000000000
0.0000000000000000
0.0000000000000000
0.0000000000000000
0.0000000000000000
0.0000000000000000
0.0000000000000000
0.0000000000000000
0.0000000000000000
0.0000000000000000
0.0000000000000000
0.0122683264771958
0.0604289194039881
0.0970781707133827
0.1201258418811439
0.1295574921788082
0.1256797793495656
0.1094987678847967
0.0828461549457869
0.0000000000000000
0.0000000000000000
0.0000000000000000
0.0000000000000000
0.0000000000000000
0.0000000000000000
0.0000000000000000
0.0000000000000000
0.0000000000000000
0.0000000000000000
0.0000000000000000
0.0000000000000000
0.0000000000000000
0.0000000000000000
0.0000000000000000
0.0000000000000000
0.0116002770486974
0.0602931409536401
0.0972972741755586
0.1205393737324862
0.1300895904686709
0.1262833366172587
0.1101381222271596
0.0834916234651638
0.0000000000000000
0.0000000000000000
0.0000000000000000
0.0000000000000000
0.0000000000000000
0.0000000000000000
0.0000000000000000
0.0000000000000000
0.0000000000000000
0.0000000000000000
0.0000000000000000
0.0000000000000000
0.0000000000000000
0.0000000000000000
0.0000000000000000
0.0000000000000000
0.0109223353371189
0.0601522190260807
0.0975207884933821
0.1209592504604712
0.1306273682463041
0.1268909727174757
0.1107797562947025
0.0841378059634993
0.0000000000000000
0.0000000000000000
0.0000000000000000
0.0000000000000000
0.0000000000000000
0.0000000000000000
0.0000000000000000
0.0000000000000000
0.0000000000000000
0.0000000000000000
0.0000000000000000
0.0000000000000000
0.0000000000000000
0.0000000000000000
0.0000000000000000
0.0000000000000000
0.0102362899689957
0.0600054152528565
0.0977481987139282
0.1213849723857360
0.1311703133579930
0.1275021754494922
0.1114231788899020
0.0847842533432293
0.0000000000000000
0.0000000000000000
0.0000000000000000
0.0000000000000000
0.0000000000000000
0.0000000000000000
0.0000000000000000
0.0000000000000000
0.0000000000000000
0.0000000000000000
0.0000000000000000
0.0000000000000000
