0.0000000000000000
0.0000000000000000
0.0000000000000000
0.0000000000000000
0.0878716226466432
0.1438490068443490
0.1552807086309443
0.0713475214400630
0.0000000000000000
0.0000000000000000
0.0000000000000000
0.0370450932111585
0.0352070836146743
0.0317081855276631
0.0267567000104706
0.0206231326239459
0.0135620008672393
0.0056146133246070
0.0000000000000000
0.0000000000000000
0.0000000000000000
0.0000000000000000
0.0000000000000000
0.0000000000000000
0.0000000000000000
0.0000000000000000
0.0000000000000000
0.0000000000000000
0.0866899537737768
0.1434579756804609
0.1552198263916431
0.0714002229342865
0.0000000000000000
0.0000000000000000
0.0000000000000000
0.0370366739894223
0.0352109023599508
0.0317217875180076
0.0267770397885959
0.0206468504927745
0.0135858381042340
0.0056355467035625
0.0000000000000000
0.0000000000000000
0.0000000000000000
0.0000000000000000
0.0000000000000000
0.0000000000000000
0.0000000000000000
0.0000000000000000
0.0000000000000000
0.0000000000000000
0.0854583895925524
0.1430467366113979
0.1551468219367927
0.0714475691945665
0.0000000000000000
0.0000000000000000
0.0000000000000000
0.0370261157349484
0.0352123504828574
0.0317327307748615
0.0267943857446590
0.0206671874865092
0.0136057926046965
0.0056517781173396
0.0000000000000000
0.0000000000000000
0.0000000000000000
0.0000000000000000
0.0000000000000000
0.0000000000000000
0.0000000000000000
0.0000000000000000
0.0000000000000000
0.0000000000000000
0.0841764716874135
0.1426150769890288
0.1550615167274656
0.0714894469498243
0.0000000000000000
0.0000000000000000
0.0000000000000000
0.0370134033210084
0.0352114029232272
0.0317409829360580
0.0268087013202947
0.0206841062426438
0.0136218297344861
0.0056632766657995
0.0000000000000000
0.0000000000000000
0.0000000000000000
0.0000000000000000
0.0000000000000000
0.0000000000000000
0.0000000000000000
0.0000000000000000
0.0000000000000000
0.0000000000000000
0.0828437473063646
0.1421627745294872
0.1549637301644797
0.0715257437082997
0.0000000000000000
0.0000000000000000
0.0000000000000000
0.0369985212422684
0.0352080346154224
0.0317465120569851
0.0268199508139694
0.0206975706530565
0.0136339163288636
0.0056700131574102
0.0000000000000000
0.0000000000000000
0.0000000000000000
0.0000000000000000
0.0000000000000000
0.0000000000000000
0.0000000000000000
0.0000000000000000
0.0000000000000000
0.0000000000000000
0.0814597794100410
0.1416895984710573
0.1548532795760902
0.0715563473834293
0.0000000000000000
0.0000000000000000
0.0000000000000000
0.0369814535725122
0.0352022203883130
0.0317492864552131
0.0268280991736109
0.0207075456159484
0.0136420203989536
0.0056719597411712
0.0000000000000000
0.0000000000000000
0.0000000000000000
0.0000000000000000
0.0000000000000000
0.0000000000000000
0.0000000000000000
0.0000000000000000
0.0000000000000000
0.0000000000000000
0.0800241562464198
0.1411953103156900
0.1547299803133109
0.0715811461484358
0.0000000000000000
0.0000000000000000
0.0000000000000000
0.0369621839505651
0.0351939349240159
0.0317492746432708
0.0268331119077818
0.0207139969209077
0.0136461109923938
0.0056690897155511
0.0000000000000000
0.0000000000000000
0.0000000000000000
0.0000000000000000
0.0000000000000000
0.0000000000000000
0.0000000000000000
0.0000000000000000
0.0000000000000000
0.0000000000000000
0.0785365008701318
0.1406796642464075
0.1545936459475348
0.0716000284742159
0.0000000000000000
0.0000000000000000
0.0000000000000000
0.0369406955940600
0.0351831527724637
0.0317464453427657
0.0268349550943475
0.0207168912549163
0.0136461581847306
0.0056613775061454
0.0000000000000000
0.0000000000000000
0.0000000000000000
0.0000000000000000
0.0000000000000000
0.0000000000000000
0.0000000000000000
0.0000000000000000
0.0000000000000000
0.0000000000000000
0.0769964812652976
0.1401424073863262
0.1544440885746116
0.0716128833154445
0.0000000000000000
0.0000000000000000
0.0000000000000000
0.0369169713415729
0.0351698484097942
0.0317407675555979
0.0268335954646043
0.0207161962895261
0.0136421331713439
0.0056487987619531
0.0000000000000000
0.0000000000000000
0.0000000000000000
0.0000000000000000
0.0000000000000000
0.0000000000000000
0.0000000000000000
0.0000000000000000
0.0000000000000000
0.0000000000000000
0.0754038220371981
0.1395832801494943
0.1542811192233989
0.0716196003654861
0.0000000000000000
0.0000000000000000
0.0000000000000000
0.0368909937165584
0.0351539963238889
0.0317322106691243
0.0268290005206135
0.0207118808111948
0.0136340083964873
0.0056313305149844
0.0000000000000000
0.0000000000000000
0.0000000000000000
0.0000000000000000
0.0000000000000000
0.0000000000000000
0.0000000000000000
0.0000000000000000
0.0000000000000000
0.0000000000000000
0.0737583184683730
0.1390020169059202
0.1541045483551929
0.0716200703036355
0.0000000000000000
0.0000000000000000
0.0000000000000000
0.0368627450047954
0.0351355711011034
0.0317207445498820
0.0268211386366824
0.0207039148224615
0.0136217576593567
0.0056089513169502
0.0000000000000000
0.0000000000000000
0.0000000000000000
0.0000000000000000
0.0000000000000000
0.0000000000000000
0.0000000000000000
0.0000000000000000
0.0000000000000000
0.0000000000000000
0.0720598540859208
0.1383983472380634
0.1539141864430916
0.0716141849420797
0.0000000000000000
0.0000000000000000
0.0000000000000000
0.0368322073336105
0.0351145474915872
0.0317063395941578
0.0268099790931163
0.0206922695654890
0.0136053561190028
0.0055816412813661
0.0000000000000000
0.0000000000000000
0.0000000000000000
0.0000000000000000
0.0000000000000000
0.0000000000000000
0.0000000000000000
0.0000000000000000
0.0000000000000000
0.0000000000000000
0.0703084223925679
0.1377719979827338
0.1537098446398825
0.0716018372291701
0.0000000000000000
0.0000000000000000
0.0000000000000000
0.0183996811885692
0.0350909004393100
0.0316889667145812
0.0267954920269702
0.0206769174381393
0.0135847801852489
0.0055493820025039
0.0000000000000000
0.0000000000000000
0.0000000000000000
0.0000000000000000
0.0000000000000000
0.0000000000000000
0.0000000000000000
0.0000000000000000
0.0000000000000000
0.0000000000000000
0.0685041533152094
0.1371226961764115
0.1534913355920244
0.0715829211350028
0.0000000000000000
0.0000000000000000
0.0000000000000000
0.0183820964619600
0.0350646050954794
0.0316685972873423
0.0267776483213410
0.0206578318427427
0.0135600073290092
0.0055121564121559
0.0000000000000000
0.0000000000000000
0.0000000000000000
0.0000000000000000
0.0000000000000000
0.0000000000000000
0.0000000000000000
0.0000000000000000
0.0000000000000000
0.0000000000000000
0.0666473444142095
0.1364501728962680
0.1532584745072975
0.0715573315297596
0.0000000000000000
0.0000000000000000
0.0000000000000000
0.0183633403856087
0.0350356368464643
0.0316452031066757
0.0267564195026457
0.0206349870370184
0.0135310159024466
0.0054699486654913
0.0000000000000000
0.0000000000000000
0.0000000000000000
0.0000000000000000
0.0000000000000000
0.0000000000000000
0.0000000000000000
0.0000000000000000
0.0000000000000000
0.0000000000000000
0.0647384968363127
0.1357541679966645
0.1530110805716153
0.0715249641495075
0.0000000000000000
0.0000000000000000
0.0000000000000000
0.0183434041789744
0.0350039713888464
0.0316187563878377
0.0267317776857930
0.0206083580449725
0.0134977850252210
0.0054227441371636
0.0000000000000000
0.0000000000000000
0.0000000000000000
0.0000000000000000
0.0000000000000000
0.0000000000000000
0.0000000000000000
0.0000000000000000
0.0000000000000000
0.0000000000000000
0.0627783553144897
0.1350344354307629
0.1527489786673930
0.0714857156957967
0.0000000000000000
0.0000000000000000
0.0000000000000000
0.0183222792931133
0.0349695848399012
0.0315892298117492
0.0267036955697447
0.0205779206150009
0.0134602945222664
0.0053705294845459
0.0000000000000000
0.0000000000000000
0.0000000000000000
0.0000000000000000
0.0000000000000000
0.0000000000000000
0.0000000000000000
0.0000000000000000
0.0000000000000000
0.0000000000000000
0.0607679502253186
0.1342907484324290
0.1524720010897935
0.0000000000000000
0.0000000000000000
0.0000000000000000
0.0000000000000000
0.0182999574917949
0.0349324538338761
0.0315565965614558
0.0266721464231440
0.0205436511679985
0.0134185248300953
0.0053132926860297
0.0000000000000000
0.0000000000000000
0.0000000000000000
0.0000000000000000
0.0000000000000000
0.0000000000000000
0.0000000000000000
0.0000000000000000
0.0000000000000000
0.0000000000000000
0.0587086378789552
0.1335229031481125
0.1521799887500874
0.0000000000000000
0.0000000000000000
0.0000000000000000
0.0000000000000000
0.0182764308819978
0.0348925555436666
0.0315208303037132
0.0266371040236121
0.0205055266866003
0.0133724568287504
0.0052510229799932
0.0000000000000000
0.0000000000000000
0.0000000000000000
0.0000000000000000
0.0000000000000000
0.0000000000000000
0.0000000000000000
0.0000000000000000
0.0000000000000000
0.0000000000000000
0.0566021350336406
0.1327307191907663
0.1518727914115539
0.0000000000000000
0.0000000000000000
0.0000000000000000
0.0000000000000000
0.0000000000000000
0.0348498676207092
0.0314819051334792
0.0265985425899112
0.0204635246162191
0.0133220716670053
0.0051837108092920
0.0000000000000000
0.0000000000000000
0.0000000000000000
0.0000000000000000
0.0000000000000000
0.0000000000000000
0.0000000000000000
0.0000000000000000
0.0000000000000000
0.0000000000000000
0.0544505455799536
0.1319140364439825
0.1515502669150258
0.0000000000000000
0.0000000000000000
0.0000000000000000
0.0000000000000000
0.0000000000000000
0.0348043681277092
0.0314397955897384
0.0265564368474334
0.0204176229379211
0.0132673507999266
0.0051113480368551
0.0000000000000000
0.0000000000000000
0.0000000000000000
0.0000000000000000
0.0000000000000000
0.0000000000000000
0.0000000000000000
0.0000000000000000
0.0000000000000000
0.0000000000000000
0.0522563820572216
0.1310727089100540
0.1512122799074993
0.0000000000000000
0.0000000000000000
0.0000000000000000
0.0000000000000000
0.0000000000000000
0.0347560355967387
0.0313944768828758
0.0265107623856318
0.0203678006087174
0.0132082764507822
0.0050339287332313
0.0000000000000000
0.0000000000000000
0.0000000000000000
0.0000000000000000
0.0000000000000000
0.0000000000000000
0.0000000000000000
0.0000000000000000
0.0000000000000000
0.0000000000000000
0.0500225881091113
0.1302065978740276
0.1508587009102480
0.0000000000000000
0.0000000000000000
0.0000000000000000
0.0000000000000000
0.0000000000000000
0.0347048493098875
0.0313459254138862
0.0264614963710166
0.0203140384210709
0.0131448325783915
0.0049514506406225
0.0000000000000000
0.0000000000000000
0.0000000000000000
0.0000000000000000
0.0000000000000000
0.0000000000000000
0.0000000000000000
0.0000000000000000
0.0000000000000000
0.0000000000000000
0.0477525686020600
0.1293155666620427
0.1504894063398129
0.0000000000000000
0.0000000000000000
0.0000000000000000
0.0000000000000000
0.0000000000000000
0.0346507897936513
0.0312941195143860
0.0264086185041573
0.0202563201370404
0.0130770061607533
0.0048639171164516
0.0000000000000000
0.0000000000000000
0.0000000000000000
0.0000000000000000
0.0000000000000000
0.0000000000000000
0.0000000000000000
0.0000000000000000
0.0000000000000000
0.0000000000000000
0.0454502301718534
0.1283994780946331
0.1501042794352712
0.0000000000000000
0.0000000000000000
0.0000000000000000
0.0000000000000000
0.0000000000000000
0.0345938393836110
0.0312390402148781
0.0263521119632706
0.0201946335843577
0.0130047884318652
0.0047713391039458
0.0000000000000000
0.0000000000000000
0.0000000000000000
0.0000000000000000
0.0000000000000000
0.0000000000000000
0.0000000000000000
0.0000000000000000
0.0000000000000000
0.0000000000000000
0.0431200299675091
0.1274581938798826
0.1497032114079006
0.0000000000000000
0.0000000000000000
0.0000000000000000
0.0000000000000000
0.0000000000000000
0.0345339826696009
0.0311806718037999
0.0262919640654274
0.0201289713980110
0.0129281756991067
0.0046737367010578
0.0000000000000000
0.0000000000000000
0.0000000000000000
0.0000000000000000
0.0000000000000000
0.0000000000000000
0.0000000000000000
0.0000000000000000
0.0000000000000000
0.0000000000000000
0.0407670273514341
0.1264915743110814
0.1492861019764810
0.0000000000000000
0.0000000000000000
0.0000000000000000
0.0000000000000000
0.0000000000000000
0.0344712066827216
0.0311190020446380
0.0262281664964906
0.0200593312543579
0.0128471695649027
0.0045711401114860
0.0000000000000000
0.0000000000000000
0.0000000000000000
0.0000000000000000
0.0000000000000000
0.0000000000000000
0.0000000000000000
0.0000000000000000
0.0000000000000000
0.0000000000000000
0.0383969343656323
0.1254994770877959
0.1488528589070301
0.0000000000000000
0.0000000000000000
0.0000000000000000
0.0000000000000000
0.0000000000000000
0.0344055008190538
0.0310540220613858
0.0261607151503092
0.0199857156467492
0.0127617766234216
0.0044635901059375
0.0000000000000000
0.0000000000000000
0.0000000000000000
0.0000000000000000
0.0000000000000000
0.0000000000000000
0.0000000000000000
0.0000000000000000
0.0000000000000000
0.0000000000000000
0.0360161636340371
0.1244817554463366
0.1484033968291634
0.0000000000000000
0.0000000000000000
0.0000000000000000
0.0000000000000000
0.0000000000000000
0.0343368566025241
0.0309857260281256
0.0260896097334530
0.0199081314031062
0.0126720078668083
0.0043511382982613
0.0000000000000000
0.0000000000000000
0.0000000000000000
0.0000000000000000
0.0000000000000000
0.0000000000000000
0.0000000000000000
0.0000000000000000
0.0000000000000000
0.0000000000000000
0.0336318743886203
0.1234382566661790
0.1479376359849768
0.0000000000000000
0.0000000000000000
0.0000000000000000
0.0000000000000000
0.0000000000000000
0.0342652674195941
0.0309141108123566
0.0260148533183764
0.0198265891423131
0.0125778780348599
0.0042338475551709
0.0000000000000000
0.0000000000000000
0.0000000000000000
0.0000000000000000
0.0000000000000000
0.0000000000000000
0.0000000000000000
0.0000000000000000
0.0000000000000000
0.0000000000000000
0.0312520156387191
0.1223688219664188
0.1474555014213031
0.0000000000000000
0.0000000000000000
0.0000000000000000
0.0000000000000000
0.0000000000000000
0.0341907283050033
0.0308391756641513
0.0259364519368677
0.0197411027835462
0.0124794050300072
0.0041117927128604
0.0000000000000000
0.0000000000000000
0.0000000000000000
0.0000000000000000
0.0000000000000000
0.0000000000000000
