0.0000000000000000
0.0000000000000000
0.0000000000000000
0.0000000000000000
0.0255083393013481
0.0642141807069584
0.0942843682394260
0.1128720404926298
0.1190141645307155
0.1127275965572341
0.0949454794370364
0.0674892198260457
0.0000000000000000
0.0000000000000000
0.0000000000000000
0.0000000000000000
0.0000000000000000
0.0000000000000000
0.0000000000000000
0.0000000000000000
0.0000000000000000
0.0000000000000000
0.0000000000000000
0.0000000000000000
0.0000000000000000
0.0000000000000000
0.0000000000000000
0.0000000000000000
0.0251412033799340
0.0640186417828152
0.0942443912514222
0.1129671791479643
0.1192278717099375
0.1130414999267524
0.0953372690508980
0.0679323578487498
0.0000000000000000
0.0000000000000000
0.0000000000000000
0.0000000000000000
0.0000000000000000
0.0000000000000000
0.0000000000000000
0.0000000000000000
0.0000000000000000
0.0000000000000000
0.0000000000000000
0.0000000000000000
0.0000000000000000
0.0000000000000000
0.0000000000000000
0.0000000000000000
0.0247689103830347
0.0638300122777288
0.0942173104737181
0.1130777745508031
0.1194577609934935
0.1133711835892025
0.0957437160254913
0.0683886143723619
0.0000000000000000
0.0000000000000000
0.0000000000000000
0.0000000000000000
0.0000000000000000
0.0000000000000000
0.0000000000000000
0.0000000000000000
0.0000000000000000
0.0000000000000000
0.0000000000000000
0.0000000000000000
0.0000000000000000
0.0000000000000000
0.0000000000000000
0.0000000000000000
0.0243910332668672
0.0636481056580626
0.0942029945431166
0.1132036546185897
0.1197035955495751
0.1137163479379610
0.0961644720987402
0.0688576132906956
0.0000000000000000
0.0000000000000000
0.0000000000000000
0.0000000000000000
0.0000000000000000
0.0000000000000000
0.0000000000000000
0.0000000000000000
0.0000000000000000
0.0000000000000000
0.0000000000000000
0.0000000000000000
0.0000000000000000
0.0000000000000000
0.0000000000000000
0.0000000000000000
0.0240071090577926
0.0634727098801726
0.0942012938418582
0.1133446318611864
0.1199651254154966
0.1140766827233683
0.0965991811098298
0.0693389734528976
0.0000000000000000
0.0000000000000000
0.0000000000000000
0.0000000000000000
0.0000000000000000
0.0000000000000000
0.0000000000000000
0.0000000000000000
0.0000000000000000
0.0000000000000000
0.0000000000000000
0.0000000000000000
0.0000000000000000
0.0000000000000000
0.0000000000000000
0.0000000000000000
0.0236166420635781
0.0633035890983993
0.0942120420169478
0.1135005045102819
0.1202420881790080
0.1144518672937545
0.0970474788505014
0.0698323081721792
0.0000000000000000
0.0000000000000000
0.0000000000000000
0.0000000000000000
0.0000000000000000
0.0000000000000000
0.0000000000000000
0.0000000000000000
0.0000000000000000
0.0000000000000000
0.0000000000000000
0.0000000000000000
0.0000000000000000
0.0000000000000000
0.0000000000000000
0.0000000000000000
0.0232191066500699
0.0631404846753186
0.0942350569840547
0.1136710573280926
0.1205342095745156
0.1148415709759867
0.0975089932347246
0.0703372252417805
0.0000000000000000
0.0000000000000000
0.0000000000000000
0.0000000000000000
0.0000000000000000
0.0000000000000000
0.0000000000000000
0.0000000000000000
0.0000000000000000
0.0000000000000000
0.0000000000000000
0.0000000000000000
0.0000000000000000
0.0000000000000000
0.0000000000000000
0.0000000000000000
0.0228139497688506
0.0629831155737741
0.0942701414224106
0.1138560620873654
0.1208412039210789
0.1152454534749935
0.0979833446698103
0.0708533272438291
0.0000000000000000
0.0000000000000000
0.0000000000000000
0.0000000000000000
0.0000000000000000
0.0000000000000000
0.0000000000000000
0.0000000000000000
0.0000000000000000
0.0000000000000000
0.0000000000000000
0.0000000000000000
0.0000000000000000
0.0000000000000000
0.0000000000000000
0.0000000000000000
0.0224005935040980
0.0628311782624873
0.0943170828541387
0.1140552777067505
0.1211627743321188
0.1156631651585188
0.0984701463964192
0.0713802119581649
0.0000000000000000
0.0000000000000000
0.0000000000000000
0.0000000000000000
0.0000000000000000
0.0000000000000000
0.0000000000000000
0.0000000000000000
0.0000000000000000
0.0000000000000000
0.0000000000000000
0.0000000000000000
0.0000000000000000
0.0000000000000000
0.0000000000000000
0.0000000000000000
0.0219784380546835
0.0626843464068977
0.0943756534438121
0.1142684501295180
0.1214986126834640
0.1160943471261125
0.0989690046624877
0.0719174725933215
0.0000000000000000
0.0000000000000000
0.0000000000000000
0.0000000000000000
0.0000000000000000
0.0000000000000000
0.0000000000000000
0.0000000000000000
0.0000000000000000
0.0000000000000000
0.0000000000000000
0.0000000000000000
0.0000000000000000
0.0000000000000000
0.0000000000000000
0.0000000000000000
0.0215468655186063
0.0625422706343292
0.0944456097875212
0.1144953120820767
0.1218483993894275
0.1165386310228604
0.0994795185655412
0.0724646976715075
0.0000000000000000
0.0000000000000000
0.0000000000000000
0.0000000000000000
0.0000000000000000
0.0000000000000000
0.0000000000000000
0.0000000000000000
0.0000000000000000
0.0000000000000000
0.0000000000000000
0.0000000000000000
0.0000000000000000
0.0000000000000000
0.0000000000000000
0.0000000000000000
0.0211052449971448
0.0624045787449121
0.0945266929302484
0.1147355829044297
0.1222118030724490
0.1169956385724325
0.1000012794804408
0.0730214703552359
0.0000000000000000
0.0000000000000000
0.0000000000000000
0.0000000000000000
0.0000000000000000
0.0000000000000000
0.0000000000000000
0.0000000000000000
0.0000000000000000
0.0000000000000000
0.0000000000000000
0.0000000000000000
0.0000000000000000
0.0000000000000000
0.0000000000000000
0.0000000000000000
0.0206529393109473
0.0622708766039365
0.0946186288445360
0.1149889685761928
0.1225884801930375
0.1174649808544968
0.1005338700190959
0.0735873671632072
0.0000000000000000
0.0000000000000000
0.0000000000000000
0.0000000000000000
0.0000000000000000
0.0000000000000000
0.0000000000000000
0.0000000000000000
0.0000000000000000
0.0000000000000000
0.0000000000000000
0.0000000000000000
0.0000000000000000
0.0000000000000000
0.0000000000000000
0.0000000000000000
0.0201893135286839
0.0621407497416711
0.0947211293075252
0.1152551619117698
0.1229780746103025
0.1179462572924024
0.1010768625352502
0.0741619560855983
0.0000000000000000
0.0000000000000000
0.0000000000000000
0.0000000000000000
0.0000000000000000
0.0000000000000000
0.0000000000000000
0.0000000000000000
0.0000000000000000
0.0000000000000000
0.0000000000000000
0.0000000000000000
0.0000000000000000
0.0000000000000000
0.0000000000000000
0.0000000000000000
0.0197137452561508
0.0620137654047227
0.0948338929675996
0.1155338427112202
0.1233802169343764
0.1184390543028674
0.1016298171737674
0.0747447941922861
0.0000000000000000
0.0000000000000000
0.0000000000000000
0.0000000000000000
0.0000000000000000
0.0000000000000000
0.0000000000000000
0.0000000000000000
0.0000000000000000
0.0000000000000000
0.0000000000000000
0.0000000000000000
0.0000000000000000
0.0000000000000000
0.0000000000000000
0.0000000000000000
0.0192256366524974
0.0618894748370390
0.0949566063220327
0.1158246776907776
0.1237945235637205
0.1189429435810499
0.1021922795567807
0.0753354248646648
0.0000000000000000
0.0000000000000000
0.0000000000000000
0.0000000000000000
0.0000000000000000
0.0000000000000000
0.0000000000000000
0.0000000000000000
0.0000000000000000
0.0000000000000000
0.0000000000000000
0.0000000000000000
0.0000000000000000
0.0000000000000000
0.0000000000000000
0.0000000000000000
0.0187244280658515
0.0617674156152453
0.0950889445995416
0.1161273202592444
0.1242205955964164
0.1194574803053524
0.1027637784287536
0.0759333750655739
0.0000000000000000
0.0000000000000000
0.0000000000000000
0.0000000000000000
0.0000000000000000
0.0000000000000000
0.0000000000000000
0.0000000000000000
0.0000000000000000
0.0000000000000000
0.0000000000000000
0.0000000000000000
0.0000000000000000
0.0000000000000000
0.0000000000000000
0.0000000000000000
0.0182096129558389
0.0616471140666934
0.0952305728031381
0.1164414106337957
0.1246580182343493
0.1199822019838277
0.1033438240733538
0.0765381534343324
0.0000000000000000
0.0000000000000000
0.0000000000000000
0.0000000000000000
0.0000000000000000
0.0000000000000000
0.0000000000000000
0.0000000000000000
0.0000000000000000
0.0000000000000000
0.0000000000000000
0.0000000000000000
0.0000000000000000
0.0000000000000000
0.0000000000000000
0.0000000000000000
0.0176807532147572
0.0615280875294146
0.0953811471982716
0.1167665768612913
0.1251063614970160
0.1205166289245149
0.1039319085762133
0.0771492503920246
0.0000000000000000
0.0000000000000000
0.0000000000000000
0.0000000000000000
0.0000000000000000
0.0000000000000000
0.0000000000000000
0.0000000000000000
0.0000000000000000
0.0000000000000000
0.0000000000000000
0.0000000000000000
0.0000000000000000
0.0000000000000000
0.0000000000000000
0.0000000000000000
0.0171374937590785
0.0614098458137594
0.0955403170659818
0.1171024369266331
0.1255651826557062
0.1210602669345636
0.1045275087044353
0.0777661410718992
0.0000000000000000
0.0000000000000000
0.0000000000000000
0.0000000000000000
0.0000000000000000
0.0000000000000000
0.0000000000000000
0.0000000000000000
0.0000000000000000
0.0000000000000000
0.0000000000000000
0.0000000000000000
0.0000000000000000
0.0000000000000000
0.0000000000000000
0.0000000000000000
0.0165795755341782
0.0612918909982231
0.0957077259870148
0.1174486012903520
0.1260340298684313
0.1216126118646477
0.1051300911249997
0.0783882909704944
0.0000000000000000
0.0000000000000000
0.0000000000000000
0.0000000000000000
0.0000000000000000
0.0000000000000000
0.0000000000000000
0.0000000000000000
0.0000000000000000
0.0000000000000000
0.0000000000000000
0.0000000000000000
0.0000000000000000
0.0000000000000000
0.0000000000000000
0.0000000000000000
0.0160068473985928
0.0611737148744563
0.0958830115793862
0.1178046745907033
0.1265124456104231
0.1221731545247176
0.1057391185198887
0.0790151628702399
0.0000000000000000
0.0000000000000000
0.0000000000000000
0.0000000000000000
0.0000000000000000
0.0000000000000000
0.0000000000000000
0.0000000000000000
0.0000000000000000
0.0000000000000000
0.0000000000000000
0.0000000000000000
0.0000000000000000
0.0000000000000000
0.0000000000000000
0.0000000000000000
0.0154192785730082
0.0610547943141842
0.0960658031195150
0.1181702553672338
0.1269999683879098
0.1227413842051211
0.1063540546155391
0.0796462230190484
0.0000000000000000
0.0000000000000000
0.0000000000000000
0.0000000000000000
0.0000000000000000
0.0000000000000000
0.0000000000000000
0.0000000000000000
0.0000000000000000
0.0000000000000000
0.0000000000000000
0.0000000000000000
0.0000000000000000
0.0000000000000000
0.0000000000000000
0.0000000000000000
0.0148169740064965
0.0609345856326475
0.0962557174008530
0.1185449336445024
0.1274961321202816
0.1233167898002155
0.1069743668765062
0.0802809450558594
0.0000000000000000
0.0000000000000000
0.0000000000000000
0.0000000000000000
0.0000000000000000
0.0000000000000000
0.0000000000000000
0.0000000000000000
0.0000000000000000
0.0000000000000000
0.0000000000000000
0.0000000000000000
0.0000000000000000
0.0000000000000000
0.0000000000000000
0.0000000000000000
0.0142001941959382
0.0608125195313361
0.0964523541317326
0.1189282874082613
0.1280004639450591
0.1238988589996096
0.1075995269834914
0.0809188115914533
0.0000000000000000
0.0000000000000000
0.0000000000000000
0.0000000000000000
0.0000000000000000
0.0000000000000000
0.0000000000000000
0.0000000000000000
0.0000000000000000
0.0000000000000000
0.0000000000000000
0.0000000000000000
0.0000000000000000
0.0000000000000000
0.0000000000000000
0.0000000000000000
0.0135693795431843
0.0606879977501947
0.0966552924572005
0.1193198796599613
0.1285124820789564
0.1244870770436105
0.1082290104584085
0.0815593145557240
0.0000000000000000
0.0000000000000000
0.0000000000000000
0.0000000000000000
0.0000000000000000
0.0000000000000000
0.0000000000000000
0.0000000000000000
0.0000000000000000
0.0000000000000000
0.0000000000000000
0.0000000000000000
0.0000000000000000
0.0000000000000000
0.0000000000000000
0.0000000000000000
0.0129251780815908
0.0605603917729585
0.0968640895421212
0.1197192573243878
0.1290316951616950
0.1250809265117259
0.1088622968378839
0.0822019556830163
0.0000000000000000
0.0000000000000000
0.0000000000000000
0.0000000000000000
0.0000000000000000
0.0000000000000000
0.0000000000000000
0.0000000000000000
0.0000000000000000
0.0000000000000000
0.0000000000000000
0.0000000000000000
0.0000000000000000
0.0000000000000000
0.0000000000000000
0.0000000000000000
0.0122684752614021
0.0604290431582836
0.0970782812538151
0.1201259522238213
0.1295576034279720
0.1256798885848059
0.1094988709271878
0.0828462476538503
0.0000000000000000
0.0000000000000000
0.0000000000000000
0.0000000000000000
0.0000000000000000
0.0000000000000000
0.0000000000000000
0.0000000000000000
0.0000000000000000
0.0000000000000000
0.0000000000000000
0.0000000000000000
0.0000000000000000
0.0000000000000000
0.0000000000000000
0.0000000000000000
0.0116004250473038
0.0602932648702844
0.0972973841450545
0.1205394833456802
0.1300897009688733
0.1262834451187657
0.1101382245578327
0.0834917154839633
0.0000000000000000
0.0000000000000000
0.0000000000000000
0.0000000000000000
0.0000000000000000
0.0000000000000000
0.0000000000000000
0.0000000000000000
0.0000000000000000
0.0000000000000000
0.0000000000000000
0.0000000000000000
0.0000000000000000
0.0000000000000000
0.0000000000000000
0.0000000000000000
0.0109224822112396
0.0601523431109212
0.0975208978744011
0.1209593593230836
0.1306274779759121
0.1268910804633810
0.1107798578915575
0.0841378972708512
0.0000000000000000
0.0000000000000000
0.0000000000000000
0.0000000000000000
0.0000000000000000
0.0000000000000000
0.0000000000000000
0.0000000000000000
0.0000000000000000
0.0000000000000000
0.0000000000000000
0.0000000000000000
0.0000000000000000
0.0000000000000000
0.0000000000000000
0.0000000000000000
0.0102364353328877
0.0600055395113391
0.0977483074885855
0.1213850804765076
0.1311704222953193
0.1275022824179305
0.1114232797308780
0.0847843439170196
0.0000000000000000
0.0000000000000000
0.0000000000000000
0.0000000000000000
0.0000000000000000
0.0000000000000000
0.0000000000000000
0.0000000000000000
0.0000000000000000
0.0000000000000000
0.0000000000000000
0.0000000000000000
