0.0000000000000000
0.0000000000000000
0.0000000000000000
0.0000000000000000
0.0878719362767103
0.1438491053762842
0.1552807004660309
0.1426949709969255
0.1149129819713557
0.0775481409479179
0.0000000000000000
0.0000000000000000
0.0000000000000000
0.0000000000000000
0.0000000000000000
0.0103115549135092
0.0135619744836158
0.0056145833708359
0.0000000000000000
0.0000000000000000
0.0000000000000000
0.0000000000000000
0.0000000000000000
0.0000000000000000
0.0000000000000000
0.0000000000000000
0.0000000000000000
0.0000000000000000
0.0866902713505940
0.1434580758766946
0.1552198190048617
0.1428003744062174
0.1151066950465634
0.0777788219038400
0.0000000000000000
0.0000000000000000
0.0000000000000000
0.0000000000000000
0.0000000000000000
0.0103234138507654
0.0135858117193117
0.0056355167335094
0.0000000000000000
0.0000000000000000
0.0000000000000000
0.0000000000000000
0.0000000000000000
0.0000000000000000
0.0000000000000000
0.0000000000000000
0.0000000000000000
0.0000000000000000
0.0854587112570176
0.1430468385250877
0.1551468153405341
0.1428950673480120
0.1152889901243240
0.0779966945169119
0.0000000000000000
0.0000000000000000
0.0000000000000000
0.0000000000000000
0.0000000000000000
0.0103335823497360
0.0136057662164099
0.0056517481281730
0.0000000000000000
0.0000000000000000
0.0000000000000000
0.0000000000000000
0.0000000000000000
0.0000000000000000
0.0000000000000000
0.0000000000000000
0.0000000000000000
0.0000000000000000
0.0841767975770482
0.1426151806739596
0.1550615109340012
0.1429788232800002
0.1154596059638695
0.0782014916285635
0.0000000000000000
0.0000000000000000
0.0000000000000000
0.0000000000000000
0.0000000000000000
0.0103420417291697
0.0136218033407835
0.0056632466546684
0.0000000000000000
0.0000000000000000
0.0000000000000000
0.0000000000000000
0.0000000000000000
0.0000000000000000
0.0000000000000000
0.0000000000000000
0.0000000000000000
0.0000000000000000
0.0828440775544918
0.1421628800401196
0.1549637251859765
0.1430514172185215
0.1156182861528421
0.0783929540649135
0.0000000000000000
0.0000000000000000
0.0000000000000000
0.0000000000000000
0.0000000000000000
0.0103487739350079
0.0136338899277073
0.0056699831214561
0.0000000000000000
0.0000000000000000
0.0000000000000000
0.0000000000000000
0.0000000000000000
0.0000000000000000
0.0000000000000000
0.0000000000000000
0.0000000000000000
0.0000000000000000
0.0814601141448140
0.1416897058625703
0.1548532754246231
0.1431126249903182
0.1157647778936835
0.0785708291003267
0.0000000000000000
0.0000000000000000
0.0000000000000000
0.0000000000000000
0.0000000000000000
0.0103537614163540
0.0136419939883198
0.0056719296775385
0.0000000000000000
0.0000000000000000
0.0000000000000000
0.0000000000000000
0.0000000000000000
0.0000000000000000
0.0000000000000000
0.0000000000000000
0.0000000000000000
0.0000000000000000
0.0800244955896836
0.1411954196440222
0.1547299770008725
0.1431622229417136
0.1158988314326587
0.0787348697348569
0.0000000000000000
0.0000000000000000
0.0000000000000000
0.0000000000000000
0.0000000000000000
0.0103569870680056
0.0136460845702722
0.0056690596213985
0.0000000000000000
0.0000000000000000
0.0000000000000000
0.0000000000000000
0.0000000000000000
0.0000000000000000
0.0000000000000000
0.0000000000000000
0.0000000000000000
0.0000000000000000
0.0785368449361015
0.1406797755682952
0.1545936434860460
0.1431999880143873
0.1160202000895590
0.0788848346560218
0.0000000000000000
0.0000000000000000
0.0000000000000000
0.0000000000000000
0.0000000000000000
0.0103584342334574
0.0136461317491243
0.0056613473786566
0.0000000000000000
0.0000000000000000
0.0000000000000000
0.0000000000000000
0.0000000000000000
0.0000000000000000
0.0000000000000000
0.0000000000000000
0.0000000000000000
0.0000000000000000
0.0769968301590341
0.1401425207593434
0.1544440869759307
0.1432256981175828
0.1161286406691090
0.0790204886986765
0.0000000000000000
0.0000000000000000
0.0000000000000000
0.0000000000000000
0.0000000000000000
0.0103580867484897
0.0136421067202687
0.0056487685983479
0.0000000000000000
0.0000000000000000
0.0000000000000000
0.0000000000000000
0.0000000000000000
0.0000000000000000
0.0000000000000000
0.0000000000000000
0.0000000000000000
0.0000000000000000
0.0754041758528492
0.1395833956320911
0.1542811184993326
0.1432391326379321
0.1162239140815867
0.0791416035089851
0.0000000000000000
0.0000000000000000
0.0000000000000000
0.0000000000000000
0.0000000000000000
0.0000000000000000
0.0136339819279719
0.0056313003125309
0.0000000000000000
0.0000000000000000
0.0000000000000000
0.0000000000000000
0.0000000000000000
0.0000000000000000
0.0000000000000000
0.0000000000000000
0.0000000000000000
0.0000000000000000
0.0737586772871499
0.1390021345574610
0.1541045485175058
0.1432400729339359
0.1163057858574536
0.0792479581004013
0.0000000000000000
0.0000000000000000
0.0000000000000000
0.0000000000000000
0.0000000000000000
0.0000000000000000
0.0136217311714419
0.0056089210729779
0.0000000000000000
0.0000000000000000
0.0000000000000000
0.0000000000000000
0.0000000000000000
0.0000000000000000
0.0000000000000000
0.0000000000000000
0.0000000000000000
0.0000000000000000
0.0720602179737724
0.1383984671188594
0.1539141875035150
0.1432283026298875
0.1163740263015650
0.0793393389055554
0.0000000000000000
0.0000000000000000
0.0000000000000000
0.0000000000000000
0.0000000000000000
0.0000000000000000
0.0136053296097413
0.0055816109932797
0.0000000000000000
0.0000000000000000
0.0000000000000000
0.0000000000000000
0.0000000000000000
0.0000000000000000
0.0000000000000000
0.0000000000000000
0.0000000000000000
0.0000000000000000
0.0703087913975077
0.1377721201540689
0.1537098466101199
0.1432036076224155
0.1164284101126890
0.0794155391919966
0.0000000000000000
0.0000000000000000
0.0000000000000000
0.0000000000000000
0.0000000000000000
0.0000000000000000
0.0135847536527047
0.0055493516677989
0.0000000000000000
0.0000000000000000
0.0000000000000000
0.0000000000000000
0.0000000000000000
0.0000000000000000
0.0000000000000000
0.0000000000000000
0.0000000000000000
0.0000000000000000
0.0685045274642612
0.1371228207005565
0.1534913384837521
0.1431657758516412
0.1164687155628410
0.0794763578817483
0.0000000000000000
0.0000000000000000
0.0000000000000000
0.0000000000000000
0.0000000000000000
0.0000000000000000
0.0067799907170058
0.0055121260284365
0.0000000000000000
0.0000000000000000
0.0000000000000000
0.0000000000000000
0.0000000000000000
0.0000000000000000
0.0000000000000000
0.0000000000000000
0.0000000000000000
0.0000000000000000
0.0666477237099149
0.1364502998364794
0.1532584783321589
0.1431145970578577
0.1164947235072694
0.0795215981851126
0.0000000000000000
0.0000000000000000
0.0000000000000000
0.0000000000000000
0.0000000000000000
0.0000000000000000
0.0067654949880329
0.0054699182304897
0.0000000000000000
0.0000000000000000
0.0000000000000000
0.0000000000000000
0.0000000000000000
0.0000000000000000
0.0000000000000000
0.0000000000000000
0.0000000000000000
0.0000000000000000
0.0647388812527695
0.1357542974171646
0.1530110853412080
0.1430498627131252
0.1165062165517598
0.0795510663574018
0.0000000000000000
0.0000000000000000
0.0000000000000000
0.0000000000000000
0.0000000000000000
0.0000000000000000
0.0067488795327474
0.0054227136487626
0.0000000000000000
0.0000000000000000
0.0000000000000000
0.0000000000000000
0.0000000000000000
0.0000000000000000
0.0000000000000000
0.0000000000000000
0.0000000000000000
0.0000000000000000
0.0627787447928738
0.1350345673966994
0.1527489843932483
0.1429713662204629
0.1165029784581706
0.0795645707443154
0.0000000000000000
0.0000000000000000
0.0000000000000000
0.0000000000000000
0.0000000000000000
0.0000000000000000
0.0067301342636214
0.0053704989408049
0.0000000000000000
0.0000000000000000
0.0000000000000000
0.0000000000000000
0.0000000000000000
0.0000000000000000
0.0000000000000000
0.0000000000000000
0.0000000000000000
0.0000000000000000
0.0607683446688674
0.1342908830098136
0.1524720077833489
0.1428789032275573
0.1164847937748604
0.0795619210266536
0.0000000000000000
0.0000000000000000
0.0000000000000000
0.0000000000000000
0.0000000000000000
0.0000000000000000
0.0067092493989158
0.0053132620852145
0.0000000000000000
0.0000000000000000
0.0000000000000000
0.0000000000000000
0.0000000000000000
0.0000000000000000
0.0000000000000000
0.0000000000000000
0.0000000000000000
0.0000000000000000
0.0587090371473959
0.1335230404037462
0.1521799964226548
0.1427722719197088
0.1164514476212372
0.0795429277007859
0.0000000000000000
0.0000000000000000
0.0000000000000000
0.0000000000000000
0.0000000000000000
0.0000000000000000
0.0066862153786560
0.0052509923206099
0.0000000000000000
0.0000000000000000
0.0000000000000000
0.0000000000000000
0.0000000000000000
0.0000000000000000
0.0000000000000000
0.0000000000000000
0.0000000000000000
0.0000000000000000
0.0566025389370616
0.1327308591921586
0.1518728000742874
0.1426512732865387
0.1164027259381503
0.0795074021663726
0.0000000000000000
0.0000000000000000
0.0000000000000000
0.0000000000000000
0.0000000000000000
0.0000000000000000
0.0066610227772318
0.0051836800901269
0.0000000000000000
0.0000000000000000
0.0000000000000000
0.0000000000000000
0.0000000000000000
0.0000000000000000
0.0000000000000000
0.0000000000000000
0.0000000000000000
0.0000000000000000
0.0544509538721324
0.1319141792592843
0.1515502765788963
0.1425157116845688
0.1163384167131677
0.0794551581788426
0.0000000000000000
0.0000000000000000
0.0000000000000000
0.0000000000000000
0.0000000000000000
0.0000000000000000
0.0066336623221788
0.0051113172570199
0.0000000000000000
0.0000000000000000
0.0000000000000000
0.0000000000000000
0.0000000000000000
0.0000000000000000
0.0000000000000000
0.0000000000000000
0.0000000000000000
0.0000000000000000
0.0522567944283943
0.1310728546080106
0.1512122905832809
0.1423653961400725
0.1162583127157566
0.0793860152365785
0.0000000000000000
0.0000000000000000
0.0000000000000000
0.0000000000000000
0.0000000000000000
0.0000000000000000
0.0066041251251321
0.0050338978922162
0.0000000000000000
0.0000000000000000
0.0000000000000000
0.0000000000000000
0.0000000000000000
0.0000000000000000
0.0000000000000000
0.0000000000000000
0.0000000000000000
0.0000000000000000
0.0500230041781935
0.1302067465239606
0.1508587126085189
0.1422001426742735
0.1161622157623356
0.0792998039321982
0.0000000000000000
0.0000000000000000
0.0000000000000000
0.0000000000000000
0.0000000000000000
0.0000000000000000
0.0065724031655019
0.0049514197383585
0.0000000000000000
0.0000000000000000
0.0000000000000000
0.0000000000000000
0.0000000000000000
0.0000000000000000
0.0000000000000000
0.0000000000000000
0.0000000000000000
0.0000000000000000
0.0477529879083041
0.1293157183338547
0.1504894190709694
0.1420197774447067
0.1160499418736540
0.0791963723050118
0.0000000000000000
0.0000000000000000
0.0000000000000000
0.0000000000000000
0.0000000000000000
0.0000000000000000
0.0065384899322873
0.0048638861533843
0.0000000000000000
0.0000000000000000
0.0000000000000000
0.0000000000000000
0.0000000000000000
0.0000000000000000
0.0000000000000000
0.0000000000000000
0.0000000000000000
0.0000000000000000
0.0454506521659740
0.1283996328588231
0.1501042932095514
0.1418241400316904
0.1159213261734262
0.0790755918013501
0.0000000000000000
0.0000000000000000
0.0000000000000000
0.0000000000000000
0.0000000000000000
0.0000000000000000
0.0065023810424864
0.0047713080811208
0.0000000000000000
0.0000000000000000
0.0000000000000000
0.0000000000000000
0.0000000000000000
0.0000000000000000
0.0000000000000000
0.0000000000000000
0.0000000000000000
0.0000000000000000
0.0431204540023585
0.1274583518075672
0.1497032262354143
0.1416130859822436
0.1157762264454646
0.0789373614530405
0.0000000000000000
0.0000000000000000
0.0000000000000000
0.0000000000000000
0.0000000000000000
0.0000000000000000
0.0064640746497883
0.0046737056202217
0.0000000000000000
0.0000000000000000
0.0000000000000000
0.0000000000000000
0.0000000000000000
0.0000000000000000
0.0000000000000000
0.0000000000000000
0.0000000000000000
0.0000000000000000
0.0407674526723762
0.1264917354740147
0.1492861178672416
0.1413864880153020
0.1156145247234300
0.0787816096632681
0.0000000000000000
0.0000000000000000
0.0000000000000000
0.0000000000000000
0.0000000000000000
0.0000000000000000
0.0064235715554046
0.0045711089752030
0.0000000000000000
0.0000000000000000
0.0000000000000000
0.0000000000000000
0.0000000000000000
0.0000000000000000
0.0000000000000000
0.0000000000000000
0.0000000000000000
0.0000000000000000
0.0383973601008356
0.1254996415583926
0.1488528758709888
0.1411442358202624
0.1154361270679541
0.0786082937843940
0.0000000000000000
0.0000000000000000
0.0000000000000000
0.0000000000000000
0.0000000000000000
0.0000000000000000
0.0063808750564184
0.0044635589177246
0.0000000000000000
0.0000000000000000
0.0000000000000000
0.0000000000000000
0.0000000000000000
0.0000000000000000
0.0000000000000000
0.0000000000000000
0.0000000000000000
0.0000000000000000
0.0360165887850042
0.1244819232976940
0.1484034148762444
0.1408862348780283
0.1152409620861222
0.0784173982577208
0.0000000000000000
0.0000000000000000
0.0000000000000000
0.0000000000000000
0.0000000000000000
0.0000000000000000
0.0063359906489006
0.0043511070627462
0.0000000000000000
0.0000000000000000
0.0000000000000000
0.0000000000000000
0.0000000000000000
0.0000000000000000
0.0000000000000000
0.0000000000000000
0.0000000000000000
0.0000000000000000
0.0336322978213760
0.1234384279721017
0.1479376551251131
0.1406124049289645
0.1150289789126785
0.0782089321068824
0.0000000000000000
0.0000000000000000
0.0000000000000000
0.0000000000000000
0.0000000000000000
0.0000000000000000
0.0062889257027475
0.0042338162782747
0.0000000000000000
0.0000000000000000
0.0000000000000000
0.0000000000000000
0.0000000000000000
0.0000000000000000
0.0000000000000000
0.0000000000000000
0.0000000000000000
0.0000000000000000
0.0312524360762314
0.1223689968014345
0.1474555216644683
0.1403226785179911
0.1148001451397102
0.0779829263588597
0.0000000000000000
0.0000000000000000
0.0000000000000000
0.0000000000000000
0.0000000000000000
0.0000000000000000
0.0062396891691715
0.0041117614020103
0.0000000000000000
0.0000000000000000
0.0000000000000000
0.0000000000000000
0.0000000000000000
0.0000000000000000
