0.0000000000000000
0.0000000000000000
0.0000000000000000
0.0000000000000000
0.0000000000000000
0.0000000000000000
0.0000000000000000
0.0000000000000000
0.0000000000000000
0.0353942463054556
0.0388923035861274
0.0815257292686716
0.1169726765913545
0.1415641747998328
0.1520764977167348
0.1454083028483567
0.1173044046003569
0.0582956535207285
0.0000000000000000
0.0000000000000000
0.0000000000000000
0.0000000000000000
0.0000000000000000
0.0000000000000000
0.0000000000000000
0.0000000000000000
0.0000000000000000
0.0000000000000000
0.0000000000000000
0.0000000000000000
0.0000000000000000
0.0000000000000000
0.0000000000000000
0.0353572046689289
0.0386204569997517
0.0813188773145074
0.1168549115064970
0.1415510101991232
0.1521739320351454
0.1456113439499062
0.1175926744799298
0.0586015929791604
0.0000000000000000
0.0000000000000000
0.0000000000000000
0.0000000000000000
0.0000000000000000
0.0000000000000000
0.0000000000000000
0.0000000000000000
0.0000000000000000
0.0000000000000000
0.0000000000000000
0.0000000000000000
0.0000000000000000
0.0000000000000000
0.0000000000000000
0.0353182710472366
0.0383589094765540
0.0811231060305596
0.1167482288468786
0.1415478428993986
0.1522787150745732
0.1458164639749691
0.1178720398193998
0.0588726884699076
0.0000000000000000
0.0000000000000000
0.0000000000000000
0.0000000000000000
0.0000000000000000
0.0000000000000000
0.0000000000000000
0.0000000000000000
0.0000000000000000
0.0000000000000000
0.0000000000000000
0.0000000000000000
0.0000000000000000
0.0000000000000000
0.0000000000000000
0.0352774553211769
0.0381078981625343
0.0809385789100081
0.1166527012419540
0.1415546452467564
0.1523907179562273
0.1460234404474348
0.1181421963257954
0.0591084827145442
0.0000000000000000
0.0000000000000000
0.0000000000000000
0.0000000000000000
0.0000000000000000
0.0000000000000000
0.0000000000000000
0.0000000000000000
0.0000000000000000
0.0000000000000000
0.0000000000000000
0.0000000000000000
0.0000000000000000
0.0000000000000000
0.0000000000000000
0.0352347664924597
0.0378676480640958
0.0807654456145611
0.1165683866168556
0.1415713747098527
0.1525097970179708
0.1462320349035214
0.1184028150516705
0.0593084646243355
0.0000000000000000
0.0000000000000000
0.0000000000000000
0.0000000000000000
0.0000000000000000
0.0000000000000000
0.0000000000000000
0.0000000000000000
0.0000000000000000
0.0000000000000000
0.0000000000000000
0.0000000000000000
0.0000000000000000
0.0000000000000000
0.0000000000000000
0.0351902127567856
0.0376383737454206
0.0806038435747961
0.1164953295128226
0.1415979748079192
0.1526357942067330
0.1464419925590560
0.1186535409409118
0.0594720654882078
0.0000000000000000
0.0000000000000000
0.0000000000000000
0.0000000000000000
0.0000000000000000
0.0000000000000000
0.0000000000000000
0.0000000000000000
0.0000000000000000
0.0000000000000000
0.0000000000000000
0.0000000000000000
0.0000000000000000
0.0000000000000000
0.0000000000000000
0.0351438015385541
0.0374202801899809
0.0804538987957581
0.1164335618123823
0.1416343756650198
0.1527685373807635
0.1466530422442757
0.1188939921325294
0.0595986567415452
0.0000000000000000
0.0000000000000000
0.0000000000000000
0.0000000000000000
0.0000000000000000
0.0000000000000000
0.0000000000000000
0.0000000000000000
0.0000000000000000
0.0000000000000000
0.0000000000000000
0.0000000000000000
0.0000000000000000
0.0000000000000000
0.0000000000000000
0.0350955395010050
0.0372135628851241
0.0803157260163243
0.1163831029096014
0.1416804941932217
0.1529078404866887
0.1468648965181481
0.1191237598307094
0.0596875491993781
0.0000000000000000
0.0000000000000000
0.0000000000000000
0.0000000000000000
0.0000000000000000
0.0000000000000000
0.0000000000000000
0.0000000000000000
0.0000000000000000
0.0000000000000000
0.0000000000000000
0.0000000000000000
0.0000000000000000
0.0000000000000000
0.0000000000000000
0.0350454325504876
0.0370184074334630
0.0801894283602369
0.1163439594835215
0.1417362339956863
0.1530535035919422
0.1470772518264884
0.1193424085359537
0.0597379932691865
0.0000000000000000
0.0000000000000000
0.0000000000000000
0.0000000000000000
0.0000000000000000
0.0000000000000000
0.0000000000000000
0.0000000000000000
0.0000000000000000
0.0000000000000000
0.0000000000000000
0.0000000000000000
0.0000000000000000
0.0000000000000000
0.0000000000000000
0.0349934858560456
0.0368351600628349
0.0800750968214570
0.1163161250805825
0.1418014850947306
0.1532053127974464
0.1472897886153781
0.1195494762970393
0.0597491796451491
0.0000000000000000
0.0000000000000000
0.0000000000000000
0.0000000000000000
0.0000000000000000
0.0000000000000000
0.0000000000000000
0.0000000000000000
0.0000000000000000
0.0000000000000000
0.0000000000000000
0.0000000000000000
0.0000000000000000
0.0000000000000000
0.0000000000000000
0.0349397039016432
0.0367948742877160
0.0799728098812704
0.1162995798122295
0.1418761237051573
0.1533630400891605
0.1475021712660146
0.1197444746992547
0.0597202397130003
0.0000000000000000
0.0000000000000000
0.0000000000000000
0.0000000000000000
0.0000000000000000
0.0000000000000000
0.0000000000000000
0.0000000000000000
0.0000000000000000
0.0000000000000000
0.0000000000000000
0.0000000000000000
0.0000000000000000
0.0000000000000000
0.0000000000000000
0.0348840905913930
0.0367525610241233
0.0798826336605329
0.1162942904325298
0.1419600122217853
0.1535264432023941
0.1477140477885446
0.1199268882144677
0.0596502450258863
0.0000000000000000
0.0000000000000000
0.0000000000000000
0.0000000000000000
0.0000000000000000
0.0000000000000000
0.0000000000000000
0.0000000000000000
0.0000000000000000
0.0000000000000000
0.0000000000000000
0.0000000000000000
0.0000000000000000
0.0000000000000000
0.0000000000000000
0.0348266494138513
0.0367082120464423
0.0798046227570931
0.1163002109781118
0.1420529995389231
0.1536952655346858
0.1479250492287206
0.1200961728581588
0.0595382055806044
0.0000000000000000
0.0000000000000000
0.0000000000000000
0.0000000000000000
0.0000000000000000
0.0000000000000000
0.0000000000000000
0.0000000000000000
0.0000000000000000
0.0000000000000000
0.0000000000000000
0.0000000000000000
0.0000000000000000
0.0000000000000000
0.0000000000000000
0.0347673836712748
0.0366618189973353
0.0797388216702327
0.1163172838137638
0.1421549216016629
0.1538692360730132
0.1481347888374812
0.1202517542707329
0.0593830674221049
0.0000000000000000
0.0000000000000000
0.0000000000000000
0.0000000000000000
0.0000000000000000
0.0000000000000000
0.0000000000000000
0.0000000000000000
0.0000000000000000
0.0000000000000000
0.0000000000000000
0.0000000000000000
0.0000000000000000
0.0000000000000000
0.0000000000000000
0.0347062967672939
0.0366133735892975
0.0796852664410211
0.1163454408296376
0.1422656019788158
0.1540480692333581
0.1483428610711227
0.1203930256020258
0.0591837103811574
0.0000000000000000
0.0000000000000000
0.0000000000000000
0.0000000000000000
0.0000000000000000
0.0000000000000000
0.0000000000000000
0.0000000000000000
0.0000000000000000
0.0000000000000000
0.0000000000000000
0.0000000000000000
0.0000000000000000
0.0000000000000000
0.0000000000000000
0.0346433925481827
0.0365628678533486
0.0796439861967773
0.1163846044781762
0.1423848522823782
0.1542314645722747
0.1485488405326287
0.1205193454823407
0.0589389467535007
0.0000000000000000
0.0000000000000000
0.0000000000000000
0.0000000000000000
0.0000000000000000
0.0000000000000000
0.0000000000000000
0.0000000000000000
0.0000000000000000
0.0000000000000000
0.0000000000000000
0.0000000000000000
0.0000000000000000
0.0000000000000000
0.0000000000000000
0.0345786756641420
0.0365102944134346
0.0796150044705197
0.1164346886705128
0.1425124725053068
0.1544191065051627
0.1487522810291802
0.1206300362428945
0.0586475207324442
0.0000000000000000
0.0000000000000000
0.0000000000000000
0.0000000000000000
0.0000000000000000
0.0000000000000000
0.0000000000000000
0.0000000000000000
0.0000000000000000
0.0000000000000000
0.0000000000000000
0.0000000000000000
0.0000000000000000
0.0000000000000000
0.0000000000000000
0.0345121518746283
0.0364556467196939
0.0795983404252945
0.1164955996923691
0.1426482515553388
0.1546106643742954
0.1489527150746696
0.1207243824563819
0.0583081081035868
0.0000000000000000
0.0000000000000000
0.0000000000000000
0.0000000000000000
0.0000000000000000
0.0000000000000000
0.0000000000000000
0.0000000000000000
0.0000000000000000
0.0000000000000000
0.0000000000000000
0.0000000000000000
0.0000000000000000
0.0000000000000000
0.0000000000000000
0.0344438281786159
0.0363989191456687
0.0795940098579542
0.1165672372314527
0.1427919682005079
0.1548057932027516
0.1491496542112150
0.1208016301019217
0.0579193158345973
0.0000000000000000
0.0000000000000000
0.0000000000000000
0.0000000000000000
0.0000000000000000
0.0000000000000000
0.0000000000000000
0.0000000000000000
0.0000000000000000
0.0000000000000000
0.0000000000000000
0.0000000000000000
0.0000000000000000
0.0000000000000000
0.0000000000000000
0.0343737126682934
0.0363401068785792
0.0796020255527575
0.1166494951446624
0.1429433922500647
0.1550041351622294
0.1493425904335227
0.1208609868396641
0.0574796826276808
0.0000000000000000
0.0000000000000000
0.0000000000000000
0.0000000000000000
0.0000000000000000
0.0000000000000000
0.0000000000000000
0.0000000000000000
0.0000000000000000
0.0000000000000000
0.0000000000000000
0.0000000000000000
0.0000000000000000
0.0000000000000000
0.0000000000000000
0.0343018140957864
0.0362792056208155
0.0796223960984221
0.1167422612035185
0.1431022853018461
0.1552053212973346
0.1495309985872973
0.1209016240356351
0.0569876826892558
0.0000000000000000
0.0000000000000000
0.0000000000000000
0.0000000000000000
0.0000000000000000
0.0000000000000000
0.0000000000000000
0.0000000000000000
0.0000000000000000
0.0000000000000000
0.0000000000000000
0.0000000000000000
0.0000000000000000
0.0000000000000000
0.0000000000000000
0.0342281412821850
0.0362162112242720
0.0796551225754022
0.1168454150414317
0.1432684002642876
0.1554089727524468
0.1497143392548779
0.1209226806830478
0.0564417351890032
0.0000000000000000
0.0000000000000000
0.0000000000000000
0.0000000000000000
0.0000000000000000
0.0000000000000000
0.0000000000000000
0.0000000000000000
0.0000000000000000
0.0000000000000000
0.0000000000000000
0.0000000000000000
0.0000000000000000
0.0000000000000000
0.0000000000000000
0.0341527025731424
0.0361511194265415
0.0797001931984076
0.1169588242196416
0.1434414792670365
0.1556147009191541
0.1498920614339641
0.1209232688329391
0.0558402202527044
0.0000000000000000
0.0000000000000000
0.0000000000000000
0.0000000000000000
0.0000000000000000
0.0000000000000000
0.0000000000000000
0.0000000000000000
0.0000000000000000
0.0000000000000000
0.0000000000000000
0.0000000000000000
0.0000000000000000
0.0000000000000000
0.0000000000000000
0.0340755055161469
0.0360839257959478
0.0797575769917209
0.1170823391570777
0.1436212504245840
0.1558221065226328
0.1500636045531370
0.1209024794374802
0.0551814999324641
0.0000000000000000
0.0000000000000000
0.0000000000000000
0.0000000000000000
0.0000000000000000
0.0000000000000000
0.0000000000000000
0.0000000000000000
0.0000000000000000
0.0000000000000000
0.0000000000000000
0.0000000000000000
0.0000000000000000
0.0000000000000000
0.0000000000000000
0.0339965567859641
0.0360146258650048
0.0798272180554203
0.1172157883862806
0.1438074245346062
0.1560307783010145
0.1502283997777940
0.1208593874020876
0.0544639404821425
0.0000000000000000
0.0000000000000000
0.0000000000000000
0.0000000000000000
0.0000000000000000
0.0000000000000000
0.0000000000000000
0.0000000000000000
0.0000000000000000
0.0000000000000000
0.0000000000000000
0.0000000000000000
0.0000000000000000
0.0000000000000000
0.0000000000000000
0.0339158622505441
0.0359432153185241
0.0799090317912869
0.1173589754131734
0.1439996929254697
0.1562402921501835
0.1503858708885181
0.1207930548900819
0.0536859324485093
0.0000000000000000
0.0000000000000000
0.0000000000000000
0.0000000000000000
0.0000000000000000
0.0000000000000000
0.0000000000000000
0.0000000000000000
0.0000000000000000
0.0000000000000000
0.0000000000000000
0.0000000000000000
0.0000000000000000
0.0000000000000000
0.0000000000000000
0.0338334270214199
0.0358696900948730
0.0800029035936439
0.1175116778225827
0.1441977270404875
0.1564502112777658
0.1505354350470178
0.1207025325632230
0.0528459067026016
0.0000000000000000
0.0000000000000000
0.0000000000000000
0.0000000000000000
0.0000000000000000
0.0000000000000000
0.0000000000000000
0.0000000000000000
0.0000000000000000
0.0000000000000000
0.0000000000000000
0.0000000000000000
0.0000000000000000
0.0000000000000000
0.0000000000000000
0.0337492554115414
0.0357940463448678
0.0801086897173078
0.1176736483293601
0.1444011795980952
0.1566600872934312
0.1506765035058003
0.1205868589874877
0.0519423474485298
0.0000000000000000
0.0000000000000000
0.0000000000000000
0.0000000000000000
0.0000000000000000
0.0000000000000000
0.0000000000000000
0.0000000000000000
0.0000000000000000
0.0000000000000000
0.0000000000000000
0.0000000000000000
0.0000000000000000
0.0000000000000000
0.0000000000000000
0.0336633508368728
0.0357557905493571
0.0802262194473700
0.1178446169936497
0.1446096866039454
0.1568694617264824
0.1508084821191473
0.1204450587662509
0.0509738048171173
0.0000000000000000
0.0000000000000000
0.0000000000000000
0.0000000000000000
0.0000000000000000
0.0000000000000000
0.0000000000000000
0.0000000000000000
0.0000000000000000
0.0000000000000000
0.0000000000000000
0.0000000000000000
0.0000000000000000
0.0000000000000000
0.0000000000000000
0.0335757157601007
0.0358316601486184
0.0803552978525484
0.1180242937984661
0.1448228695096454
0.1570778674299020
0.1509307714685836
0.1202761399741305
0.0499389100423115
0.0000000000000000
0.0000000000000000
0.0000000000000000
0.0000000000000000
0.0000000000000000
0.0000000000000000
0.0000000000000000
0.0000000000000000
0.0000000000000000
0.0000000000000000
0.0000000000000000
0.0000000000000000
0.0000000000000000
0.0000000000000000
0.0000000000000000
0.0334863517377555
0.0359207343288208
0.0804957085861568
0.1182123711579078
0.1450403371358139
0.1572848296381988
0.1510427665972711
0.1200790912863477
0.0488363951808622
0.0000000000000000
0.0000000000000000
0.0000000000000000
0.0000000000000000
0.0000000000000000
0.0000000000000000
