0.0000000000000000
0.0000000000000000
0.0000000000000000
0.0000000000000000
0.0000000000000000
0.0000000000000000
0.0000000000000000
0.0000000000000000
0.0000000000000000
0.0353942455178532
0.0388923691135313
0.0815257888146600
0.1169727255279201
0.1415642093259069
0.1520765151131476
0.1454083018955356
0.1173043868753406
0.0582956312634752
0.0000000000000000
0.0000000000000000
0.0000000000000000
0.0000000000000000
0.0000000000000000
0.0000000000000000
0.0000000000000000
0.0000000000000000
0.0000000000000000
0.0000000000000000
0.0000000000000000
0.0000000000000000
0.0000000000000000
0.0000000000000000
0.0000000000000000
0.0353572038831339
0.0386205225444654
0.0813189369066419
0.1168549605073940
0.1415510447941478
0.1521739494865370
0.1456113430085384
0.1175926566610870
0.0586015703560578
0.0000000000000000
0.0000000000000000
0.0000000000000000
0.0000000000000000
0.0000000000000000
0.0000000000000000
0.0000000000000000
0.0000000000000000
0.0000000000000000
0.0000000000000000
0.0000000000000000
0.0000000000000000
0.0000000000000000
0.0000000000000000
0.0000000000000000
0.0353182702615536
0.0383589750361693
0.0811231656652290
0.1167482779070117
0.1415478775564270
0.1522787325715698
0.1458164630322070
0.1178720218885323
0.0588726654598451
0.0000000000000000
0.0000000000000000
0.0000000000000000
0.0000000000000000
0.0000000000000000
0.0000000000000000
0.0000000000000000
0.0000000000000000
0.0000000000000000
0.0000000000000000
0.0000000000000000
0.0000000000000000
0.0000000000000000
0.0000000000000000
0.0000000000000000
0.0352774545339042
0.0381079637345887
0.0809386385835189
0.1166527503561270
0.1415546799587312
0.1523907354893418
0.1460234394903099
0.1181421782645150
0.0591084592959008
0.0000000000000000
0.0000000000000000
0.0000000000000000
0.0000000000000000
0.0000000000000000
0.0000000000000000
0.0000000000000000
0.0000000000000000
0.0000000000000000
0.0000000000000000
0.0000000000000000
0.0000000000000000
0.0000000000000000
0.0000000000000000
0.0000000000000000
0.0352347657018904
0.0378677136460694
0.0807655053231357
0.1165684357797699
0.1415714094696050
0.1525098145776009
0.1462320339189373
0.1184027968413775
0.0593084407749473
0.0000000000000000
0.0000000000000000
0.0000000000000000
0.0000000000000000
0.0000000000000000
0.0000000000000000
0.0000000000000000
0.0000000000000000
0.0000000000000000
0.0000000000000000
0.0000000000000000
0.0000000000000000
0.0000000000000000
0.0000000000000000
0.0000000000000000
0.0351902119612086
0.0376384393347343
0.0806039033145705
0.1164953787190760
0.1415980096081670
0.1526358117831577
0.1464419915337808
0.1186535225627719
0.0594720411853356
0.0000000000000000
0.0000000000000000
0.0000000000000000
0.0000000000000000
0.0000000000000000
0.0000000000000000
0.0000000000000000
0.0000000000000000
0.0000000000000000
0.0000000000000000
0.0000000000000000
0.0000000000000000
0.0000000000000000
0.0000000000000000
0.0000000000000000
0.0351438007362547
0.0374203457839932
0.0804539585627797
0.1164336110564669
0.1416344104983661
0.1527685549641405
0.1466530411649340
0.1188939735674510
0.0595986319618418
0.0000000000000000
0.0000000000000000
0.0000000000000000
0.0000000000000000
0.0000000000000000
0.0000000000000000
0.0000000000000000
0.0000000000000000
0.0000000000000000
0.0000000000000000
0.0000000000000000
0.0000000000000000
0.0000000000000000
0.0000000000000000
0.0000000000000000
0.0350955386902657
0.0372136284811285
0.0803157858065498
0.1163831521859017
0.1416805290521528
0.1529078580670508
0.1468648953712121
0.1191237410593189
0.0596875239188577
0.0000000000000000
0.0000000000000000
0.0000000000000000
0.0000000000000000
0.0000000000000000
0.0000000000000000
0.0000000000000000
0.0000000000000000
0.0000000000000000
0.0000000000000000
0.0000000000000000
0.0000000000000000
0.0000000000000000
0.0000000000000000
0.0000000000000000
0.0350454317295891
0.0370184730286849
0.0801894881695303
0.1163440087863135
0.1417362688725699
0.1530535211591941
0.1470772505982698
0.1193423895385715
0.0597379674631942
0.0000000000000000
0.0000000000000000
0.0000000000000000
0.0000000000000000
0.0000000000000000
0.0000000000000000
0.0000000000000000
0.0000000000000000
0.0000000000000000
0.0000000000000000
0.0000000000000000
0.0000000000000000
0.0000000000000000
0.0000000000000000
0.0000000000000000
0.0349934850232676
0.0368351569767146
0.0800751566455874
0.1163161744040314
0.1418015199818144
0.1532053303413621
0.1472897872920208
0.1195494570536554
0.0597491532883322
0.0000000000000000
0.0000000000000000
0.0000000000000000
0.0000000000000000
0.0000000000000000
0.0000000000000000
0.0000000000000000
0.0000000000000000
0.0000000000000000
0.0000000000000000
0.0000000000000000
0.0000000000000000
0.0000000000000000
0.0000000000000000
0.0000000000000000
0.0349397030552653
0.0367948711830074
0.0799728697159109
0.1162996291503890
0.1418761585945681
0.1533630575993806
0.1475021698334860
0.1197444551895043
0.0597202127792829
0.0000000000000000
0.0000000000000000
0.0000000000000000
0.0000000000000000
0.0000000000000000
0.0000000000000000
0.0000000000000000
0.0000000000000000
0.0000000000000000
0.0000000000000000
0.0000000000000000
0.0000000000000000
0.0000000000000000
0.0000000000000000
0.0000000000000000
0.0348840897296952
0.0367525578991001
0.0798826935012583
0.1162943397793409
0.1419600471055273
0.1535264606684234
0.1477140462326283
0.1199268684176065
0.0596502174884473
0.0000000000000000
0.0000000000000000
0.0000000000000000
0.0000000000000000
0.0000000000000000
0.0000000000000000
0.0000000000000000
0.0000000000000000
0.0000000000000000
0.0000000000000000
0.0000000000000000
0.0000000000000000
0.0000000000000000
0.0000000000000000
0.0000000000000000
0.0348266485351157
0.0367082088993851
0.0798046825993786
0.1163002603274017
0.1420530344088773
0.1536952829458904
0.1479250475350087
0.1200961527530379
0.0595381774118589
0.0000000000000000
0.0000000000000000
0.0000000000000000
0.0000000000000000
0.0000000000000000
0.0000000000000000
0.0000000000000000
0.0000000000000000
0.0000000000000000
0.0000000000000000
0.0000000000000000
0.0000000000000000
0.0000000000000000
0.0000000000000000
0.0000000000000000
0.0347673827737858
0.0366618158265323
0.0797388815094518
0.1163173331592438
0.1421549564495848
0.1538692534186173
0.1481347869913653
0.1202517338357726
0.0593830385936954
0.0000000000000000
0.0000000000000000
0.0000000000000000
0.0000000000000000
0.0000000000000000
0.0000000000000000
0.0000000000000000
0.0000000000000000
0.0000000000000000
0.0000000000000000
0.0000000000000000
0.0000000000000000
0.0000000000000000
0.0000000000000000
0.0000000000000000
0.0347062958493394
0.0366133703930460
0.0796853262724434
0.1163454901649013
0.1422656367963329
0.1540480865024405
0.1483428590577854
0.1203930048151892
0.0591836808639474
0.0000000000000000
0.0000000000000000
0.0000000000000000
0.0000000000000000
0.0000000000000000
0.0000000000000000
0.0000000000000000
0.0000000000000000
0.0000000000000000
0.0000000000000000
0.0000000000000000
0.0000000000000000
0.0000000000000000
0.0000000000000000
0.0000000000000000
0.0346433916080548
0.0365628646299552
0.0796440460155668
0.1163846537966975
0.1423848870609881
0.1542314817537644
0.1485488383370342
0.1205193243211068
0.0589389165175825
0.0000000000000000
0.0000000000000000
0.0000000000000000
0.0000000000000000
0.0000000000000000
0.0000000000000000
0.0000000000000000
0.0000000000000000
0.0000000000000000
0.0000000000000000
0.0000000000000000
0.0000000000000000
0.0000000000000000
0.0000000000000000
0.0000000000000000
0.0345786747001380
0.0365102911612168
0.0796150642717319
0.1164347379656436
0.1425125072363743
0.1544191235878352
0.1487522786360653
0.1206300146842312
0.0586474897471549
0.0000000000000000
0.0000000000000000
0.0000000000000000
0.0000000000000000
0.0000000000000000
0.0000000000000000
0.0000000000000000
0.0000000000000000
0.0000000000000000
0.0000000000000000
0.0000000000000000
0.0000000000000000
0.0000000000000000
0.0000000000000000
0.0000000000000000
0.0345121508850513
0.0364556434369809
0.0795984002038748
0.1164956489573365
0.1426482862300927
0.1546106813467681
0.1489527124685340
0.1207243604767184
0.0583080763375389
0.0000000000000000
0.0000000000000000
0.0000000000000000
0.0000000000000000
0.0000000000000000
0.0000000000000000
0.0000000000000000
0.0000000000000000
0.0000000000000000
0.0000000000000000
0.0000000000000000
0.0000000000000000
0.0000000000000000
0.0000000000000000
0.0000000000000000
0.0344438271617756
0.0363989158308021
0.0795940696087355
0.1165672864593567
0.1427920028100380
0.1548058100534790
0.1491496513763116
0.1208016076771184
0.0579192832557193
0.0000000000000000
0.0000000000000000
0.0000000000000000
0.0000000000000000
0.0000000000000000
0.0000000000000000
0.0000000000000000
0.0000000000000000
0.0000000000000000
0.0000000000000000
0.0000000000000000
0.0000000000000000
0.0000000000000000
0.0000000000000000
0.0000000000000000
0.0343737116225070
0.0363401035299142
0.0796020852704581
0.1166495443284730
0.1429434267853187
0.1550041518794979
0.1493425873538449
0.1208609639449792
0.0574796492032707
0.0000000000000000
0.0000000000000000
0.0000000000000000
0.0000000000000000
0.0000000000000000
0.0000000000000000
0.0000000000000000
0.0000000000000000
0.0000000000000000
0.0000000000000000
0.0000000000000000
0.0000000000000000
0.0000000000000000
0.0000000000000000
0.0000000000000000
0.0343018130193788
0.0362792022367211
0.0796224557776440
0.1167423103360744
0.1431023197536263
0.1552053378692570
0.1495309952465672
0.1209016006456874
0.0569876483860466
0.0000000000000000
0.0000000000000000
0.0000000000000000
0.0000000000000000
0.0000000000000000
0.0000000000000000
0.0000000000000000
0.0000000000000000
0.0000000000000000
0.0000000000000000
0.0000000000000000
0.0000000000000000
0.0000000000000000
0.0000000000000000
0.0000000000000000
0.0342281401734898
0.0362162078031319
0.0796551822106299
0.1168454641154382
0.1432684346232494
0.1554089891669576
0.1497143356365331
0.1209226567717757
0.0564416999732459
0.0000000000000000
0.0000000000000000
0.0000000000000000
0.0000000000000000
0.0000000000000000
0.0000000000000000
0.0000000000000000
0.0000000000000000
0.0000000000000000
0.0000000000000000
0.0000000000000000
0.0000000000000000
0.0000000000000000
0.0000000000000000
0.0000000000000000
0.0341527014305020
0.0361511159667546
0.0797002527840087
0.1169588732276718
0.1434415135236879
0.1556147171640075
0.1498920575211466
0.1209232443735613
0.0558401840902757
0.0000000000000000
0.0000000000000000
0.0000000000000000
0.0000000000000000
0.0000000000000000
0.0000000000000000
0.0000000000000000
0.0000000000000000
0.0000000000000000
0.0000000000000000
0.0000000000000000
0.0000000000000000
0.0000000000000000
0.0000000000000000
0.0000000000000000
0.0340755043379145
0.0360839222959293
0.0797576365219467
0.1170823880915752
0.1436212845692894
0.1558221225854035
0.1500636003286860
0.1209024544024559
0.0551814627890066
0.0000000000000000
0.0000000000000000
0.0000000000000000
0.0000000000000000
0.0000000000000000
0.0000000000000000
0.0000000000000000
0.0000000000000000
0.0000000000000000
0.0000000000000000
0.0000000000000000
0.0000000000000000
0.0000000000000000
0.0000000000000000
0.0000000000000000
0.0339965555705047
0.0360146223231879
0.0798272775244094
0.1172158372395637
0.1438074585575914
0.1560307941691017
0.1502283952242415
0.1208593617630829
0.0544639023232500
0.0000000000000000
0.0000000000000000
0.0000000000000000
0.0000000000000000
0.0000000000000000
0.0000000000000000
0.0000000000000000
0.0000000000000000
0.0000000000000000
0.0000000000000000
0.0000000000000000
0.0000000000000000
0.0000000000000000
0.0000000000000000
0.0000000000000000
0.0339158609962369
0.0359432117333618
0.0799090911930685
0.1173590241774421
0.1439997268168296
0.1562403078108177
0.1503858659880883
0.1207930286179363
0.0536858932399608
0.0000000000000000
0.0000000000000000
0.0000000000000000
0.0000000000000000
0.0000000000000000
0.0000000000000000
0.0000000000000000
0.0000000000000000
0.0000000000000000
0.0000000000000000
0.0000000000000000
0.0000000000000000
0.0000000000000000
0.0000000000000000
0.0000000000000000
0.0338334257266604
0.0358696864648398
0.0800029629221426
0.1175117264899248
0.1441977607901943
0.1564502267180158
0.1505354297816258
0.1207025056279164
0.0528458664106534
0.0000000000000000
0.0000000000000000
0.0000000000000000
0.0000000000000000
0.0000000000000000
0.0000000000000000
0.0000000000000000
0.0000000000000000
0.0000000000000000
0.0000000000000000
0.0000000000000000
0.0000000000000000
0.0000000000000000
0.0000000000000000
0.0000000000000000
0.0337492540747436
0.0357940426684622
0.0801087489663480
0.1176736968917584
0.1444012131960065
0.1566601025002108
0.1506764978570505
0.1205868313581045
0.0519423060402723
0.0000000000000000
0.0000000000000000
0.0000000000000000
0.0000000000000000
0.0000000000000000
0.0000000000000000
0.0000000000000000
0.0000000000000000
0.0000000000000000
0.0000000000000000
0.0000000000000000
0.0000000000000000
0.0000000000000000
0.0000000000000000
0.0000000000000000
0.0336633494564708
0.0357558554229124
0.0802262786106792
0.1178446654429879
0.1446097200398112
0.1568694766865560
0.1508084760683296
0.1204450304109377
0.0509737622609077
0.0000000000000000
0.0000000000000000
0.0000000000000000
0.0000000000000000
0.0000000000000000
0.0000000000000000
0.0000000000000000
0.0000000000000000
0.0000000000000000
0.0000000000000000
0.0000000000000000
0.0000000000000000
0.0000000000000000
0.0000000000000000
0.0000000000000000
0.0335757143345506
0.0358317249439557
0.0803553569237618
0.1180243421265344
0.1448229027731137
0.1570778821298876
0.1509307649966662
0.1202761108600512
0.0499388663082982
0.0000000000000000
0.0000000000000000
0.0000000000000000
0.0000000000000000
0.0000000000000000
0.0000000000000000
0.0000000000000000
0.0000000000000000
0.0000000000000000
0.0000000000000000
0.0000000000000000
0.0000000000000000
0.0000000000000000
0.0000000000000000
0.0000000000000000
0.0334863502655365
0.0359207990412630
0.0804957675588197
0.1182124193564071
0.1450403702164356
0.1572848440645707
0.1510427596848920
0.1200790613796327
0.0488363502416183
0.0000000000000000
0.0000000000000000
0.0000000000000000
0.0000000000000000
0.0000000000000000
0.0000000000000000
