0.0000000000000000
0.0000000000000000
0.0000000000000000
0.0000000000000000
0.0255083887516020
0.0642142248879834
0.0942844079347809
0.1128720761027303
0.1190141955295360
0.1127276222187475
0.0949454992125239
0.0674892335577357
0.0000000000000000
0.0000000000000000
0.0000000000000000
0.0000000000000000
0.0000000000000000
0.0000000000000000
0.0000000000000000
0.0000000000000000
0.0000000000000000
0.0000000000000000
0.0000000000000000
0.0000000000000000
0.0000000000000000
0.0000000000000000
0.0000000000000000
0.0000000000000000
0.0251412529933371
0.0640186860365326
0.0942444309606469
0.1129672147555257
0.1192279027031075
0.1130415255824362
0.0953372888193192
0.0679323715695291
0.0000000000000000
0.0000000000000000
0.0000000000000000
0.0000000000000000
0.0000000000000000
0.0000000000000000
0.0000000000000000
0.0000000000000000
0.0000000000000000
0.0000000000000000
0.0000000000000000
0.0000000000000000
0.0000000000000000
0.0000000000000000
0.0000000000000000
0.0000000000000000
0.0247689601731539
0.0638300566076255
0.0942173501946905
0.1130778101517413
0.1194577919760622
0.1133712092336252
0.0957437357811183
0.0683886280763559
0.0000000000000000
0.0000000000000000
0.0000000000000000
0.0000000000000000
0.0000000000000000
0.0000000000000000
0.0000000000000000
0.0000000000000000
0.0000000000000000
0.0000000000000000
0.0000000000000000
0.0000000000000000
0.0000000000000000
0.0000000000000000
0.0000000000000000
0.0000000000000000
0.0243910832472774
0.0636481500678020
0.0942030342737266
0.1132036902087946
0.1197036265165560
0.1137163735656528
0.0961644918358088
0.0688576269719981
0.0000000000000000
0.0000000000000000
0.0000000000000000
0.0000000000000000
0.0000000000000000
0.0000000000000000
0.0000000000000000
0.0000000000000000
0.0000000000000000
0.0000000000000000
0.0000000000000000
0.0000000000000000
0.0000000000000000
0.0000000000000000
0.0000000000000000
0.0000000000000000
0.0240071592420031
0.0634727543735986
0.0942013335800057
0.1133446674365208
0.1199651563618670
0.1140767083288223
0.0965992008225405
0.0693389871055719
0.0000000000000000
0.0000000000000000
0.0000000000000000
0.0000000000000000
0.0000000000000000
0.0000000000000000
0.0000000000000000
0.0000000000000000
0.0000000000000000
0.0000000000000000
0.0000000000000000
0.0000000000000000
0.0000000000000000
0.0000000000000000
0.0000000000000000
0.0000000000000000
0.0236166924649440
0.0633036336795405
0.0942120817605424
0.1135005400665801
0.1202421190997082
0.1144518928714261
0.0970474985330201
0.0698323217902593
0.0000000000000000
0.0000000000000000
0.0000000000000000
0.0000000000000000
0.0000000000000000
0.0000000000000000
0.0000000000000000
0.0000000000000000
0.0000000000000000
0.0000000000000000
0.0000000000000000
0.0000000000000000
0.0000000000000000
0.0000000000000000
0.0000000000000000
0.0000000000000000
0.0232191572816849
0.0631405293483916
0.0942350967310120
0.1136710928611591
0.1205342404644488
0.1148415965202942
0.0975090128811836
0.0703372388192725
0.0000000000000000
0.0000000000000000
0.0000000000000000
0.0000000000000000
0.0000000000000000
0.0000000000000000
0.0000000000000000
0.0000000000000000
0.0000000000000000
0.0000000000000000
0.0000000000000000
0.0000000000000000
0.0000000000000000
0.0000000000000000
0.0000000000000000
0.0000000000000000
0.0228140006434199
0.0629831603431863
0.0942701811706522
0.1138560975929730
0.1208412347751099
0.1152454789803178
0.0979833642743086
0.0708533407747121
0.0000000000000000
0.0000000000000000
0.0000000000000000
0.0000000000000000
0.0000000000000000
0.0000000000000000
0.0000000000000000
0.0000000000000000
0.0000000000000000
0.0000000000000000
0.0000000000000000
0.0000000000000000
0.0000000000000000
0.0000000000000000
0.0000000000000000
0.0000000000000000
0.0224006446337881
0.0628312231328408
0.0943171226015888
0.1140553131806391
0.1211628051450738
0.1156631906192036
0.0984701659530234
0.0713802254363920
0.0000000000000000
0.0000000000000000
0.0000000000000000
0.0000000000000000
0.0000000000000000
0.0000000000000000
0.0000000000000000
0.0000000000000000
0.0000000000000000
0.0000000000000000
0.0000000000000000
0.0000000000000000
0.0000000000000000
0.0000000000000000
0.0000000000000000
0.0000000000000000
0.0219784894509442
0.0626843913829923
0.0943756931883954
0.1142684855673923
0.1214986434501296
0.1160943725364645
0.0989690241652324
0.0719174860128217
0.0000000000000000
0.0000000000000000
0.0000000000000000
0.0000000000000000
0.0000000000000000
0.0000000000000000
0.0000000000000000
0.0000000000000000
0.0000000000000000
0.0000000000000000
0.0000000000000000
0.0000000000000000
0.0000000000000000
0.0000000000000000
0.0000000000000000
0.0000000000000000
0.0215469171919624
0.0625423157211637
0.0944456495271617
0.1144953474796058
0.1218484301045507
0.1165386563771502
0.0994795380084308
0.0724647110261867
0.0000000000000000
0.0000000000000000
0.0000000000000000
0.0000000000000000
0.0000000000000000
0.0000000000000000
0.0000000000000000
0.0000000000000000
0.0000000000000000
0.0000000000000000
0.0000000000000000
0.0000000000000000
0.0000000000000000
0.0000000000000000
0.0000000000000000
0.0000000000000000
0.0211052969569522
0.0624046239476879
0.0945267326628663
0.1147356182572450
0.1222118337307369
0.1169956638648943
0.1000012988574498
0.0730214836389790
0.0000000000000000
0.0000000000000000
0.0000000000000000
0.0000000000000000
0.0000000000000000
0.0000000000000000
0.0000000000000000
0.0000000000000000
0.0000000000000000
0.0000000000000000
0.0000000000000000
0.0000000000000000
0.0000000000000000
0.0000000000000000
0.0000000000000000
0.0000000000000000
0.0206529915651081
0.0622709219280575
0.0946186685680459
0.1149890038798870
0.1225885107891568
0.1174650060793298
0.1005338893241712
0.0735873803698794
0.0000000000000000
0.0000000000000000
0.0000000000000000
0.0000000000000000
0.0000000000000000
0.0000000000000000
0.0000000000000000
0.0000000000000000
0.0000000000000000
0.0000000000000000
0.0000000000000000
0.0000000000000000
0.0000000000000000
0.0000000000000000
0.0000000000000000
0.0000000000000000
0.0201893660833186
0.0621407951927452
0.0947211690198326
0.1152551971618955
0.1229781051388800
0.1179462824437713
0.1010768817623116
0.0741619692090473
0.0000000000000000
0.0000000000000000
0.0000000000000000
0.0000000000000000
0.0000000000000000
0.0000000000000000
0.0000000000000000
0.0000000000000000
0.0000000000000000
0.0000000000000000
0.0000000000000000
0.0000000000000000
0.0000000000000000
0.0000000000000000
0.0000000000000000
0.0000000000000000
0.0197137981152174
0.0620138109885610
0.0948339326665990
0.1155338779032887
0.1233802473899982
0.1184390793749028
0.1016298363167095
0.0747448072263441
0.0000000000000000
0.0000000000000000
0.0000000000000000
0.0000000000000000
0.0000000000000000
0.0000000000000000
0.0000000000000000
0.0000000000000000
0.0000000000000000
0.0000000000000000
0.0000000000000000
0.0000000000000000
0.0000000000000000
0.0000000000000000
0.0000000000000000
0.0000000000000000
0.0192256898173546
0.0618895205596527
0.0949566460056043
0.1158247128202572
0.1237945539409322
0.1189429685678497
0.1021922986094739
0.0753354378031499
0.0000000000000000
0.0000000000000000
0.0000000000000000
0.0000000000000000
0.0000000000000000
0.0000000000000000
0.0000000000000000
0.0000000000000000
0.0000000000000000
0.0000000000000000
0.0000000000000000
0.0000000000000000
0.0000000000000000
0.0000000000000000
0.0000000000000000
0.0000000000000000
0.0187244815347619
0.0617674614828436
0.0950889842655474
0.1161273553215596
0.1242206258897239
0.1194575052009826
0.1027637973850462
0.0759333879022928
0.0000000000000000
0.0000000000000000
0.0000000000000000
0.0000000000000000
0.0000000000000000
0.0000000000000000
0.0000000000000000
0.0000000000000000
0.0000000000000000
0.0000000000000000
0.0000000000000000
0.0000000000000000
0.0000000000000000
0.0000000000000000
0.0000000000000000
0.0000000000000000
0.0182096667233999
0.0616471600856754
0.0952306124494179
0.1164414456243259
0.1246580484382186
0.1199822267823240
0.1033438429270740
0.0765381661630830
0.0000000000000000
0.0000000000000000
0.0000000000000000
0.0000000000000000
0.0000000000000000
0.0000000000000000
0.0000000000000000
0.0000000000000000
0.0000000000000000
0.0000000000000000
0.0000000000000000
0.0000000000000000
0.0000000000000000
0.0000000000000000
0.0000000000000000
0.0000000000000000
0.0176808072712660
0.0615281337063641
0.0953811868226399
0.1167666117753699
0.1251063916058739
0.1205166536198836
0.1039319273211707
0.0771492630065981
0.0000000000000000
0.0000000000000000
0.0000000000000000
0.0000000000000000
0.0000000000000000
0.0000000000000000
0.0000000000000000
0.0000000000000000
0.0000000000000000
0.0000000000000000
0.0000000000000000
0.0000000000000000
0.0000000000000000
0.0000000000000000
0.0000000000000000
0.0000000000000000
0.0171375480898160
0.0614098921554345
0.0955403566662223
0.1171024717595457
0.1255652126639407
0.1210602915207830
0.1045275273344229
0.0777661535660822
0.0000000000000000
0.0000000000000000
0.0000000000000000
0.0000000000000000
0.0000000000000000
0.0000000000000000
0.0000000000000000
0.0000000000000000
0.0000000000000000
0.0000000000000000
0.0000000000000000
0.0000000000000000
0.0000000000000000
0.0000000000000000
0.0000000000000000
0.0000000000000000
0.0165796301186178
0.0612919375115493
0.0957077655608767
0.1174486360373355
0.1260340597703911
0.1216126363356687
0.1051301096337948
0.0783883033380705
0.0000000000000000
0.0000000000000000
0.0000000000000000
0.0000000000000000
0.0000000000000000
0.0000000000000000
0.0000000000000000
0.0000000000000000
0.0000000000000000
0.0000000000000000
0.0000000000000000
0.0000000000000000
0.0000000000000000
0.0000000000000000
0.0000000000000000
0.0000000000000000
0.0160069022095225
0.0611737615665164
0.0958830511245785
0.1178047092469429
0.1265124754004176
0.1221731788744641
0.1057391369012538
0.0790151751049907
0.0000000000000000
0.0000000000000000
0.0000000000000000
0.0000000000000000
0.0000000000000000
0.0000000000000000
0.0000000000000000
0.0000000000000000
0.0000000000000000
0.0000000000000000
0.0000000000000000
0.0000000000000000
0.0000000000000000
0.0000000000000000
0.0000000000000000
0.0000000000000000
0.0154193335755647
0.0610548411922114
0.0960658426337030
0.1181702899278628
0.1269999980602090
0.1227414084274909
0.1063540728632237
0.0796462351147555
0.0000000000000000
0.0000000000000000
0.0000000000000000
0.0000000000000000
0.0000000000000000
0.0000000000000000
0.0000000000000000
0.0000000000000000
0.0000000000000000
0.0000000000000000
0.0000000000000000
0.0000000000000000
0.0000000000000000
0.0000000000000000
0.0000000000000000
0.0000000000000000
0.0148170291571082
0.0609346327040184
0.0962557568816550
0.1185449681046004
0.1274961616691169
0.1233168138890822
0.1069743849842488
0.0802809570063078
0.0000000000000000
0.0000000000000000
0.0000000000000000
0.0000000000000000
0.0000000000000000
0.0000000000000000
0.0000000000000000
0.0000000000000000
0.0000000000000000
0.0000000000000000
0.0000000000000000
0.0000000000000000
0.0000000000000000
0.0000000000000000
0.0000000000000000
0.0000000000000000
0.0142002494411742
0.0608125668035612
0.0964523935767160
0.1189283217628553
0.1280004933646260
0.1238988829488266
0.1075995449450245
0.0809188233904350
0.0000000000000000
0.0000000000000000
0.0000000000000000
0.0000000000000000
0.0000000000000000
0.0000000000000000
0.0000000000000000
0.0000000000000000
0.0000000000000000
0.0000000000000000
0.0000000000000000
0.0000000000000000
0.0000000000000000
0.0000000000000000
0.0000000000000000
0.0000000000000000
0.0135694348185226
0.0606880452309116
0.0966553318638813
0.1193199139040269
0.1285125113634176
0.1244871008470148
0.1082290282674629
0.0815593261970442
0.0000000000000000
0.0000000000000000
0.0000000000000000
0.0000000000000000
0.0000000000000000
0.0000000000000000
0.0000000000000000
0.0000000000000000
0.0000000000000000
0.0000000000000000
0.0000000000000000
0.0000000000000000
0.0000000000000000
0.0000000000000000
0.0000000000000000
0.0000000000000000
0.0129252333101156
0.0605604394699212
0.0968641289079610
0.1197192914528509
0.1290317243051847
0.1250809501631435
0.1088623144881951
0.0822019671604995
0.0000000000000000
0.0000000000000000
0.0000000000000000
0.0000000000000000
0.0000000000000000
0.0000000000000000
0.0000000000000000
0.0000000000000000
0.0000000000000000
0.0000000000000000
0.0000000000000000
0.0000000000000000
0.0000000000000000
0.0000000000000000
0.0000000000000000
0.0000000000000000
0.0122685303524589
0.0604290910793542
0.0970783205762210
0.1201259862315606
0.1295576324245988
0.1256799120780567
0.1094988884125011
0.0828462589613451
0.0000000000000000
0.0000000000000000
0.0000000000000000
0.0000000000000000
0.0000000000000000
0.0000000000000000
0.0000000000000000
0.0000000000000000
0.0000000000000000
0.0000000000000000
0.0000000000000000
0.0000000000000000
0.0000000000000000
0.0000000000000000
0.0000000000000000
0.0000000000000000
0.0116004798951424
0.0602933130234218
0.0972974234213763
0.1205395172275280
0.1300897298127243
0.1262834684476677
0.1101382418719083
0.0834917266153484
0.0000000000000000
0.0000000000000000
0.0000000000000000
0.0000000000000000
0.0000000000000000
0.0000000000000000
0.0000000000000000
0.0000000000000000
0.0000000000000000
0.0000000000000000
0.0000000000000000
0.0000000000000000
0.0000000000000000
0.0000000000000000
0.0000000000000000
0.0000000000000000
0.0109225366936976
0.0601523915041705
0.0975209371019298
0.1209593930738269
0.1306275066610552
0.1268911036217539
0.1107798750281743
0.0841379082200388
0.0000000000000000
0.0000000000000000
0.0000000000000000
0.0000000000000000
0.0000000000000000
0.0000000000000000
0.0000000000000000
0.0000000000000000
0.0000000000000000
0.0000000000000000
0.0000000000000000
0.0000000000000000
0.0000000000000000
0.0000000000000000
0.0000000000000000
0.0000000000000000
0.0102364893101794
0.0600055881528213
0.0977483466645512
0.1213851140908895
0.1311704508158053
0.1275023053995983
0.1114232966838367
0.0847843546779589
0.0000000000000000
0.0000000000000000
0.0000000000000000
0.0000000000000000
0.0000000000000000
0.0000000000000000
0.0000000000000000
0.0000000000000000
0.0000000000000000
0.0000000000000000
0.0000000000000000
0.0000000000000000
