0.0000000000000000
0.0000000000000000
0.0000000000000000
0.0000000000000000
0.0255085262471432
0.0642143464128527
0.0942845063207897
0.1128721495712988
0.1190142425820896
0.1127276424824434
0.0949454939788773
0.0674892060516320
0.0000000000000000
0.0000000000000000
0.0000000000000000
0.0000000000000000
0.0000000000000000
0.0000000000000000
0.0000000000000000
0.0000000000000000
0.0000000000000000
0.0000000000000000
0.0000000000000000
0.0000000000000000
0.0000000000000000
0.0000000000000000
0.0000000000000000
0.0000000000000000
0.0251413909377352
0.0640188079315791
0.0942445295883103
0.1129672884142255
0.1192279499150676
0.1130415459742539
0.0953372836743559
0.0679323441024863
0.0000000000000000
0.0000000000000000
0.0000000000000000
0.0000000000000000
0.0000000000000000
0.0000000000000000
0.0000000000000000
0.0000000000000000
0.0000000000000000
0.0000000000000000
0.0000000000000000
0.0000000000000000
0.0000000000000000
0.0000000000000000
0.0000000000000000
0.0000000000000000
0.0247690986066346
0.0638301788915343
0.0942174490667424
0.1130778839966270
0.1194578393400095
0.1133712297440361
0.0957437307139988
0.0683886006368917
0.0000000000000000
0.0000000000000000
0.0000000000000000
0.0000000000000000
0.0000000000000000
0.0000000000000000
0.0000000000000000
0.0000000000000000
0.0000000000000000
0.0000000000000000
0.0000000000000000
0.0000000000000000
0.0000000000000000
0.0000000000000000
0.0000000000000000
0.0000000000000000
0.0243912222100265
0.0636482727597665
0.0942031333929017
0.1132037642357913
0.1197036740249148
0.1137163941849830
0.0961644868355781
0.0688575995485565
0.0000000000000000
0.0000000000000000
0.0000000000000000
0.0000000000000000
0.0000000000000000
0.0000000000000000
0.0000000000000000
0.0000000000000000
0.0000000000000000
0.0000000000000000
0.0000000000000000
0.0000000000000000
0.0000000000000000
0.0000000000000000
0.0000000000000000
0.0000000000000000
0.0240072987739859
0.0634728774933456
0.0942014329490437
0.1133447416414258
0.1199652040069085
0.1140767290472573
0.0965991958781349
0.0693389596865306
0.0000000000000000
0.0000000000000000
0.0000000000000000
0.0000000000000000
0.0000000000000000
0.0000000000000000
0.0000000000000000
0.0000000000000000
0.0000000000000000
0.0000000000000000
0.0000000000000000
0.0000000000000000
0.0000000000000000
0.0000000000000000
0.0000000000000000
0.0000000000000000
0.0236168326056832
0.0633037572473558
0.0942121813821903
0.1135006144450635
0.1202421668735526
0.1144519136790146
0.0970474936332718
0.0698322943639357
0.0000000000000000
0.0000000000000000
0.0000000000000000
0.0000000000000000
0.0000000000000000
0.0000000000000000
0.0000000000000000
0.0000000000000000
0.0000000000000000
0.0000000000000000
0.0000000000000000
0.0000000000000000
0.0000000000000000
0.0000000000000000
0.0000000000000000
0.0000000000000000
0.0232192980699918
0.0631406533851453
0.0942351966080272
0.1136711674087643
0.1205342883590668
0.1148416174069513
0.0975090080148249
0.0703372113739285
0.0000000000000000
0.0000000000000000
0.0000000000000000
0.0000000000000000
0.0000000000000000
0.0000000000000000
0.0000000000000000
0.0000000000000000
0.0000000000000000
0.0000000000000000
0.0000000000000000
0.0000000000000000
0.0000000000000000
0.0000000000000000
0.0000000000000000
0.0000000000000000
0.0228141421170712
0.0629832848703578
0.0942702813058041
0.1138561723051168
0.1208412827823238
0.1152454999358278
0.0979833594299769
0.0708533132985596
0.0000000000000000
0.0000000000000000
0.0000000000000000
0.0000000000000000
0.0000000000000000
0.0000000000000000
0.0000000000000000
0.0000000000000000
0.0000000000000000
0.0000000000000000
0.0000000000000000
0.0000000000000000
0.0000000000000000
0.0000000000000000
0.0000000000000000
0.0000000000000000
0.0224007868291395
0.0628313481725452
0.0943172229976613
0.1140553880526114
0.1211628532565595
0.1156632116332234
0.0984701611192652
0.0713801979175986
0.0000000000000000
0.0000000000000000
0.0000000000000000
0.0000000000000000
0.0000000000000000
0.0000000000000000
0.0000000000000000
0.0000000000000000
0.0000000000000000
0.0000000000000000
0.0000000000000000
0.0000000000000000
0.0000000000000000
0.0000000000000000
0.0000000000000000
0.0000000000000000
0.0219786324024693
0.0626845169580048
0.0943757938481896
0.1142685605943570
0.1214986916574185
0.1160943935985273
0.0989690193305087
0.0719174584395162
0.0000000000000000
0.0000000000000000
0.0000000000000000
0.0000000000000000
0.0000000000000000
0.0000000000000000
0.0000000000000000
0.0000000000000000
0.0000000000000000
0.0000000000000000
0.0000000000000000
0.0000000000000000
0.0000000000000000
0.0000000000000000
0.0000000000000000
0.0000000000000000
0.0215470609317082
0.0625424418549460
0.0944457504534970
0.1144954226566012
0.1218484783990317
0.1165386774766693
0.0994795331611222
0.0724646833864655
0.0000000000000000
0.0000000000000000
0.0000000000000000
0.0000000000000000
0.0000000000000000
0.0000000000000000
0.0000000000000000
0.0000000000000000
0.0000000000000000
0.0000000000000000
0.0000000000000000
0.0000000000000000
0.0000000000000000
0.0000000000000000
0.0000000000000000
0.0000000000000000
0.0211054415138964
0.0624047506644118
0.0945268338585832
0.1147356935791844
0.1222118821036590
0.1169956849911678
0.1000012939858623
0.0730214559209120
0.0000000000000000
0.0000000000000000
0.0000000000000000
0.0000000000000000
0.0000000000000000
0.0000000000000000
0.0000000000000000
0.0000000000000000
0.0000000000000000
0.0000000000000000
0.0000000000000000
0.0000000000000000
0.0000000000000000
0.0000000000000000
0.0000000000000000
0.0000000000000000
0.0206531369644059
0.0622710492526273
0.0946187700360061
0.1149890793415581
0.1225885592316308
0.1174650272215435
0.1005338844165409
0.0735873525615170
0.0000000000000000
0.0000000000000000
0.0000000000000000
0.0000000000000000
0.0000000000000000
0.0000000000000000
0.0000000000000000
0.0000000000000000
0.0000000000000000
0.0000000000000000
0.0000000000000000
0.0000000000000000
0.0000000000000000
0.0000000000000000
0.0000000000000000
0.0000000000000000
0.0201895123454252
0.0621409231508183
0.0947212707629187
0.1152552727579597
0.1229781536418793
0.1179463035910022
0.1010768768068093
0.0741619412984252
0.0000000000000000
0.0000000000000000
0.0000000000000000
0.0000000000000000
0.0000000000000000
0.0000000000000000
0.0000000000000000
0.0000000000000000
0.0000000000000000
0.0000000000000000
0.0000000000000000
0.0000000000000000
0.0000000000000000
0.0000000000000000
0.0000000000000000
0.0000000000000000
0.0197139452548695
0.0620139396065643
0.0948340346877115
0.1155339536282779
0.1233802959443586
0.1184391005161212
0.1016298313014449
0.0747447792014890
0.0000000000000000
0.0000000000000000
0.0000000000000000
0.0000000000000000
0.0000000000000000
0.0000000000000000
0.0000000000000000
0.0000000000000000
0.0000000000000000
0.0000000000000000
0.0000000000000000
0.0000000000000000
0.0000000000000000
0.0000000000000000
0.0000000000000000
0.0000000000000000
0.0192258378423945
0.0618896498647946
0.0949567483076563
0.1158247886685708
0.1237946025373511
0.1189429896919199
0.1021922935224989
0.0753354096520845
0.0000000000000000
0.0000000000000000
0.0000000000000000
0.0000000000000000
0.0000000000000000
0.0000000000000000
0.0000000000000000
0.0000000000000000
0.0000000000000000
0.0000000000000000
0.0000000000000000
0.0000000000000000
0.0000000000000000
0.0000000000000000
0.0000000000000000
0.0000000000000000
0.0187246304447844
0.0617675915031207
0.0950890868514585
0.1161274312874580
0.1242206745187577
0.1194575262966638
0.1027637922143570
0.0759333596130411
0.0000000000000000
0.0000000000000000
0.0000000000000000
0.0000000000000000
0.0000000000000000
0.0000000000000000
0.0000000000000000
0.0000000000000000
0.0000000000000000
0.0000000000000000
0.0000000000000000
0.0000000000000000
0.0000000000000000
0.0000000000000000
0.0000000000000000
0.0000000000000000
0.0182098165082120
0.0616472908498742
0.0952307153221039
0.1164415217019249
0.1246580970902804
0.1199822478382707
0.1033438376606148
0.0765381377236742
0.0000000000000000
0.0000000000000000
0.0000000000000000
0.0000000000000000
0.0000000000000000
0.0000000000000000
0.0000000000000000
0.0000000000000000
0.0000000000000000
0.0000000000000000
0.0000000000000000
0.0000000000000000
0.0000000000000000
0.0000000000000000
0.0000000000000000
0.0000000000000000
0.0176809579091377
0.0615282652440574
0.0953812899850019
0.1167666879586336
0.1251064402712297
0.1205166746246450
0.1039319219468350
0.0771492344050717
0.0000000000000000
0.0000000000000000
0.0000000000000000
0.0000000000000000
0.0000000000000000
0.0000000000000000
0.0000000000000000
0.0000000000000000
0.0000000000000000
0.0000000000000000
0.0000000000000000
0.0000000000000000
0.0000000000000000
0.0000000000000000
0.0000000000000000
0.0000000000000000
0.0171376995455163
0.0614100244969780
0.0955404601211370
0.1171025480422792
0.1255652613327067
0.1210603124628023
0.1045275218400549
0.0777661247904907
0.0000000000000000
0.0000000000000000
0.0000000000000000
0.0000000000000000
0.0000000000000000
0.0000000000000000
0.0000000000000000
0.0000000000000000
0.0000000000000000
0.0000000000000000
0.0000000000000000
0.0000000000000000
0.0000000000000000
0.0000000000000000
0.0000000000000000
0.0000000000000000
0.0165797823412200
0.0612920706880785
0.0957078693111857
0.1174487124131792
0.1260341084325309
0.1216126572032828
0.1051301040071917
0.0783882743764829
0.0000000000000000
0.0000000000000000
0.0000000000000000
0.0000000000000000
0.0000000000000000
0.0000000000000000
0.0000000000000000
0.0000000000000000
0.0000000000000000
0.0000000000000000
0.0000000000000000
0.0000000000000000
0.0000000000000000
0.0000000000000000
0.0000000000000000
0.0000000000000000
0.0160070551299605
0.0611738956099488
0.0958831551730839
0.1178047857093700
0.1265125240457421
0.1221731996559060
0.1057391311301681
0.0790151459454960
0.0000000000000000
0.0000000000000000
0.0000000000000000
0.0000000000000000
0.0000000000000000
0.0000000000000000
0.0000000000000000
0.0000000000000000
0.0000000000000000
0.0000000000000000
0.0000000000000000
0.0000000000000000
0.0000000000000000
0.0000000000000000
0.0000000000000000
0.0000000000000000
0.0154194871039247
0.0610549761352533
0.0960659469831653
0.1181703664701798
0.1270000466783803
0.1227414291108945
0.1063540669353692
0.0796462057454685
0.0000000000000000
0.0000000000000000
0.0000000000000000
0.0000000000000000
0.0000000000000000
0.0000000000000000
0.0000000000000000
0.0000000000000000
0.0000000000000000
0.0000000000000000
0.0000000000000000
0.0000000000000000
0.0000000000000000
0.0000000000000000
0.0000000000000000
0.0000000000000000
0.0148171831796381
0.0609347685801728
0.0962558615347950
0.1185450447199523
0.1274962102496562
0.1233168344624920
0.1069743788873111
0.0802809274153784
0.0000000000000000
0.0000000000000000
0.0000000000000000
0.0000000000000000
0.0000000000000000
0.0000000000000000
0.0000000000000000
0.0000000000000000
0.0000000000000000
0.0000000000000000
0.0000000000000000
0.0000000000000000
0.0000000000000000
0.0000000000000000
0.0000000000000000
0.0000000000000000
0.0142004038170111
0.0608127036471363
0.0964524985362204
0.1189283984442340
0.1280005418969256
0.1238989034002116
0.1075995386666748
0.0809187935660620
0.0000000000000000
0.0000000000000000
0.0000000000000000
0.0000000000000000
0.0000000000000000
0.0000000000000000
0.0000000000000000
0.0000000000000000
0.0000000000000000
0.0000000000000000
0.0000000000000000
0.0000000000000000
0.0000000000000000
0.0000000000000000
0.0000000000000000
0.0000000000000000
0.0135695893761515
0.0606881830770245
0.0966554371324077
0.1193199906442825
0.1285125598367559
0.1244871211642853
0.1082290217953751
0.0815592961274907
0.0000000000000000
0.0000000000000000
0.0000000000000000
0.0000000000000000
0.0000000000000000
0.0000000000000000
0.0000000000000000
0.0000000000000000
0.0000000000000000
0.0000000000000000
0.0000000000000000
0.0000000000000000
0.0000000000000000
0.0000000000000000
0.0000000000000000
0.0000000000000000
0.0129253878435996
0.0605605783545006
0.0968642344881457
0.1197193682447037
0.1290317727087423
0.1250809703341696
0.1088623078100647
0.0822019368341100
0.0000000000000000
0.0000000000000000
0.0000000000000000
0.0000000000000000
0.0000000000000000
0.0000000000000000
0.0000000000000000
0.0000000000000000
0.0000000000000000
0.0000000000000000
0.0000000000000000
0.0000000000000000
0.0000000000000000
0.0000000000000000
0.0000000000000000
0.0000000000000000
0.0122686846175007
0.0604292310391416
0.0970784264706859
0.1201260630676139
0.1295576807474756
0.1256799320906863
0.1094988815160629
0.0828462283665623
0.0000000000000000
0.0000000000000000
0.0000000000000000
0.0000000000000000
0.0000000000000000
0.0000000000000000
0.0000000000000000
0.0000000000000000
0.0000000000000000
0.0000000000000000
0.0000000000000000
0.0000000000000000
0.0000000000000000
0.0000000000000000
0.0000000000000000
0.0000000000000000
0.0116006336050697
0.0602934540959717
0.0972975296327374
0.1205395941002803
0.1300897780439543
0.1262834882897430
0.1101382347449525
0.0834916957407269
0.0000000000000000
0.0000000000000000
0.0000000000000000
0.0000000000000000
0.0000000000000000
0.0000000000000000
0.0000000000000000
0.0000000000000000
0.0000000000000000
0.0000000000000000
0.0000000000000000
0.0000000000000000
0.0000000000000000
0.0000000000000000
0.0000000000000000
0.0000000000000000
0.0109226895155012
0.0601525337278530
0.0975210436328048
0.1209594699756828
0.1306275547896200
0.1268911232811263
0.1107798676585609
0.0841378770542583
0.0000000000000000
0.0000000000000000
0.0000000000000000
0.0000000000000000
0.0000000000000000
0.0000000000000000
0.0000000000000000
0.0000000000000000
0.0000000000000000
0.0000000000000000
0.0000000000000000
0.0000000000000000
0.0000000000000000
0.0000000000000000
0.0000000000000000
0.0000000000000000
0.0102366408607862
0.0600057315668193
0.0977484535175668
0.1213851910141701
0.1311704988306475
0.1275023248641416
0.1114232890595082
0.0847843232098346
0.0000000000000000
0.0000000000000000
0.0000000000000000
0.0000000000000000
0.0000000000000000
0.0000000000000000
0.0000000000000000
0.0000000000000000
0.0000000000000000
0.0000000000000000
0.0000000000000000
0.0000000000000000
