0.0000000000000000
0.0000000000000000
0.0000000000000000
0.0000000000000000
0.0000000000000000
0.0000000000000000
0.0000000000000000
0.0000000000000000
0.0000000000000000
0.0353942457803881
0.0388923472886002
0.0815257689781464
0.1169727092205547
0.1415641978135393
0.1520765093020394
0.1454083021935806
0.1173043927608417
0.0582956386667549
0.0000000000000000
0.0000000000000000
0.0000000000000000
0.0000000000000000
0.0000000000000000
0.0000000000000000
0.0000000000000000
0.0000000000000000
0.0000000000000000
0.0000000000000000
0.0000000000000000
0.0000000000000000
0.0000000000000000
0.0000000000000000
0.0000000000000000
0.0353572041450663
0.0386205007138725
0.0813189170548689
0.1168549441787153
0.1415510332589269
0.1521739436572230
0.1456113433028646
0.1175926625779239
0.0586015778812780
0.0000000000000000
0.0000000000000000
0.0000000000000000
0.0000000000000000
0.0000000000000000
0.0000000000000000
0.0000000000000000
0.0000000000000000
0.0000000000000000
0.0000000000000000
0.0000000000000000
0.0000000000000000
0.0000000000000000
0.0000000000000000
0.0000000000000000
0.0353182705234486
0.0383589532007231
0.0811231457994058
0.1167482615587232
0.1415478660006730
0.1522787267271790
0.1458164633271014
0.1178720278427770
0.0588726731140550
0.0000000000000000
0.0000000000000000
0.0000000000000000
0.0000000000000000
0.0000000000000000
0.0000000000000000
0.0000000000000000
0.0000000000000000
0.0000000000000000
0.0000000000000000
0.0000000000000000
0.0000000000000000
0.0000000000000000
0.0000000000000000
0.0000000000000000
0.0352774547963292
0.0381079418951154
0.0809386187048822
0.1166527339899657
0.1415546683848012
0.1523907296330408
0.1460234397900999
0.1181421842623027
0.0591084670863196
0.0000000000000000
0.0000000000000000
0.0000000000000000
0.0000000000000000
0.0000000000000000
0.0000000000000000
0.0000000000000000
0.0000000000000000
0.0000000000000000
0.0000000000000000
0.0000000000000000
0.0000000000000000
0.0000000000000000
0.0000000000000000
0.0000000000000000
0.0352347659654142
0.0378676918034150
0.0807654854329498
0.1165684193975069
0.1415713978798931
0.1525098087125948
0.1462320342279927
0.1184028028889141
0.0593084487089748
0.0000000000000000
0.0000000000000000
0.0000000000000000
0.0000000000000000
0.0000000000000000
0.0000000000000000
0.0000000000000000
0.0000000000000000
0.0000000000000000
0.0000000000000000
0.0000000000000000
0.0000000000000000
0.0000000000000000
0.0000000000000000
0.0000000000000000
0.0351902122264017
0.0376384174897640
0.0806038834141288
0.1164953623225167
0.1415979980051048
0.1526358059126909
0.1464419918565167
0.1186535286663412
0.0594720492705634
0.0000000000000000
0.0000000000000000
0.0000000000000000
0.0000000000000000
0.0000000000000000
0.0000000000000000
0.0000000000000000
0.0000000000000000
0.0000000000000000
0.0000000000000000
0.0000000000000000
0.0000000000000000
0.0000000000000000
0.0000000000000000
0.0000000000000000
0.0351438010036886
0.0374203239375929
0.0804539386534046
0.1164335946474520
0.1416343988844236
0.1527685490914977
0.1466530415058129
0.1188939797334226
0.0595986402060645
0.0000000000000000
0.0000000000000000
0.0000000000000000
0.0000000000000000
0.0000000000000000
0.0000000000000000
0.0000000000000000
0.0000000000000000
0.0000000000000000
0.0000000000000000
0.0000000000000000
0.0000000000000000
0.0000000000000000
0.0000000000000000
0.0000000000000000
0.0350955389605129
0.0372136066342056
0.0803157658895942
0.1163831357663076
0.1416805174298387
0.1529078521955584
0.1468648957347475
0.1191237472941564
0.0596875323300826
0.0000000000000000
0.0000000000000000
0.0000000000000000
0.0000000000000000
0.0000000000000000
0.0000000000000000
0.0000000000000000
0.0000000000000000
0.0000000000000000
0.0000000000000000
0.0000000000000000
0.0000000000000000
0.0000000000000000
0.0000000000000000
0.0000000000000000
0.0350454320032227
0.0370184511821699
0.0801894682463776
0.1163439923580525
0.1417362572444323
0.1530535152922211
0.1470772509890284
0.1193423958488402
0.0597379760496513
0.0000000000000000
0.0000000000000000
0.0000000000000000
0.0000000000000000
0.0000000000000000
0.0000000000000000
0.0000000000000000
0.0000000000000000
0.0000000000000000
0.0000000000000000
0.0000000000000000
0.0000000000000000
0.0000000000000000
0.0000000000000000
0.0000000000000000
0.0349934853008610
0.0368351580054220
0.0800751367176528
0.1163161579690529
0.1418015083504414
0.1532053244823208
0.1472897877146254
0.1195494634460309
0.0597491620584841
0.0000000000000000
0.0000000000000000
0.0000000000000000
0.0000000000000000
0.0000000000000000
0.0000000000000000
0.0000000000000000
0.0000000000000000
0.0000000000000000
0.0000000000000000
0.0000000000000000
0.0000000000000000
0.0000000000000000
0.0000000000000000
0.0000000000000000
0.0349397033373920
0.0367948722179110
0.0799728497846412
0.1162996127106793
0.1418761469625880
0.1533630517517278
0.1475021702926179
0.1197444616707804
0.0597202217418334
0.0000000000000000
0.0000000000000000
0.0000000000000000
0.0000000000000000
0.0000000000000000
0.0000000000000000
0.0000000000000000
0.0000000000000000
0.0000000000000000
0.0000000000000000
0.0000000000000000
0.0000000000000000
0.0000000000000000
0.0000000000000000
0.0000000000000000
0.0348840900169286
0.0367525589407751
0.0798826735681332
0.1162943233369238
0.1419600354756090
0.1535264548356612
0.1477140467330303
0.1199268749947034
0.0596502266523483
0.0000000000000000
0.0000000000000000
0.0000000000000000
0.0000000000000000
0.0000000000000000
0.0000000000000000
0.0000000000000000
0.0000000000000000
0.0000000000000000
0.0000000000000000
0.0000000000000000
0.0000000000000000
0.0000000000000000
0.0000000000000000
0.0000000000000000
0.0348266488280283
0.0367082099484048
0.0798046626659107
0.1163002438843387
0.1420530227837309
0.1536952771315667
0.1479250480814871
0.1200961594330105
0.0595381867863176
0.0000000000000000
0.0000000000000000
0.0000000000000000
0.0000000000000000
0.0000000000000000
0.0000000000000000
0.0000000000000000
0.0000000000000000
0.0000000000000000
0.0000000000000000
0.0000000000000000
0.0000000000000000
0.0000000000000000
0.0000000000000000
0.0000000000000000
0.0347673830729496
0.0366618168834673
0.0797388615771875
0.1163173167176350
0.1421549448319618
0.1538692476263276
0.1481347875887933
0.1202517406258195
0.0593830481881755
0.0000000000000000
0.0000000000000000
0.0000000000000000
0.0000000000000000
0.0000000000000000
0.0000000000000000
0.0000000000000000
0.0000000000000000
0.0000000000000000
0.0000000000000000
0.0000000000000000
0.0000000000000000
0.0000000000000000
0.0000000000000000
0.0000000000000000
0.0347062961553250
0.0366133714584638
0.0796853063429638
0.1163454737268860
0.1422656251890278
0.1540480807358283
0.1483428597111056
0.1203930117226611
0.0591836906881732
0.0000000000000000
0.0000000000000000
0.0000000000000000
0.0000000000000000
0.0000000000000000
0.0000000000000000
0.0000000000000000
0.0000000000000000
0.0000000000000000
0.0000000000000000
0.0000000000000000
0.0000000000000000
0.0000000000000000
0.0000000000000000
0.0000000000000000
0.0346433919214315
0.0365628657044203
0.0796440260904880
0.1163846373644546
0.1423848754668381
0.1542314760165233
0.1485488390512620
0.1205193313535160
0.0589389265815347
0.0000000000000000
0.0000000000000000
0.0000000000000000
0.0000000000000000
0.0000000000000000
0.0000000000000000
0.0000000000000000
0.0000000000000000
0.0000000000000000
0.0000000000000000
0.0000000000000000
0.0000000000000000
0.0000000000000000
0.0000000000000000
0.0000000000000000
0.0345786750214734
0.0365102922452900
0.0796150443527057
0.1164347215413927
0.1425124956582609
0.1544191178837095
0.1487522794162918
0.1206300218492600
0.0586475000610665
0.0000000000000000
0.0000000000000000
0.0000000000000000
0.0000000000000000
0.0000000000000000
0.0000000000000000
0.0000000000000000
0.0000000000000000
0.0000000000000000
0.0000000000000000
0.0000000000000000
0.0000000000000000
0.0000000000000000
0.0000000000000000
0.0000000000000000
0.0345121512149111
0.0364556445312192
0.0795983802925901
0.1164956325433385
0.1426482746709428
0.1546106756795551
0.1489527133199294
0.1207243677822290
0.0583080869118839
0.0000000000000000
0.0000000000000000
0.0000000000000000
0.0000000000000000
0.0000000000000000
0.0000000000000000
0.0000000000000000
0.0000000000000000
0.0000000000000000
0.0000000000000000
0.0000000000000000
0.0000000000000000
0.0000000000000000
0.0000000000000000
0.0000000000000000
0.0344438275007231
0.0363989169357583
0.0795940497069182
0.1165672700579149
0.1427919912728246
0.1548058044270301
0.1491496523041280
0.1208016151311621
0.0579192941011999
0.0000000000000000
0.0000000000000000
0.0000000000000000
0.0000000000000000
0.0000000000000000
0.0000000000000000
0.0000000000000000
0.0000000000000000
0.0000000000000000
0.0000000000000000
0.0000000000000000
0.0000000000000000
0.0000000000000000
0.0000000000000000
0.0000000000000000
0.0343737119711032
0.0363401046461365
0.0796020653798722
0.1166495279419336
0.1429434152730618
0.1550041462977202
0.1493425883634210
0.1208609715558083
0.0574796603307995
0.0000000000000000
0.0000000000000000
0.0000000000000000
0.0000000000000000
0.0000000000000000
0.0000000000000000
0.0000000000000000
0.0000000000000000
0.0000000000000000
0.0000000000000000
0.0000000000000000
0.0000000000000000
0.0000000000000000
0.0000000000000000
0.0000000000000000
0.0343018133781821
0.0362792033647533
0.0796224359000922
0.1167422939668276
0.1431023082693947
0.1552053323361155
0.1495309963433319
0.1209016084217670
0.0569876598067243
0.0000000000000000
0.0000000000000000
0.0000000000000000
0.0000000000000000
0.0000000000000000
0.0000000000000000
0.0000000000000000
0.0000000000000000
0.0000000000000000
0.0000000000000000
0.0000000000000000
0.0000000000000000
0.0000000000000000
0.0000000000000000
0.0000000000000000
0.0342281405430556
0.0362162089435126
0.0796551623479537
0.1168454477659183
0.1432684231701603
0.1554089836864765
0.1497143368260102
0.1209226647217980
0.0564417116983340
0.0000000000000000
0.0000000000000000
0.0000000000000000
0.0000000000000000
0.0000000000000000
0.0000000000000000
0.0000000000000000
0.0000000000000000
0.0000000000000000
0.0000000000000000
0.0000000000000000
0.0000000000000000
0.0000000000000000
0.0000000000000000
0.0000000000000000
0.0341527018113829
0.0361511171200176
0.0797002329380887
0.1169588569003568
0.1434415021049076
0.1556147117402711
0.1498920588089581
0.1209232525064579
0.0558401961311604
0.0000000000000000
0.0000000000000000
0.0000000000000000
0.0000000000000000
0.0000000000000000
0.0000000000000000
0.0000000000000000
0.0000000000000000
0.0000000000000000
0.0000000000000000
0.0000000000000000
0.0000000000000000
0.0000000000000000
0.0000000000000000
0.0000000000000000
0.0340755047306593
0.0360839234626028
0.0797576166947020
0.1170823717889866
0.1436212731880319
0.1558221172225557
0.1500636017205549
0.1209024627274119
0.0551814751571523
0.0000000000000000
0.0000000000000000
0.0000000000000000
0.0000000000000000
0.0000000000000000
0.0000000000000000
0.0000000000000000
0.0000000000000000
0.0000000000000000
0.0000000000000000
0.0000000000000000
0.0000000000000000
0.0000000000000000
0.0000000000000000
0.0000000000000000
0.0339965559756585
0.0360146235037942
0.0798272577177964
0.1172158209642643
0.1438074472171169
0.1560307888713449
0.1502283967259930
0.1208593702895475
0.0544639150301372
0.0000000000000000
0.0000000000000000
0.0000000000000000
0.0000000000000000
0.0000000000000000
0.0000000000000000
0.0000000000000000
0.0000000000000000
0.0000000000000000
0.0000000000000000
0.0000000000000000
0.0000000000000000
0.0000000000000000
0.0000000000000000
0.0000000000000000
0.0339158614143401
0.0359432129284165
0.0799090714090801
0.1173590079320340
0.1439997155204416
0.1562403025824102
0.1503858676056502
0.1207930373556342
0.0536859062970084
0.0000000000000000
0.0000000000000000
0.0000000000000000
0.0000000000000000
0.0000000000000000
0.0000000000000000
0.0000000000000000
0.0000000000000000
0.0000000000000000
0.0000000000000000
0.0000000000000000
0.0000000000000000
0.0000000000000000
0.0000000000000000
0.0000000000000000
0.0338334261582477
0.0358696876748516
0.0800029431628062
0.1175117102770474
0.1441977495412373
0.1564502215632699
0.1505354315210288
0.1207025145868589
0.0528458798291214
0.0000000000000000
0.0000000000000000
0.0000000000000000
0.0000000000000000
0.0000000000000000
0.0000000000000000
0.0000000000000000
0.0000000000000000
0.0000000000000000
0.0000000000000000
0.0000000000000000
0.0000000000000000
0.0000000000000000
0.0000000000000000
0.0000000000000000
0.0337492545203436
0.0357940438939314
0.0801087292337244
0.1176736807140860
0.1444012019978629
0.1566600974234902
0.1506764997244287
0.1205868405486010
0.0519423198311422
0.0000000000000000
0.0000000000000000
0.0000000000000000
0.0000000000000000
0.0000000000000000
0.0000000000000000
0.0000000000000000
0.0000000000000000
0.0000000000000000
0.0000000000000000
0.0000000000000000
0.0000000000000000
0.0000000000000000
0.0000000000000000
0.0000000000000000
0.0336633499166056
0.0357558338208078
0.0802262589068613
0.1178446493032276
0.1446097088958992
0.1568694716922743
0.1508084780699220
0.1204450398436106
0.0509737764347389
0.0000000000000000
0.0000000000000000
0.0000000000000000
0.0000000000000000
0.0000000000000000
0.0000000000000000
0.0000000000000000
0.0000000000000000
0.0000000000000000
0.0000000000000000
0.0000000000000000
0.0000000000000000
0.0000000000000000
0.0000000000000000
0.0000000000000000
0.0335757148097347
0.0358317033681515
0.0803553372508731
0.1180243260274243
0.1448228916868854
0.1570778772225069
0.1509307671388188
0.1202761205458502
0.0499388808750530
0.0000000000000000
0.0000000000000000
0.0000000000000000
0.0000000000000000
0.0000000000000000
0.0000000000000000
0.0000000000000000
0.0000000000000000
0.0000000000000000
0.0000000000000000
0.0000000000000000
0.0000000000000000
0.0000000000000000
0.0000000000000000
0.0000000000000000
0.0334863507562769
0.0359207774933202
0.0804957479190135
0.1182124033007152
0.1450403591913753
0.1572848392486009
0.1510427619740607
0.1200790713298519
0.0488363652104505
0.0000000000000000
0.0000000000000000
0.0000000000000000
0.0000000000000000
0.0000000000000000
0.0000000000000000
