0.0000000000000000
0.0000000000000000
0.0000000000000000
0.0000000000000000
0.0255082209953633
0.0642140756606054
0.0942842792824282
0.1128719681240787
0.1190141100292248
0.1127275608337567
0.0949454623889849
0.0674892199896437
0.0000000000000000
0.0000000000000000
0.0000000000000000
0.0000000000000000
0.0000000000000000
0.0000000000000000
0.0000000000000000
0.0000000000000000
0.0000000000000000
0.0000000000000000
0.0000000000000000
0.0000000000000000
0.0000000000000000
0.0000000000000000
0.0000000000000000
0.0000000000000000
0.0251410846862742
0.0640185364781927
0.0942443021592104
0.1129671066863902
0.1192278171339469
0.1130414641446701
0.0953372519652929
0.0679323580035626
0.0000000000000000
0.0000000000000000
0.0000000000000000
0.0000000000000000
0.0000000000000000
0.0000000000000000
0.0000000000000000
0.0000000000000000
0.0000000000000000
0.0000000000000000
0.0000000000000000
0.0000000000000000
0.0000000000000000
0.0000000000000000
0.0000000000000000
0.0000000000000000
0.0247687912679982
0.0638299067019830
0.0942172212470331
0.1130777020022552
0.1194577063516599
0.1133711477587111
0.0957436989134819
0.0683886145300075
0.0000000000000000
0.0000000000000000
0.0000000000000000
0.0000000000000000
0.0000000000000000
0.0000000000000000
0.0000000000000000
0.0000000000000000
0.0000000000000000
0.0000000000000000
0.0000000000000000
0.0000000000000000
0.0000000000000000
0.0000000000000000
0.0000000000000000
0.0000000000000000
0.0243909136967636
0.0636479997979085
0.0942029051826872
0.1132035819892082
0.1197035408506699
0.1137163120693667
0.0961644549715700
0.0688576134628608
0.0000000000000000
0.0000000000000000
0.0000000000000000
0.0000000000000000
0.0000000000000000
0.0000000000000000
0.0000000000000000
0.0000000000000000
0.0000000000000000
0.0000000000000000
0.0000000000000000
0.0000000000000000
0.0000000000000000
0.0000000000000000
0.0000000000000000
0.0000000000000000
0.0240069889991077
0.0634726037218776
0.0942012043483999
0.1133445591572024
0.1199650706684040
0.1140766468270857
0.0965991639788320
0.0693389736513328
0.0000000000000000
0.0000000000000000
0.0000000000000000
0.0000000000000000
0.0000000000000000
0.0000000000000000
0.0000000000000000
0.0000000000000000
0.0000000000000000
0.0000000000000000
0.0000000000000000
0.0000000000000000
0.0000000000000000
0.0000000000000000
0.0000000000000000
0.0000000000000000
0.0236165214831744
0.0633034826277665
0.0942119523911643
0.1135004317380186
0.1202420333927248
0.1144518313803038
0.0970474617270958
0.0698323084086946
0.0000000000000000
0.0000000000000000
0.0000000000000000
0.0000000000000000
0.0000000000000000
0.0000000000000000
0.0000000000000000
0.0000000000000000
0.0000000000000000
0.0000000000000000
0.0000000000000000
0.0000000000000000
0.0000000000000000
0.0000000000000000
0.0000000000000000
0.0000000000000000
0.0232189855154273
0.0631403778776707
0.0942349672266368
0.1136709844939672
0.1205341547581510
0.1148415350559928
0.0975089761304148
0.0703372255282417
0.0000000000000000
0.0000000000000000
0.0000000000000000
0.0000000000000000
0.0000000000000000
0.0000000000000000
0.0000000000000000
0.0000000000000000
0.0000000000000000
0.0000000000000000
0.0000000000000000
0.0000000000000000
0.0000000000000000
0.0000000000000000
0.0000000000000000
0.0000000000000000
0.0228138280483550
0.0629830084339370
0.0942700515340387
0.1138559891978900
0.1208411490838546
0.1152454175591838
0.0979833275961810
0.0708533275921537
0.0000000000000000
0.0000000000000000
0.0000000000000000
0.0000000000000000
0.0000000000000000
0.0000000000000000
0.0000000000000000
0.0000000000000000
0.0000000000000000
0.0000000000000000
0.0000000000000000
0.0000000000000000
0.0000000000000000
0.0000000000000000
0.0000000000000000
0.0000000000000000
0.0224004711673863
0.0628310707647740
0.0943169928354825
0.1140552047685341
0.1211627194833689
0.1156631292577219
0.0984701293651329
0.0713802123803184
0.0000000000000000
0.0000000000000000
0.0000000000000000
0.0000000000000000
0.0000000000000000
0.0000000000000000
0.0000000000000000
0.0000000000000000
0.0000000000000000
0.0000000000000000
0.0000000000000000
0.0000000000000000
0.0000000000000000
0.0000000000000000
0.0000000000000000
0.0000000000000000
0.0219783150730504
0.0626842385350937
0.0943755632955322
0.1142683771492670
0.1214985578326342
0.1160943112512557
0.0989689876852814
0.0719174731013134
0.0000000000000000
0.0000000000000000
0.0000000000000000
0.0000000000000000
0.0000000000000000
0.0000000000000000
0.0000000000000000
0.0000000000000000
0.0000000000000000
0.0000000000000000
0.0000000000000000
0.0000000000000000
0.0000000000000000
0.0000000000000000
0.0000000000000000
0.0000000000000000
0.0215467418654871
0.0625421623716760
0.0944455195102703
0.1144952390665971
0.1218483445460745
0.1165385951849679
0.0994795016542228
0.0724646982773863
0.0000000000000000
0.0000000000000000
0.0000000000000000
0.0000000000000000
0.0000000000000000
0.0000000000000000
0.0000000000000000
0.0000000000000000
0.0000000000000000
0.0000000000000000
0.0000000000000000
0.0000000000000000
0.0000000000000000
0.0000000000000000
0.0000000000000000
0.0000000000000000
0.0211051206486808
0.0624044700740943
0.0945266025246717
0.1147355098606275
0.1222117482462400
0.1169956027826221
0.1000012626468850
0.0730214710710844
0.0000000000000000
0.0000000000000000
0.0000000000000000
0.0000000000000000
0.0000000000000000
0.0000000000000000
0.0000000000000000
0.0000000000000000
0.0000000000000000
0.0000000000000000
0.0000000000000000
0.0000000000000000
0.0000000000000000
0.0000000000000000
0.0000000000000000
0.0000000000000000
0.0206528142466454
0.0622707675070672
0.0946185383112745
0.1149888955110753
0.1225884253937488
0.1174649451239775
0.1005338532752405
0.0735873680011374
0.0000000000000000
0.0000000000000000
0.0000000000000000
0.0000000000000000
0.0000000000000000
0.0000000000000000
0.0000000000000000
0.0000000000000000
0.0000000000000000
0.0000000000000000
0.0000000000000000
0.0000000000000000
0.0000000000000000
0.0000000000000000
0.0000000000000000
0.0000000000000000
0.0201891877321870
0.0621406402002832
0.0947210386472174
0.1152550888324479
0.1229780198478200
0.1179462216324727
0.1010768458930919
0.0741619570577470
0.0000000000000000
0.0000000000000000
0.0000000000000000
0.0000000000000000
0.0000000000000000
0.0000000000000000
0.0000000000000000
0.0000000000000000
0.0000000000000000
0.0000000000000000
0.0000000000000000
0.0000000000000000
0.0000000000000000
0.0000000000000000
0.0000000000000000
0.0000000000000000
0.0197136187161264
0.0620136553997608
0.0948338021808867
0.1155337696249112
0.1233801622186948
0.1184390187249129
0.1016298006453599
0.0747447953108104
0.0000000000000000
0.0000000000000000
0.0000000000000000
0.0000000000000000
0.0000000000000000
0.0000000000000000
0.0000000000000000
0.0000000000000000
0.0000000000000000
0.0000000000000000
0.0000000000000000
0.0000000000000000
0.0000000000000000
0.0000000000000000
0.0000000000000000
0.0000000000000000
0.0192255093636635
0.0618893643488544
0.0949565154095638
0.1158246046048082
0.1237944689049446
0.1189429080965423
0.1021922631542301
0.0753354261417374
0.0000000000000000
0.0000000000000000
0.0000000000000000
0.0000000000000000
0.0000000000000000
0.0000000000000000
0.0000000000000000
0.0000000000000000
0.0000000000000000
0.0000000000000000
0.0000000000000000
0.0000000000000000
0.0000000000000000
0.0000000000000000
0.0000000000000000
0.0000000000000000
0.0187243000301516
0.0617673046235986
0.0950888535619810
0.1161272471810546
0.1242205410047618
0.1194574449258477
0.1027637621642159
0.0759333765133785
0.0000000000000000
0.0000000000000000
0.0000000000000000
0.0000000000000000
0.0000000000000000
0.0000000000000000
0.0000000000000000
0.0000000000000000
0.0000000000000000
0.0000000000000000
0.0000000000000000
0.0000000000000000
0.0000000000000000
0.0000000000000000
0.0000000000000000
0.0000000000000000
0.0182094841837800
0.0616470025507572
0.0952304816411730
0.1164413375709427
0.1246579637201429
0.1199821667209651
0.1033438079590317
0.0765381550650587
0.0000000000000000
0.0000000000000000
0.0000000000000000
0.0000000000000000
0.0000000000000000
0.0000000000000000
0.0000000000000000
0.0000000000000000
0.0000000000000000
0.0000000000000000
0.0000000000000000
0.0000000000000000
0.0000000000000000
0.0000000000000000
0.0000000000000000
0.0000000000000000
0.0176806237269245
0.0615279754677841
0.0953810559126227
0.1167665038214552
0.1251063070706975
0.1205165937900153
0.1039318926243527
0.0771492522178637
0.0000000000000000
0.0000000000000000
0.0000000000000000
0.0000000000000000
0.0000000000000000
0.0000000000000000
0.0000000000000000
0.0000000000000000
0.0000000000000000
0.0000000000000000
0.0000000000000000
0.0000000000000000
0.0000000000000000
0.0000000000000000
0.0000000000000000
0.0000000000000000
0.0171373635878297
0.0614097331844619
0.0955402256574125
0.1171023639176204
0.1255651283278298
0.1210602319402292
0.1045274929273240
0.0777661431050403
0.0000000000000000
0.0000000000000000
0.0000000000000000
0.0000000000000000
0.0000000000000000
0.0000000000000000
0.0000000000000000
0.0000000000000000
0.0000000000000000
0.0000000000000000
0.0000000000000000
0.0000000000000000
0.0000000000000000
0.0000000000000000
0.0000000000000000
0.0000000000000000
0.0165794447255380
0.0612917777787289
0.0957076344563406
0.1174485283201017
0.1260339756496665
0.1216125770223614
0.1051300755349648
0.0783882932231215
0.0000000000000000
0.0000000000000000
0.0000000000000000
0.0000000000000000
0.0000000000000000
0.0000000000000000
0.0000000000000000
0.0000000000000000
0.0000000000000000
0.0000000000000000
0.0000000000000000
0.0000000000000000
0.0000000000000000
0.0000000000000000
0.0000000000000000
0.0000000000000000
0.0160067160143515
0.0611736010416848
0.0958829199274822
0.1178046016672885
0.1265123915115555
0.1221731198464417
0.1057391031292940
0.0790151653545287
0.0000000000000000
0.0000000000000000
0.0000000000000000
0.0000000000000000
0.0000000000000000
0.0000000000000000
0.0000000000000000
0.0000000000000000
0.0000000000000000
0.0000000000000000
0.0000000000000000
0.0000000000000000
0.0000000000000000
0.0000000000000000
0.0000000000000000
0.0000000000000000
0.0154191466930441
0.0610546798445092
0.0960657113473208
0.1181701824988643
0.1269999144198391
0.1227413497028933
0.1063540394367813
0.0796462257471617
0.0000000000000000
0.0000000000000000
0.0000000000000000
0.0000000000000000
0.0000000000000000
0.0000000000000000
0.0000000000000000
0.0000000000000000
0.0000000000000000
0.0000000000000000
0.0000000000000000
0.0000000000000000
0.0000000000000000
0.0000000000000000
0.0000000000000000
0.0000000000000000
0.0148168417313317
0.0609344705019011
0.0962556255093756
0.1185448608395219
0.1274960782940163
0.1233167554861425
0.1069743519220064
0.0802809480399390
0.0000000000000000
0.0000000000000000
0.0000000000000000
0.0000000000000000
0.0000000000000000
0.0000000000000000
0.0000000000000000
0.0000000000000000
0.0000000000000000
0.0000000000000000
0.0000000000000000
0.0000000000000000
0.0000000000000000
0.0000000000000000
0.0000000000000000
0.0000000000000000
0.0142000616495256
0.0608124037148111
0.0964522621220456
0.1189282146751427
0.1280004102717083
0.1238988248858565
0.1075995122656849
0.0809188148436096
0.0000000000000000
0.0000000000000000
0.0000000000000000
0.0000000000000000
0.0000000000000000
0.0000000000000000
0.0000000000000000
0.0000000000000000
0.0000000000000000
0.0000000000000000
0.0000000000000000
0.0000000000000000
0.0000000000000000
0.0000000000000000
0.0000000000000000
0.0000000000000000
0.0135692468759150
0.0606878812226521
0.0966552003304443
0.1193198070073001
0.1285124285697192
0.1244870431423878
0.1082289959897299
0.0815593180880215
0.0000000000000000
0.0000000000000000
0.0000000000000000
0.0000000000000000
0.0000000000000000
0.0000000000000000
0.0000000000000000
0.0000000000000000
0.0000000000000000
0.0000000000000000
0.0000000000000000
0.0000000000000000
0.0000000000000000
0.0000000000000000
0.0000000000000000
0.0000000000000000
0.0129250454734828
0.0605602745086346
0.0968639972995000
0.1197191847608941
0.1290316418278483
0.1250808928352752
0.1088622826307527
0.0822019595074598
0.0000000000000000
0.0000000000000000
0.0000000000000000
0.0000000000000000
0.0000000000000000
0.0000000000000000
0.0000000000000000
0.0000000000000000
0.0000000000000000
0.0000000000000000
0.0000000000000000
0.0000000000000000
0.0000000000000000
0.0000000000000000
0.0000000000000000
0.0000000000000000
0.0122683429254186
0.0604289251309001
0.0970781888965958
0.1201258797583114
0.1295575502808582
0.1256798551453864
0.1094988569939941
0.0828462517823709
0.0000000000000000
0.0000000000000000
0.0000000000000000
0.0000000000000000
0.0000000000000000
0.0000000000000000
0.0000000000000000
0.0000000000000000
0.0000000000000000
0.0000000000000000
0.0000000000000000
0.0000000000000000
0.0000000000000000
0.0000000000000000
0.0000000000000000
0.0000000000000000
0.0116002932327190
0.0602931460530572
0.0972972916745631
0.1205394109870689
0.1300896480198897
0.1262834119286410
0.1101382109109237
0.0834917199284061
0.0000000000000000
0.0000000000000000
0.0000000000000000
0.0000000000000000
0.0000000000000000
0.0000000000000000
0.0000000000000000
0.0000000000000000
0.0000000000000000
0.0000000000000000
0.0000000000000000
0.0000000000000000
0.0000000000000000
0.0000000000000000
0.0000000000000000
0.0000000000000000
0.0109223512069403
0.0601522234765706
0.0975208052920219
0.1209592870803776
0.1306274252365010
0.1268910475348088
0.1107798445432267
0.0841379020429650
0.0000000000000000
0.0000000000000000
0.0000000000000000
0.0000000000000000
0.0000000000000000
0.0000000000000000
0.0000000000000000
0.0000000000000000
0.0000000000000000
0.0000000000000000
0.0000000000000000
0.0000000000000000
0.0000000000000000
0.0000000000000000
0.0000000000000000
0.0000000000000000
0.0102363054704516
0.0600054190321020
0.0977482147957583
0.1213850083587998
0.1311703697769601
0.1275022497631526
0.1114232666933559
0.0847843490284480
0.0000000000000000
0.0000000000000000
0.0000000000000000
0.0000000000000000
0.0000000000000000
0.0000000000000000
0.0000000000000000
0.0000000000000000
0.0000000000000000
0.0000000000000000
0.0000000000000000
0.0000000000000000
