0.0000000000000000
0.0000000000000000
0.0000000000000000
0.0000000000000000
0.0127541869271013
0.0642142137275148
0.0942844087668097
0.1128720917067772
0.1190142260843235
0.1127276662734295
0.0949455540916665
0.0674892956268025
0.0000000000000000
0.0000000000000000
0.0000000000000000
0.0000000000000000
0.0000000000000000
0.0000000000000000
0.0000000000000000
0.0000000000000000
0.0000000000000000
0.0000000000000000
0.0000000000000000
0.0000000000000000
0.0000000000000000
0.0000000000000000
0.0000000000000000
0.0000000000000000
0.0125706190252035
0.0640186746863679
0.0942444315846702
0.1129672301622347
0.1192279330836520
0.1130415694938635
0.0953373435917122
0.0679324335720233
0.0000000000000000
0.0000000000000000
0.0000000000000000
0.0000000000000000
0.0000000000000000
0.0000000000000000
0.0000000000000000
0.0000000000000000
0.0000000000000000
0.0000000000000000
0.0000000000000000
0.0000000000000000
0.0000000000000000
0.0000000000000000
0.0000000000000000
0.0000000000000000
0.0123844725891293
0.0638300450577279
0.0942173506026279
0.1130778253548196
0.1194578221773867
0.1133712529977321
0.0957437904432691
0.0683886900090632
0.0000000000000000
0.0000000000000000
0.0000000000000000
0.0000000000000000
0.0000000000000000
0.0000000000000000
0.0000000000000000
0.0000000000000000
0.0000000000000000
0.0000000000000000
0.0000000000000000
0.0000000000000000
0.0000000000000000
0.0000000000000000
0.0000000000000000
0.0000000000000000
0.0121955340970189
0.0636481383080675
0.0942030344575260
0.1132037052020143
0.1197036565337497
0.1137164171784242
0.0961645463842493
0.0688576888316970
0.0000000000000000
0.0000000000000000
0.0000000000000000
0.0000000000000000
0.0000000000000000
0.0000000000000000
0.0000000000000000
0.0000000000000000
0.0000000000000000
0.0000000000000000
0.0000000000000000
0.0000000000000000
0.0000000000000000
0.0000000000000000
0.0000000000000000
0.0000000000000000
0.0120035720620472
0.0634727423938399
0.0942013335316365
0.1133446822137143
0.1199651861900822
0.1140767517862897
0.0965992552538232
0.0693390488890317
0.0000000000000000
0.0000000000000000
0.0000000000000000
0.0000000000000000
0.0000000000000000
0.0000000000000000
0.0000000000000000
0.0000000000000000
0.0000000000000000
0.0000000000000000
0.0000000000000000
0.0000000000000000
0.0000000000000000
0.0000000000000000
0.0000000000000000
0.0000000000000000
0.0118083386380501
0.0633036214694720
0.0942120814719885
0.1135005546216357
0.1202421487341565
0.1144519361696649
0.0970475528437159
0.0698323834942365
0.0000000000000000
0.0000000000000000
0.0000000000000000
0.0000000000000000
0.0000000000000000
0.0000000000000000
0.0000000000000000
0.0000000000000000
0.0000000000000000
0.0000000000000000
0.0000000000000000
0.0000000000000000
0.0000000000000000
0.0000000000000000
0.0000000000000000
0.0000000000000000
0.0116095710078525
0.0631405168976116
0.0942350961942647
0.1136711071880175
0.1205342699003981
0.1148416396554202
0.0975090670678781
0.0703373004405088
0.0000000000000000
0.0000000000000000
0.0000000000000000
0.0000000000000000
0.0000000000000000
0.0000000000000000
0.0000000000000000
0.0000000000000000
0.0000000000000000
0.0000000000000000
0.0000000000000000
0.0000000000000000
0.0000000000000000
0.0000000000000000
0.0000000000000000
0.0000000000000000
0.0114069926470891
0.0629831476411615
0.0942701803777031
0.1138561116856228
0.1208412640078812
0.1152455219484846
0.0979834183335997
0.0708534023099317
0.0000000000000000
0.0000000000000000
0.0000000000000000
0.0000000000000000
0.0000000000000000
0.0000000000000000
0.0000000000000000
0.0000000000000000
0.0000000000000000
0.0000000000000000
0.0000000000000000
0.0000000000000000
0.0000000000000000
0.0000000000000000
0.0000000000000000
0.0000000000000000
0.0112003145976253
0.0628312101688864
0.0943171215444221
0.1140553270331126
0.1211628341700376
0.1156632334165993
0.0984702198815187
0.0713802868822990
0.0000000000000000
0.0000000000000000
0.0000000000000000
0.0000000000000000
0.0000000000000000
0.0000000000000000
0.0000000000000000
0.0000000000000000
0.0000000000000000
0.0000000000000000
0.0000000000000000
0.0000000000000000
0.0000000000000000
0.0000000000000000
0.0000000000000000
0.0000000000000000
0.0109892369585958
0.0626843781462548
0.0943756918589808
0.1142684991737618
0.1214986722627030
0.1160944151593089
0.0989690779595457
0.0719175473660978
0.0000000000000000
0.0000000000000000
0.0000000000000000
0.0000000000000000
0.0000000000000000
0.0000000000000000
0.0000000000000000
0.0000000000000000
0.0000000000000000
0.0000000000000000
0.0000000000000000
0.0000000000000000
0.0000000000000000
0.0000000000000000
0.0000000000000000
0.0000000000000000
0.0107734507786107
0.0625423022006017
0.0944456479174463
0.1144953608339786
0.1218484587001938
0.1165386988216914
0.0994795916651799
0.0724647722834889
0.0000000000000000
0.0000000000000000
0.0000000000000000
0.0000000000000000
0.0000000000000000
0.0000000000000000
0.0000000000000000
0.0000000000000000
0.0000000000000000
0.0000000000000000
0.0000000000000000
0.0000000000000000
0.0000000000000000
0.0000000000000000
0.0000000000000000
0.0000000000000000
0.0105526406078177
0.0624046101320528
0.0945267307647674
0.1147356313537604
0.1222118621049501
0.1169957061274067
0.1000013523732541
0.0730215447969373
0.0000000000000000
0.0000000000000000
0.0000000000000000
0.0000000000000000
0.0000000000000000
0.0000000000000000
0.0000000000000000
0.0000000000000000
0.0000000000000000
0.0000000000000000
0.0000000000000000
0.0000000000000000
0.0000000000000000
0.0000000000000000
0.0000000000000000
0.0000000000000000
0.0103264878559334
0.0622709078058745
0.0946186663734447
0.1149890167127128
0.1225885389374788
0.1174650481561115
0.1005339426956492
0.0735874414250954
0.0000000000000000
0.0000000000000000
0.0000000000000000
0.0000000000000000
0.0000000000000000
0.0000000000000000
0.0000000000000000
0.0000000000000000
0.0000000000000000
0.0000000000000000
0.0000000000000000
0.0000000000000000
0.0000000000000000
0.0000000000000000
0.0000000000000000
0.0000000000000000
0.0100946750565535
0.0621407807522934
0.0947211665205685
0.1152552097252258
0.1229781330568860
0.1179463243311432
0.1010769349860802
0.0741620301580926
0.0000000000000000
0.0000000000000000
0.0000000000000000
0.0000000000000000
0.0000000000000000
0.0000000000000000
0.0000000000000000
0.0000000000000000
0.0000000000000000
0.0000000000000000
0.0000000000000000
0.0000000000000000
0.0000000000000000
0.0000000000000000
0.0000000000000000
0.0000000000000000
0.0098568910116866
0.0620137962178559
0.0948339298544642
0.1155338901913434
0.1233802750732999
0.1184391210692083
0.1016298893893832
0.0747448680657599
0.0000000000000000
0.0000000000000000
0.0000000000000000
0.0000000000000000
0.0000000000000000
0.0000000000000000
0.0000000000000000
0.0000000000000000
0.0000000000000000
0.0000000000000000
0.0000000000000000
0.0000000000000000
0.0000000000000000
0.0000000000000000
0.0000000000000000
0.0000000000000000
0.0096128367998483
0.0618895054464285
0.0949566428723412
0.1158247248272826
0.1237945813851798
0.1189430100654554
0.1021923515276654
0.0753354985294468
0.0000000000000000
0.0000000000000000
0.0000000000000000
0.0000000000000000
0.0000000000000000
0.0000000000000000
0.0000000000000000
0.0000000000000000
0.0000000000000000
0.0000000000000000
0.0000000000000000
0.0000000000000000
0.0000000000000000
0.0000000000000000
0.0000000000000000
0.0000000000000000
0.0093622325938544
0.0617674460145356
0.0950889808028475
0.1161273670418308
0.1242206530906078
0.1194575464982811
0.1027638501453679
0.0759334485119521
0.0000000000000000
0.0000000000000000
0.0000000000000000
0.0000000000000000
0.0000000000000000
0.0000000000000000
0.0000000000000000
0.0000000000000000
0.0000000000000000
0.0000000000000000
0.0000000000000000
0.0000000000000000
0.0000000000000000
0.0000000000000000
0.0000000000000000
0.0000000000000000
0.0091048251220561
0.0616471442494055
0.0952306086489211
0.1164414570521501
0.1246580753914741
0.1199822678757366
0.1033438955261403
0.0765382266525574
0.0000000000000000
0.0000000000000000
0.0000000000000000
0.0000000000000000
0.0000000000000000
0.0000000000000000
0.0000000000000000
0.0000000000000000
0.0000000000000000
0.0000000000000000
0.0000000000000000
0.0000000000000000
0.0000000000000000
0.0000000000000000
0.0000000000000000
0.0000000000000000
0.0088403953289072
0.0615281174889245
0.0953811826759359
0.1167666229050914
0.1251064183072853
0.1205166945058645
0.1039319797556009
0.0771493233723141
0.0000000000000000
0.0000000000000000
0.0000000000000000
0.0000000000000000
0.0000000000000000
0.0000000000000000
0.0000000000000000
0.0000000000000000
0.0000000000000000
0.0000000000000000
0.0000000000000000
0.0000000000000000
0.0000000000000000
0.0000000000000000
0.0000000000000000
0.0000000000000000
0.0085687656706895
0.0614098755432710
0.0955403521648500
0.1171024825855487
0.1255652391093452
0.1210603321958220
0.1045275796008430
0.0777662138044413
0.0000000000000000
0.0000000000000000
0.0000000000000000
0.0000000000000000
0.0000000000000000
0.0000000000000000
0.0000000000000000
0.0000000000000000
0.0000000000000000
0.0000000000000000
0.0000000000000000
0.0000000000000000
0.0000000000000000
0.0000000000000000
0.0000000000000000
0.0000000000000000
0.0082898066178565
0.0612919204907417
0.0957077606963213
0.1174486465540461
0.1260340859556811
0.1216126767962933
0.1051301617288393
0.0783883634454501
0.0000000000000000
0.0000000000000000
0.0000000000000000
0.0000000000000000
0.0000000000000000
0.0000000000000000
0.0000000000000000
0.0000000000000000
0.0000000000000000
0.0000000000000000
0.0000000000000000
0.0000000000000000
0.0000000000000000
0.0000000000000000
0.0000000000000000
0.0000000000000000
0.0080034425971382
0.0611737441227554
0.0958830458882656
0.1178047194488272
0.1265125013215393
0.1221732191172387
0.1057391888215652
0.0790152350777436
0.0000000000000000
0.0000000000000000
0.0000000000000000
0.0000000000000000
0.0000000000000000
0.0000000000000000
0.0000000000000000
0.0000000000000000
0.0000000000000000
0.0000000000000000
0.0000000000000000
0.0000000000000000
0.0000000000000000
0.0000000000000000
0.0000000000000000
0.0000000000000000
0.0077096582160131
0.0610548233107720
0.0960658370169902
0.1181702998094223
0.1270000237131595
0.1227414484490139
0.1063541246054498
0.0796462949492089
0.0000000000000000
0.0000000000000000
0.0000000000000000
0.0000000000000000
0.0000000000000000
0.0000000000000000
0.0000000000000000
0.0000000000000000
0.0000000000000000
0.0000000000000000
0.0000000000000000
0.0000000000000000
0.0000000000000000
0.0000000000000000
0.0000000000000000
0.0000000000000000
0.0074085059458064
0.0609346143697328
0.0962557508758199
0.1185449776603657
0.1274961870499388
0.1233168536859818
0.1069744365450396
0.0802810166987607
0.0000000000000000
0.0000000000000000
0.0000000000000000
0.0000000000000000
0.0000000000000000
0.0000000000000000
0.0000000000000000
0.0000000000000000
0.0000000000000000
0.0000000000000000
0.0000000000000000
0.0000000000000000
0.0000000000000000
0.0000000000000000
0.0000000000000000
0.0000000000000000
0.0071001160313815
0.0608125480007914
0.0964523871729456
0.1189283309873779
0.1280005184694006
0.1238989225177549
0.1075995963210282
0.0809188829371569
0.0000000000000000
0.0000000000000000
0.0000000000000000
0.0000000000000000
0.0000000000000000
0.0000000000000000
0.0000000000000000
0.0000000000000000
0.0000000000000000
0.0000000000000000
0.0000000000000000
0.0000000000000000
0.0000000000000000
0.0000000000000000
0.0000000000000000
0.0000000000000000
0.0067847086697089
0.0606880259435236
0.0966553250532600
0.1193199227918719
0.1285125361882587
0.1244871401846423
0.1082290794553216
0.0815593855942722
0.0000000000000000
0.0000000000000000
0.0000000000000000
0.0000000000000000
0.0000000000000000
0.0000000000000000
0.0000000000000000
0.0000000000000000
0.0000000000000000
0.0000000000000000
0.0000000000000000
0.0000000000000000
0.0000000000000000
0.0000000000000000
0.0000000000000000
0.0000000000000000
0.0064626078731270
0.0605604196812595
0.0968641216814605
0.1197192999985894
0.1290317488462313
0.1250809892661538
0.1088623654845406
0.0822020264044367
0.0000000000000000
0.0000000000000000
0.0000000000000000
0.0000000000000000
0.0000000000000000
0.0000000000000000
0.0000000000000000
0.0000000000000000
0.0000000000000000
0.0000000000000000
0.0000000000000000
0.0000000000000000
0.0000000000000000
0.0000000000000000
0.0000000000000000
0.0000000000000000
0.0061342563620393
0.0604290707722163
0.0970783129246885
0.1201259944297617
0.1295576566780089
0.1256799509431402
0.1094989392139510
0.0828463180481583
0.0000000000000000
0.0000000000000000
0.0000000000000000
0.0000000000000000
0.0000000000000000
0.0000000000000000
0.0000000000000000
0.0000000000000000
0.0000000000000000
0.0000000000000000
0.0000000000000000
0.0000000000000000
0.0000000000000000
0.0000000000000000
0.0000000000000000
0.0000000000000000
0.0058002311137098
0.0602932921800317
0.0972974153355226
0.1205395250727506
0.1300897537746672
0.1262835070715155
0.1101382924750612
0.0834917855411664
0.0000000000000000
0.0000000000000000
0.0000000000000000
0.0000000000000000
0.0000000000000000
0.0000000000000000
0.0000000000000000
0.0000000000000000
0.0000000000000000
0.0000000000000000
0.0000000000000000
0.0000000000000000
0.0000000000000000
0.0000000000000000
0.0000000000000000
0.0000000000000000
0.0054612595087100
0.0601523701061512
0.0975209285723161
0.1209594005606109
0.1306275303277040
0.1268911420010521
0.1107799254296058
0.0841379669809493
0.0000000000000000
0.0000000000000000
0.0000000000000000
0.0000000000000000
0.0000000000000000
0.0000000000000000
0.0000000000000000
0.0000000000000000
0.0000000000000000
0.0000000000000000
0.0000000000000000
0.0000000000000000
0.0000000000000000
0.0000000000000000
0.0000000000000000
0.0000000000000000
0.0051182358312217
0.0600055661811658
0.0977483376815767
0.1213851212137471
0.1311704741833304
0.1275023435310222
0.1114233468800951
0.0847844132700072
0.0000000000000000
0.0000000000000000
0.0000000000000000
0.0000000000000000
0.0000000000000000
0.0000000000000000
0.0000000000000000
0.0000000000000000
0.0000000000000000
0.0000000000000000
0.0000000000000000
0.0000000000000000
