0.0000000000000000
0.0000000000000000
0.0000000000000000
0.0000000000000000
0.0878721416092150
0.1438491718822280
0.1552806965906187
0.1426949241491887
0.1149129071040347
0.0775480495235598
0.0371092530022771
0.0370450887978807
0.0000000000000000
0.0000000000000000
0.0000000000000000
0.0000000000000000
0.0135619554700180
0.0056145612892358
0.0000000000000000
0.0000000000000000
0.0000000000000000
0.0000000000000000
0.0000000000000000
0.0000000000000000
0.0000000000000000
0.0000000000000000
0.0000000000000000
0.0000000000000000
0.0866904792642901
0.1434581434973272
0.1552198156561691
0.1428003278422313
0.1151066203209522
0.0777787305160648
0.0370869189724447
0.0370366696619958
0.0000000000000000
0.0000000000000000
0.0000000000000000
0.0000000000000000
0.0135857927116003
0.0056354946480927
0.0000000000000000
0.0000000000000000
0.0000000000000000
0.0000000000000000
0.0000000000000000
0.0000000000000000
0.0000000000000000
0.0000000000000000
0.0000000000000000
0.0000000000000000
0.0854589218485019
0.1430469072977992
0.1551468125278275
0.1428950210683317
0.1152889155378745
0.0779966031622451
0.0370626089398388
0.0370261114927262
0.0000000000000000
0.0000000000000000
0.0000000000000000
0.0000000000000000
0.0136057472133640
0.0056517260371458
0.0000000000000000
0.0000000000000000
0.0000000000000000
0.0000000000000000
0.0000000000000000
0.0000000000000000
0.0000000000000000
0.0000000000000000
0.0000000000000000
0.0000000000000000
0.0841770109408903
0.1426152506366277
0.1550615086664926
0.1429787772850862
0.1154595315139902
0.0782014003035537
0.0370363196890942
0.0370133991632737
0.0000000000000000
0.0000000000000000
0.0000000000000000
0.0000000000000000
0.0136217843411879
0.0056632245562180
0.0000000000000000
0.0000000000000000
0.0000000000000000
0.0000000000000000
0.0000000000000000
0.0000000000000000
0.0000000000000000
0.0000000000000000
0.0000000000000000
0.0000000000000000
0.0828442937827045
0.1421629512311450
0.1549637234728345
0.1430513715087476
0.1156182118369050
0.0783928627661378
0.0370080473281307
0.0369985171682361
0.0000000000000000
0.0000000000000000
0.0000000000000000
0.0000000000000000
0.0136338709303530
0.0056699610137600
0.0000000000000000
0.0000000000000000
0.0000000000000000
0.0000000000000000
0.0000000000000000
0.0000000000000000
0.0000000000000000
0.0000000000000000
0.0000000000000000
0.0000000000000000
0.0814603333262238
0.1416897783209099
0.1548532742749817
0.1431125795659775
0.1157647037090311
0.0785707378243987
0.0369777873048089
0.0369814495813299
0.0000000000000000
0.0000000000000000
0.0000000000000000
0.0000000000000000
0.0136419749920036
0.0056719075587724
0.0000000000000000
0.0000000000000000
0.0000000000000000
0.0000000000000000
0.0000000000000000
0.0000000000000000
0.0000000000000000
0.0000000000000000
0.0000000000000000
0.0000000000000000
0.0800247178091933
0.1411954934092187
0.1547299764238387
0.1431621778030243
0.1158987573766097
0.0787347784784314
0.0369455344187023
0.0369621800413151
0.0000000000000000
0.0000000000000000
0.0000000000000000
0.0000000000000000
0.0136460655737966
0.0056690374897442
0.0000000000000000
0.0000000000000000
0.0000000000000000
0.0000000000000000
0.0000000000000000
0.0000000000000000
0.0000000000000000
0.0000000000000000
0.0000000000000000
0.0000000000000000
0.0785370702738318
0.1406798506805077
0.1545936434907071
0.1431999431614981
0.1160201261594144
0.0788847434158017
0.0369112828333691
0.0369406917657602
0.0000000000000000
0.0000000000000000
0.0000000000000000
0.0000000000000000
0.0136461127512973
0.0056613252323104
0.0000000000000000
0.0000000000000000
0.0000000000000000
0.0000000000000000
0.0000000000000000
0.0000000000000000
0.0000000000000000
0.0000000000000000
0.0000000000000000
0.0000000000000000
0.0769970586893299
0.1401425972593773
0.1544440875713615
0.1432256535505783
0.1161285668621574
0.0790203974714178
0.0368750261000978
0.0369169675931782
0.0000000000000000
0.0000000000000000
0.0000000000000000
0.0000000000000000
0.0136420877199037
0.0056487464355288
0.0000000000000000
0.0000000000000000
0.0000000000000000
0.0000000000000000
0.0000000000000000
0.0000000000000000
0.0000000000000000
0.0000000000000000
0.0000000000000000
0.0000000000000000
0.0754044076431286
0.1395834735614272
0.1542811196946032
0.1432390883568387
0.1162238403951105
0.0791415122915031
0.0368367571993995
0.0368909900469626
0.0000000000000000
0.0000000000000000
0.0000000000000000
0.0000000000000000
0.0136339629238873
0.0056312781314896
0.0000000000000000
0.0000000000000000
0.0000000000000000
0.0000000000000000
0.0000000000000000
0.0000000000000000
0.0000000000000000
0.0000000000000000
0.0000000000000000
0.0000000000000000
0.0737589123965805
0.1390022139582855
0.1541045503216887
0.1432400289387274
0.1163057122887355
0.0792478668895764
0.0369012273867374
0.0368627414128322
0.0000000000000000
0.0000000000000000
0.0000000000000000
0.0000000000000000
0.0136217121624612
0.0056088988720061
0.0000000000000000
0.0000000000000000
0.0000000000000000
0.0000000000000000
0.0000000000000000
0.0000000000000000
0.0000000000000000
0.0000000000000000
0.0000000000000000
0.0000000000000000
0.0720604564517418
0.1383985480340889
0.1539141899256914
0.1432282589204906
0.1163739528478932
0.0793392476983392
0.0369760975267225
0.0368322038180553
0.0000000000000000
0.0000000000000000
0.0000000000000000
0.0000000000000000
0.0136053105946923
0.0055815887707206
0.0000000000000000
0.0000000000000000
0.0000000000000000
0.0000000000000000
0.0000000000000000
0.0000000000000000
0.0000000000000000
0.0000000000000000
0.0000000000000000
0.0000000000000000
0.0703090332818699
0.1377722026273721
0.1537098496593841
0.1432035641987134
0.1164283367713632
0.0794154479854170
0.0370346996182775
0.0367993593086847
0.0000000000000000
0.0000000000000000
0.0000000000000000
0.0000000000000000
0.0135847346304197
0.0055493294220585
0.0000000000000000
0.0000000000000000
0.0000000000000000
0.0000000000000000
0.0000000000000000
0.0000000000000000
0.0000000000000000
0.0000000000000000
0.0000000000000000
0.0000000000000000
0.0685047727793189
0.1371229047763673
0.1534913421692122
0.1431657327134767
0.1164686423311758
0.0794762666729151
0.0370768815073565
0.0367641899336777
0.0000000000000000
0.0000000000000000
0.0000000000000000
0.0000000000000000
0.0135599617405720
0.0055121037579966
0.0000000000000000
0.0000000000000000
0.0000000000000000
0.0000000000000000
0.0000000000000000
0.0000000000000000
0.0000000000000000
0.0000000000000000
0.0000000000000000
0.0000000000000000
0.0666479724641183
0.1364503855600003
0.1532584826629335
0.1431145542050328
0.1164946503825977
0.0795215069712215
0.0371024974461445
0.0367266778579117
0.0000000000000000
0.0000000000000000
0.0000000000000000
0.0000000000000000
0.0135309702773253
0.0054698959339215
0.0000000000000000
0.0000000000000000
0.0000000000000000
0.0000000000000000
0.0000000000000000
0.0000000000000000
0.0000000000000000
0.0000000000000000
0.0000000000000000
0.0000000000000000
0.0647391334360950
0.1357543848343565
0.1530110903264177
0.1430498201453982
0.1165061435314342
0.0795509751357386
0.0371114067600962
0.0366868055202448
0.0000000000000000
0.0000000000000000
0.0000000000000000
0.0000000000000000
0.0134977393603509
0.0054226913247434
0.0000000000000000
0.0000000000000000
0.0000000000000000
0.0000000000000000
0.0000000000000000
0.0000000000000000
0.0000000000000000
0.0000000000000000
0.0000000000000000
0.0000000000000000
0.0627790003738584
0.1350346565542593
0.1527489900420022
0.1429713239375443
0.1165029055395636
0.0795644795122591
0.0371034727742920
0.0366445558227294
0.0000000000000000
0.0000000000000000
0.0000000000000000
0.0000000000000000
0.0134602488145925
0.0053704765881366
0.0000000000000000
0.0000000000000000
0.0000000000000000
0.0000000000000000
0.0000000000000000
0.0000000000000000
0.0000000000000000
0.0000000000000000
0.0000000000000000
0.0000000000000000
0.0607686035912826
0.1342909739551368
0.1524720141047262
0.1428788612291018
0.1164847209553633
0.0795618297816790
0.0370785619161001
0.0365999122928421
0.0000000000000000
0.0000000000000000
0.0000000000000000
0.0000000000000000
0.0067092398609778
0.0053132397028445
0.0000000000000000
0.0000000000000000
0.0000000000000000
0.0000000000000000
0.0000000000000000
0.0000000000000000
0.0000000000000000
0.0000000000000000
0.0000000000000000
0.0000000000000000
0.0587092993265425
0.1335231331848795
0.1521800034256832
0.1427722302053066
0.1164513748982586
0.0795428364404659
0.0370365429629977
0.0365528591444766
0.0000000000000000
0.0000000000000000
0.0000000000000000
0.0000000000000000
0.0066862058336225
0.0052509699076563
0.0000000000000000
0.0000000000000000
0.0000000000000000
0.0000000000000000
0.0000000000000000
0.0000000000000000
0.0000000000000000
0.0000000000000000
0.0000000000000000
0.0000000000000000
0.0566028042556935
0.1327309538577511
0.1518728077679220
0.1426512318557069
0.1164026533091132
0.0795073108883799
0.0369772868911870
0.0365033811980097
0.0000000000000000
0.0000000000000000
0.0000000000000000
0.0000000000000000
0.0066610132245231
0.0051836576459061
0.0000000000000000
0.0000000000000000
0.0000000000000000
0.0000000000000000
0.0000000000000000
0.0000000000000000
0.0000000000000000
0.0000000000000000
0.0000000000000000
0.0000000000000000
0.0544512221760015
0.1319142758585444
0.1515502849720021
0.1425156705367445
0.1163383441755089
0.0794550668809501
0.0369006681488496
0.0364514637064621
0.0000000000000000
0.0000000000000000
0.0000000000000000
0.0000000000000000
0.0066336527612136
0.0051112947810795
0.0000000000000000
0.0000000000000000
0.0000000000000000
0.0000000000000000
0.0000000000000000
0.0000000000000000
0.0000000000000000
0.0000000000000000
0.0000000000000000
0.0000000000000000
0.0522570655214249
0.1310729531906799
0.1512122996846235
0.1423653552746108
0.1162582402669269
0.0793859239166624
0.0368065681418084
0.0363970922107483
0.0000000000000000
0.0000000000000000
0.0000000000000000
0.0000000000000000
0.0066041155553266
0.0050338753843735
0.0000000000000000
0.0000000000000000
0.0000000000000000
0.0000000000000000
0.0000000000000000
0.0000000000000000
0.0000000000000000
0.0000000000000000
0.0000000000000000
0.0000000000000000
0.0500232778172668
0.1302068471403047
0.1508587224267658
0.1422001020904508
0.1161621433998044
0.0792997125882406
0.0366948808969483
0.0363402525556902
0.0000000000000000
0.0000000000000000
0.0000000000000000
0.0000000000000000
0.0065723935862692
0.0049513971987454
0.0000000000000000
0.0000000000000000
0.0000000000000000
0.0000000000000000
0.0000000000000000
0.0000000000000000
0.0000000000000000
0.0000000000000000
0.0000000000000000
0.0000000000000000
0.0477532637976581
0.1293158210346687
0.1504894296146989
0.1420197371417297
0.1160498695949169
0.0791962809351065
0.0365655199738840
0.0362809311130453
0.0000000000000000
0.0000000000000000
0.0000000000000000
0.0000000000000000
0.0065384803430375
0.0048638635825002
0.0000000000000000
0.0000000000000000
0.0000000000000000
0.0000000000000000
0.0000000000000000
0.0000000000000000
0.0000000000000000
0.0000000000000000
0.0000000000000000
0.0000000000000000
0.0454509299512288
0.1283997376954457
0.1501043044872685
0.1418241000087099
0.1159212539760159
0.0790755004037097
0.0364184249010290
0.0362191151320887
0.0000000000000000
0.0000000000000000
0.0000000000000000
0.0000000000000000
0.0065023714426261
0.0047712854798948
0.0000000000000000
0.0000000000000000
0.0000000000000000
0.0000000000000000
0.0000000000000000
0.0000000000000000
0.0000000000000000
0.0000000000000000
0.0000000000000000
0.0000000000000000
0.0431207332642211
0.1274584588318956
0.1497032382555697
0.1416130462383708
0.1157761543269639
0.0789372700260049
0.0362535656639622
0.0361547930572341
0.0000000000000000
0.0000000000000000
0.0000000000000000
0.0000000000000000
0.0064640650387208
0.0046736829900847
0.0000000000000000
0.0000000000000000
0.0000000000000000
0.0000000000000000
0.0000000000000000
0.0000000000000000
0.0000000000000000
0.0000000000000000
0.0000000000000000
0.0000000000000000
0.0407677329201182
0.1264918447385201
0.1492861306382531
0.1413864485496257
0.1156144526814855
0.0787815182053140
0.0360709444658234
0.0360879546763280
0.0000000000000000
0.0000000000000000
0.0000000000000000
0.0000000000000000
0.0064235619325300
0.0045710863181718
0.0000000000000000
0.0000000000000000
0.0000000000000000
0.0000000000000000
0.0000000000000000
0.0000000000000000
0.0000000000000000
0.0000000000000000
0.0000000000000000
0.0000000000000000
0.0383976407656947
0.1254997531161365
0.1488528894012635
0.1411441966318678
0.1154360551002900
0.0786082022941427
0.0358705950545647
0.0360185910681467
0.0000000000000000
0.0000000000000000
0.0000000000000000
0.0000000000000000
0.0063808654211334
0.0044635362364993
0.0000000000000000
0.0000000000000000
0.0000000000000000
0.0000000000000000
0.0000000000000000
0.0000000000000000
0.0000000000000000
0.0000000000000000
0.0000000000000000
0.0000000000000000
0.0360168692137094
0.1244820372023446
0.1484034291742019
0.1408861959660139
0.1152408901905533
0.0784173067339468
0.0357177994633235
0.0359466944280717
0.0000000000000000
0.0000000000000000
0.0000000000000000
0.0000000000000000
0.0063359810005984
0.0043510843608231
0.0000000000000000
0.0000000000000000
0.0000000000000000
0.0000000000000000
0.0000000000000000
0.0000000000000000
0.0000000000000000
0.0000000000000000
0.0000000000000000
0.0000000000000000
0.0336325772700817
0.1234385442779517
0.1479376701992084
0.1406123662924592
0.1150289070871220
0.0782088405485205
0.0356379017890531
0.0358722578859693
0.0000000000000000
0.0000000000000000
0.0000000000000000
0.0000000000000000
0.0062889160408177
0.0042337935600773
0.0000000000000000
0.0000000000000000
0.0000000000000000
0.0000000000000000
0.0000000000000000
0.0000000000000000
0.0000000000000000
0.0000000000000000
0.0000000000000000
0.0000000000000000
0.0312527137052377
0.1223691155634131
0.1474555375232142
0.1403226401561693
0.1148000733821964
0.0779828347650103
0.0355558740455531
0.0357952753894334
0.0170953576821630
0.0000000000000000
0.0000000000000000
0.0000000000000000
0.0062396794929994
0.0041117386730422
0.0000000000000000
0.0000000000000000
0.0000000000000000
0.0000000000000000
0.0000000000000000
0.0000000000000000
