0.0000000000000000
0.0000000000000000
0.0000000000000000
0.0000000000000000
0.0878718132468717
0.1438490487805758
0.1552806905067013
0.1426949929436558
0.1149130255778057
0.0775481975950246
0.0000000000000000
0.0370450857660257
0.0352070756896614
0.0317081781157998
0.0267566940728625
0.0206231290459327
0.0135620004959790
0.0056146173594096
0.0000000000000000
0.0000000000000000
0.0000000000000000
0.0000000000000000
0.0000000000000000
0.0000000000000000
0.0000000000000000
0.0000000000000000
0.0000000000000000
0.0000000000000000
0.0866901467971107
0.1434580184023429
0.1552198085848267
0.1428003961009072
0.1151067385309481
0.0777788785244937
0.0000000000000000
0.0370366665178804
0.0352108944002603
0.0317217800637620
0.0267770338018079
0.0206468468596591
0.0135858376715534
0.0056355506668811
0.0000000000000000
0.0000000000000000
0.0000000000000000
0.0000000000000000
0.0000000000000000
0.0000000000000000
0.0000000000000000
0.0000000000000000
0.0000000000000000
0.0000000000000000
0.0854585850854666
0.1430467801279704
0.1551468044445755
0.1428950887866220
0.1152890334875059
0.0779967511141916
0.0000000000000000
0.0370261082340715
0.0352123424856258
0.0317327232754623
0.0267943797060289
0.0206671837957386
0.0136057921081585
0.0056517820069148
0.0000000000000000
0.0000000000000000
0.0000000000000000
0.0000000000000000
0.0000000000000000
0.0000000000000000
0.0000000000000000
0.0000000000000000
0.0000000000000000
0.0000000000000000
0.0841766696926881
0.1426151213090149
0.1550614995467309
0.1429788444584823
0.1154596492067108
0.0782015482055172
0.0000000000000000
0.0185066977249699
0.0352113948856145
0.0317409753887637
0.0268086952271949
0.0206841024917025
0.0136218291716907
0.0056632804794135
0.0000000000000000
0.0000000000000000
0.0000000000000000
0.0000000000000000
0.0000000000000000
0.0000000000000000
0.0000000000000000
0.0000000000000000
0.0000000000000000
0.0000000000000000
0.0828439478625072
0.1421628196612908
0.1549637132918231
0.1430514381328123
0.1156183292762000
0.0783930106245533
0.0000000000000000
0.0184992566664122
0.0352080265346135
0.0317465044590849
0.0268199446638078
0.0206975668394672
0.0136339156974478
0.0056700168928850
0.0000000000000000
0.0000000000000000
0.0000000000000000
0.0000000000000000
0.0000000000000000
0.0000000000000000
0.0000000000000000
0.0000000000000000
0.0000000000000000
0.0000000000000000
0.0814599825506235
0.1416896444227528
0.1548532630078188
0.1431126456363338
0.1157648208984060
0.0785708856456259
0.0000000000000000
0.0184907228108397
0.0352022122615189
0.0317492788040284
0.0268280929638317
0.0207075417372724
0.0136420196965912
0.0056719633963656
0.0000000000000000
0.0000000000000000
0.0000000000000000
0.0000000000000000
0.0000000000000000
0.0000000000000000
0.0000000000000000
0.0000000000000000
0.0000000000000000
0.0000000000000000
0.0800243619993210
0.1411953570950092
0.1547299640454416
0.1431622433153446
0.1158988743195811
0.0787349262687464
0.0000000000000000
0.0184810879776766
0.0351939267484750
0.0317492669361559
0.0268331056358665
0.0207139929747455
0.0136461102167954
0.0056690932883592
0.0000000000000000
0.0000000000000000
0.0000000000000000
0.0000000000000000
0.0000000000000000
0.0000000000000000
0.0000000000000000
0.0000000000000000
0.0000000000000000
0.0000000000000000
0.0785367092566811
0.1406797118607250
0.1545936299757931
0.1432000081114950
0.1160202428595005
0.0788848911813869
0.0000000000000000
0.0000000000000000
0.0351831445454429
0.0317464375771090
0.0268349487578154
0.0207168872389076
0.0136461573336433
0.0056613809944944
0.0000000000000000
0.0000000000000000
0.0000000000000000
0.0000000000000000
0.0000000000000000
0.0000000000000000
0.0000000000000000
0.0000000000000000
0.0000000000000000
0.0000000000000000
0.0769966922993080
0.1401424558426443
0.1544440728944295
0.1432257179339946
0.1161286833228697
0.0790205452183534
0.0000000000000000
0.0000000000000000
0.0351698401285900
0.0317407597288228
0.0268335890610132
0.0207161922013506
0.0136421322425509
0.0056488021638012
0.0000000000000000
0.0000000000000000
0.0000000000000000
0.0000000000000000
0.0000000000000000
0.0000000000000000
0.0000000000000000
0.0000000000000000
0.0000000000000000
0.0000000000000000
0.0754040357238820
0.1395833294544270
0.1542811038299144
0.1432391521694370
0.1162239566199431
0.0791416600257588
0.0000000000000000
0.0000000000000000
0.0351539879858288
0.0317322027786901
0.0268289940475608
0.0207118766485722
0.0136340073878081
0.0056313338283194
0.0000000000000000
0.0000000000000000
0.0000000000000000
0.0000000000000000
0.0000000000000000
0.0000000000000000
0.0000000000000000
0.0000000000000000
0.0000000000000000
0.0000000000000000
0.0737585348031175
0.1390020670656782
0.1541045332432489
0.1432400921762809
0.1163058282811567
0.0792480146170013
0.0000000000000000
0.0000000000000000
0.0351355627035469
0.0317207365932851
0.0268211320918054
0.0207039105831521
0.0136217565686467
0.0056089545397874
0.0000000000000000
0.0000000000000000
0.0000000000000000
0.0000000000000000
0.0000000000000000
0.0000000000000000
0.0000000000000000
0.0000000000000000
0.0000000000000000
0.0000000000000000
0.0720600730529123
0.1383983982584348
0.1539141716072351
0.1432283215787740
0.1163740686113361
0.0793393954246534
0.0000000000000000
0.0000000000000000
0.0351145390319270
0.0317063315689327
0.0268099724740935
0.0206922652472943
0.0136053549441530
0.0055816444117475
0.0000000000000000
0.0000000000000000
0.0000000000000000
0.0000000000000000
0.0000000000000000
0.0000000000000000
0.0000000000000000
0.0000000000000000
0.0000000000000000
0.0000000000000000
0.0703086439632420
0.1377720498690619
0.1537098300743624
0.1432036262734966
0.1164284523092177
0.0794155957162029
0.0000000000000000
0.0000000000000000
0.0350908919149739
0.0316889586183018
0.0267954853315220
0.0206769130389025
0.0135847789241863
0.0055493850384965
0.0000000000000000
0.0000000000000000
0.0000000000000000
0.0000000000000000
0.0000000000000000
0.0000000000000000
0.0000000000000000
0.0000000000000000
0.0000000000000000
0.0000000000000000
0.0685043774465092
0.1371227489335666
0.1534913212907876
0.1431657942005213
0.1164687576467833
0.0794764144136100
0.0000000000000000
0.0000000000000000
0.0350645965039316
0.0316685891176234
0.0267776415472311
0.0206578273603497
0.0135600059796973
0.0055121593518522
0.0000000000000000
0.0000000000000000
0.0000000000000000
0.0000000000000000
0.0000000000000000
0.0000000000000000
0.0000000000000000
0.0000000000000000
0.0000000000000000
0.0000000000000000
0.0666475710466322
0.1364502265286113
0.1532584604639830
0.1431146151000941
0.1164947654792474
0.0795216547271111
0.0000000000000000
0.0000000000000000
0.0350356281852067
0.0316451948611744
0.0267564126476825
0.0206349824693993
0.0135310144628857
0.0054699515070084
0.0000000000000000
0.0000000000000000
0.0000000000000000
0.0000000000000000
0.0000000000000000
0.0000000000000000
0.0000000000000000
0.0000000000000000
0.0000000000000000
0.0000000000000000
0.0647387258917320
0.1357542225080035
0.1530110667795448
0.1430498804442323
0.1165062584123628
0.0795511229119522
0.0000000000000000
0.0000000000000000
0.0350039626554211
0.0316187480642556
0.0267317707478314
0.0206083533901025
0.0134977834934498
0.0054227468786444
0.0000000000000000
0.0000000000000000
0.0000000000000000
0.0000000000000000
0.0000000000000000
0.0000000000000000
0.0000000000000000
0.0000000000000000
0.0000000000000000
0.0000000000000000
0.0627785866937373
0.1350344908242982
0.1527489651195607
0.1429713836359185
0.1165030202079573
0.0795646273137644
0.0000000000000000
0.0000000000000000
0.0349695760318922
0.0315892214078342
0.0267036885466885
0.0205779158709030
0.0134602928963631
0.0053705321241605
0.0000000000000000
0.0000000000000000
0.0000000000000000
0.0000000000000000
0.0000000000000000
0.0000000000000000
0.0000000000000000
0.0000000000000000
0.0000000000000000
0.0000000000000000
0.0607681838055302
0.1342908047106914
0.1524719877788524
0.1428789203228119
0.1164848354143618
0.0795619776132797
0.0000000000000000
0.0000000000000000
0.0349324449489115
0.0315565880750048
0.0266721393129478
0.0205436463327451
0.0134185231081797
0.0053132952219772
0.0000000000000000
0.0000000000000000
0.0000000000000000
0.0000000000000000
0.0000000000000000
0.0000000000000000
0.0000000000000000
0.0000000000000000
0.0000000000000000
0.0000000000000000
0.0587088735106753
0.1335229603128956
0.1521799756683352
0.1427722886901964
0.1164514891509613
0.0795429843067994
0.0000000000000000
0.0000000000000000
0.0348925465794214
0.0315208217325740
0.0266370968242838
0.0205055217583158
0.0133724550089852
0.0052510254105035
0.0000000000000000
0.0000000000000000
0.0000000000000000
0.0000000000000000
0.0000000000000000
0.0000000000000000
0.0000000000000000
0.0000000000000000
0.0000000000000000
0.0000000000000000
0.0566023725377071
0.1327307772430545
0.1518727785509188
0.1426512897276871
0.1164027673585865
0.0795074587939158
0.0000000000000000
0.0000000000000000
0.0348498585749066
0.0314818964755526
0.0265985352995136
0.0204635195930811
0.0133220697475975
0.0051837131326282
0.0000000000000000
0.0000000000000000
0.0000000000000000
0.0000000000000000
0.0000000000000000
0.0000000000000000
0.0000000000000000
0.0000000000000000
0.0000000000000000
0.0000000000000000
0.0544507847441756
0.1319140953838865
0.1515502542670547
0.1425157277918088
0.1163384580247906
0.0794552148299914
0.0000000000000000
0.0000000000000000
0.0348043589981216
0.0314397868429793
0.0265564294640854
0.0204176178181610
0.0132673487791276
0.0051113502513141
0.0000000000000000
0.0000000000000000
0.0000000000000000
0.0000000000000000
0.0000000000000000
0.0000000000000000
0.0000000000000000
0.0000000000000000
0.0000000000000000
0.0000000000000000
0.0522566226328736
0.1310727687367544
0.1512122674633507
0.1423654119088422
0.1162583539190277
0.0793860719133418
0.0000000000000000
0.0000000000000000
0.0347560263811890
0.0313944680452937
0.0265107549075087
0.0203677953906210
0.0132082743268867
0.0050339308371444
0.0000000000000000
0.0000000000000000
0.0000000000000000
0.0000000000000000
0.0000000000000000
0.0000000000000000
0.0000000000000000
0.0000000000000000
0.0000000000000000
0.0000000000000000
0.0500228298072608
0.1302066585857346
0.1508586886606924
0.1422001581000183
0.1161622568577027
0.0792998606365177
0.0000000000000000
0.0000000000000000
0.0347048400062491
0.0313459164835451
0.0264614887963498
0.0203140331029770
0.0131448303497365
0.0049514526323557
0.0000000000000000
0.0000000000000000
0.0000000000000000
0.0000000000000000
0.0000000000000000
0.0000000000000000
0.0000000000000000
0.0000000000000000
0.0000000000000000
0.0000000000000000
0.0477528110897587
0.1293156282559701
0.1504893942752397
0.1420197925228756
0.1160499828615470
0.0791964290387593
0.0000000000000000
0.0000000000000000
0.0346507803998488
0.0312941104894052
0.0264086108312339
0.0202563147173404
0.0130770038257160
0.0048639189944056
0.0000000000000000
0.0000000000000000
0.0000000000000000
0.0000000000000000
0.0000000000000000
0.0000000000000000
0.0000000000000000
0.0000000000000000
0.0000000000000000
0.0000000000000000
0.0454504730682246
0.1283995405669834
0.1501042675457022
0.1418241547577284
0.1159213670542513
0.0790756485663231
0.0000000000000000
0.0000000000000000
0.0345938298976213
0.0312390310934318
0.0263521041904335
0.0201946280614946
0.0130047859888610
0.0047713408665574
0.0000000000000000
0.0000000000000000
0.0000000000000000
0.0000000000000000
0.0000000000000000
0.0000000000000000
0.0000000000000000
0.0000000000000000
0.0000000000000000
0.0000000000000000
0.0431202728398012
0.1274582572258418
0.1497031996830081
0.1416131003515835
0.1157762672195964
0.0789374182509574
0.0000000000000000
0.0000000000000000
0.0345339730894543
0.0311806625841187
0.0262919561910751
0.0201289657704786
0.0129281731465874
0.0046737383468017
0.0000000000000000
0.0000000000000000
0.0000000000000000
0.0000000000000000
0.0000000000000000
0.0000000000000000
0.0000000000000000
0.0000000000000000
0.0000000000000000
0.0000000000000000
0.0407672697111362
0.1264916385248150
0.1492860904056082
0.1413865020233539
0.1156145653912032
0.0787816664957616
0.0000000000000000
0.0000000000000000
0.0344711970065035
0.0311189927250091
0.0262281585190777
0.0200593255207005
0.0128471669013552
0.0045711416388783
0.0000000000000000
0.0000000000000000
0.0000000000000000
0.0000000000000000
0.0000000000000000
0.0000000000000000
0.0000000000000000
0.0000000000000000
0.0000000000000000
0.0000000000000000
0.0383971756647880
0.1254995421624485
0.1488528474792121
0.1411442494624046
0.1154361676296547
0.0786083506530057
0.0000000000000000
0.0000000000000000
0.0344054910449056
0.0310540126401541
0.0261607070683460
0.0199857098055601
0.0127617738473651
0.0044635915135402
0.0000000000000000
0.0000000000000000
0.0000000000000000
0.0000000000000000
0.0000000000000000
0.0000000000000000
0.0000000000000000
0.0000000000000000
0.0000000000000000
0.0000000000000000
0.0360164032619408
0.1244818213740304
0.1484033855331476
0.1408862481495961
0.1152410025419800
0.0784174551638961
0.0000000000000000
0.0000000000000000
0.0343368467286442
0.0309857165036932
0.0260896015455049
0.0199081254530271
0.0126720049767923
0.0043511395846889
0.0000000000000000
0.0000000000000000
0.0000000000000000
0.0000000000000000
0.0000000000000000
0.0000000000000000
0.0000000000000000
0.0000000000000000
0.0000000000000000
0.0000000000000000
0.0336321116691357
0.1234383234380106
0.1479376248092424
0.1406124178252403
0.1150290192628589
0.0782089890519664
0.0000000000000000
0.0000000000000000
0.0342652574442384
0.0309141011831834
0.0260148450230634
0.0198265830820325
0.0125778750294616
0.0042338487190990
0.0000000000000000
0.0000000000000000
0.0000000000000000
0.0000000000000000
0.0000000000000000
0.0000000000000000
0.0000000000000000
0.0000000000000000
0.0000000000000000
0.0000000000000000
0.0312522498285350
0.1223688895724518
0.1474554903540776
0.1403226910341944
0.1148001853843077
0.0779829833440933
0.0000000000000000
0.0000000000000000
0.0341907182264854
0.0308391659287541
0.0259364435328636
0.0197410966117976
0.0124794019078288
0.0041117937530370
0.0000000000000000
0.0000000000000000
0.0000000000000000
0.0000000000000000
0.0000000000000000
0.0000000000000000
