0.0000000000000000
0.0000000000000000
0.0000000000000000
0.0000000000000000
0.0000000000000000
0.0000000000000000
0.0000000000000000
0.0000000000000000
0.0000000000000000
0.0353942517682897
0.0388923121658001
0.0815257351060403
0.1169726777540369
0.1415641693183793
0.1520764830885313
0.1454082744815351
0.1173043503378165
0.0582955361629491
0.0000000000000000
0.0000000000000000
0.0000000000000000
0.0000000000000000
0.0000000000000000
0.0000000000000000
0.0000000000000000
0.0000000000000000
0.0000000000000000
0.0000000000000000
0.0000000000000000
0.0000000000000000
0.0000000000000000
0.0000000000000000
0.0000000000000000
0.0353572101563406
0.0386204656495841
0.0813188832407007
0.1168549127737100
0.1415510048367374
0.1521739175429541
0.1456113157466908
0.1175926204391118
0.0586014758864581
0.0000000000000000
0.0000000000000000
0.0000000000000000
0.0000000000000000
0.0000000000000000
0.0000000000000000
0.0000000000000000
0.0000000000000000
0.0000000000000000
0.0000000000000000
0.0000000000000000
0.0000000000000000
0.0000000000000000
0.0000000000000000
0.0000000000000000
0.0353182765610040
0.0383589182010921
0.0811231120502988
0.1167482302233261
0.1415478376605338
0.1522787007220536
0.1458164359364065
0.1178719859913021
0.0588725716025833
0.0000000000000000
0.0000000000000000
0.0000000000000000
0.0000000000000000
0.0000000000000000
0.0000000000000000
0.0000000000000000
0.0000000000000000
0.0000000000000000
0.0000000000000000
0.0000000000000000
0.0000000000000000
0.0000000000000000
0.0000000000000000
0.0000000000000000
0.0352774608630610
0.0381079069662724
0.0809385850279563
0.1166527027322784
0.1415546401358055
0.1523907037469875
0.1460234125745488
0.1181421427014804
0.0591083660327907
0.0000000000000000
0.0000000000000000
0.0000000000000000
0.0000000000000000
0.0000000000000000
0.0000000000000000
0.0000000000000000
0.0000000000000000
0.0000000000000000
0.0000000000000000
0.0000000000000000
0.0000000000000000
0.0000000000000000
0.0000000000000000
0.0000000000000000
0.0352347720642036
0.0378676569514752
0.0807654518353231
0.1165683882256377
0.1415713697311493
0.1525097829555697
0.1462320071973150
0.1184027616222575
0.0593083480882706
0.0000000000000000
0.0000000000000000
0.0000000000000000
0.0000000000000000
0.0000000000000000
0.0000000000000000
0.0000000000000000
0.0000000000000000
0.0000000000000000
0.0000000000000000
0.0000000000000000
0.0000000000000000
0.0000000000000000
0.0000000000000000
0.0000000000000000
0.0351902183601139
0.0376383827208294
0.0806038499029181
0.1164953312445822
0.1415979699657379
0.1526357802946814
0.1464419650205132
0.1186534876975669
0.0594719490579014
0.0000000000000000
0.0000000000000000
0.0000000000000000
0.0000000000000000
0.0000000000000000
0.0000000000000000
0.0000000000000000
0.0000000000000000
0.0000000000000000
0.0000000000000000
0.0000000000000000
0.0000000000000000
0.0000000000000000
0.0000000000000000
0.0000000000000000
0.0351438071751716
0.0374202892577524
0.0804539052357265
0.1164335636715781
0.1416343709635778
0.1527685236225266
0.1466530148743620
0.1188939390664557
0.0595985403770426
0.0000000000000000
0.0000000000000000
0.0000000000000000
0.0000000000000000
0.0000000000000000
0.0000000000000000
0.0000000000000000
0.0000000000000000
0.0000000000000000
0.0000000000000000
0.0000000000000000
0.0000000000000000
0.0000000000000000
0.0000000000000000
0.0000000000000000
0.0350955451725964
0.0372135720495364
0.0803157325725663
0.1163831049006314
0.1416804896366798
0.1529078268856875
0.1468648693178116
0.1191237069331361
0.0596874328607234
0.0000000000000000
0.0000000000000000
0.0000000000000000
0.0000000000000000
0.0000000000000000
0.0000000000000000
0.0000000000000000
0.0000000000000000
0.0000000000000000
0.0000000000000000
0.0000000000000000
0.0000000000000000
0.0000000000000000
0.0000000000000000
0.0000000000000000
0.0350454382587169
0.0370184166987384
0.0801894350371198
0.1163439616107236
0.1417362295881497
0.1530534901515550
0.1470772247966612
0.1193423557981259
0.0597378769164483
0.0000000000000000
0.0000000000000000
0.0000000000000000
0.0000000000000000
0.0000000000000000
0.0000000000000000
0.0000000000000000
0.0000000000000000
0.0000000000000000
0.0000000000000000
0.0000000000000000
0.0000000000000000
0.0000000000000000
0.0000000000000000
0.0000000000000000
0.0349934916025550
0.0368351651486701
0.0800751036232878
0.1163161273482345
0.1418014808402500
0.1532052995210108
0.1472897617569774
0.1195494237102075
0.0597490632384506
0.0000000000000000
0.0000000000000000
0.0000000000000000
0.0000000000000000
0.0000000000000000
0.0000000000000000
0.0000000000000000
0.0000000000000000
0.0000000000000000
0.0000000000000000
0.0000000000000000
0.0000000000000000
0.0000000000000000
0.0000000000000000
0.0000000000000000
0.0349397096880526
0.0367948794170219
0.0799728168122961
0.1162995822245495
0.1418761196077300
0.1533630269799753
0.1475021445799433
0.1197444222546650
0.0597201232125562
0.0000000000000000
0.0000000000000000
0.0000000000000000
0.0000000000000000
0.0000000000000000
0.0000000000000000
0.0000000000000000
0.0000000000000000
0.0000000000000000
0.0000000000000000
0.0000000000000000
0.0000000000000000
0.0000000000000000
0.0000000000000000
0.0000000000000000
0.0348840964192990
0.0367525661983737
0.0798826407249390
0.1162942929936759
0.1419600082853557
0.1535264302637201
0.1477140212756923
0.1199268359033507
0.0596501283920449
0.0000000000000000
0.0000000000000000
0.0000000000000000
0.0000000000000000
0.0000000000000000
0.0000000000000000
0.0000000000000000
0.0000000000000000
0.0000000000000000
0.0000000000000000
0.0000000000000000
0.0000000000000000
0.0000000000000000
0.0000000000000000
0.0000000000000000
0.0348266552848267
0.0367082172670844
0.0798046299590038
0.1163002136921823
0.1420529957673833
0.1536952527697471
0.1479250228899637
0.1200961206717178
0.0595380887738963
0.0000000000000000
0.0000000000000000
0.0000000000000000
0.0000000000000000
0.0000000000000000
0.0000000000000000
0.0000000000000000
0.0000000000000000
0.0000000000000000
0.0000000000000000
0.0000000000000000
0.0000000000000000
0.0000000000000000
0.0000000000000000
0.0000000000000000
0.0347673895868672
0.0366618242657884
0.0797388290137088
0.1163172866847958
0.1421549179988519
0.1538692234849970
0.1481347626736814
0.1202517022001301
0.0593829504033027
0.0000000000000000
0.0000000000000000
0.0000000000000000
0.0000000000000000
0.0000000000000000
0.0000000000000000
0.0000000000000000
0.0000000000000000
0.0000000000000000
0.0000000000000000
0.0000000000000000
0.0000000000000000
0.0000000000000000
0.0000000000000000
0.0000000000000000
0.0347063027290247
0.0366133789069524
0.0796852739300590
0.1163454438616059
0.1422655985485187
0.1540480568254140
0.1483428350831253
0.1203929736383663
0.0591835931113430
0.0000000000000000
0.0000000000000000
0.0000000000000000
0.0000000000000000
0.0000000000000000
0.0000000000000000
0.0000000000000000
0.0000000000000000
0.0000000000000000
0.0000000000000000
0.0000000000000000
0.0000000000000000
0.0000000000000000
0.0000000000000000
0.0000000000000000
0.0346433985575463
0.0365628732215659
0.0796439938353067
0.1163846076749912
0.1423848490283244
0.1542314523475129
0.1485488147212589
0.1205192936166551
0.0589388291941479
0.0000000000000000
0.0000000000000000
0.0000000000000000
0.0000000000000000
0.0000000000000000
0.0000000000000000
0.0000000000000000
0.0000000000000000
0.0000000000000000
0.0000000000000000
0.0000000000000000
0.0000000000000000
0.0000000000000000
0.0000000000000000
0.0000000000000000
0.0345786817226041
0.0365102998335438
0.0796150122624002
0.1164346920360177
0.1425124694311673
0.1544190944666513
0.1487522553952385
0.1206299844661191
0.0586474028455198
0.0000000000000000
0.0000000000000000
0.0000000000000000
0.0000000000000000
0.0000000000000000
0.0000000000000000
0.0000000000000000
0.0000000000000000
0.0000000000000000
0.0000000000000000
0.0000000000000000
0.0000000000000000
0.0000000000000000
0.0000000000000000
0.0000000000000000
0.0345121579836242
0.0364556521929916
0.0795983483743131
0.1164956032303363
0.1426482486647225
0.1546106525250569
0.1489526896189264
0.1207243307593380
0.0583079898516722
0.0000000000000000
0.0000000000000000
0.0000000000000000
0.0000000000000000
0.0000000000000000
0.0000000000000000
0.0000000000000000
0.0000000000000000
0.0000000000000000
0.0000000000000000
0.0000000000000000
0.0000000000000000
0.0000000000000000
0.0000000000000000
0.0000000000000000
0.0344438343395493
0.0363989246734169
0.0795940179678216
0.1165672409455805
0.1427919654969588
0.1548057815457595
0.1491496289344046
0.1208015784752923
0.0579191971810353
0.0000000000000000
0.0000000000000000
0.0000000000000000
0.0000000000000000
0.0000000000000000
0.0000000000000000
0.0000000000000000
0.0000000000000000
0.0000000000000000
0.0000000000000000
0.0000000000000000
0.0000000000000000
0.0000000000000000
0.0000000000000000
0.0000000000000000
0.0343737188825352
0.0363401124620044
0.0796020338271059
0.1166494990385723
0.1429433897370589
0.1550041237004052
0.1493425653363381
0.1208609352739718
0.0574795635367527
0.0000000000000000
0.0000000000000000
0.0000000000000000
0.0000000000000000
0.0000000000000000
0.0000000000000000
0.0000000000000000
0.0000000000000000
0.0000000000000000
0.0000000000000000
0.0000000000000000
0.0000000000000000
0.0000000000000000
0.0000000000000000
0.0000000000000000
0.0343018203646736
0.0362792112611077
0.0796224045408038
0.1167422652807550
0.1431022829827911
0.1552053100335472
0.1495309736703875
0.1209015725212204
0.0569875631263980
0.0000000000000000
0.0000000000000000
0.0000000000000000
0.0000000000000000
0.0000000000000000
0.0000000000000000
0.0000000000000000
0.0000000000000000
0.0000000000000000
0.0000000000000000
0.0000000000000000
0.0000000000000000
0.0000000000000000
0.0000000000000000
0.0000000000000000
0.0342281476070205
0.0362162169225843
0.0796551311892897
0.1168454193054612
0.1432683981425233
0.1554089616895134
0.1497143145188467
0.1209226292100509
0.0564416151210774
0.0000000000000000
0.0000000000000000
0.0000000000000000
0.0000000000000000
0.0000000000000000
0.0000000000000000
0.0000000000000000
0.0000000000000000
0.0000000000000000
0.0000000000000000
0.0000000000000000
0.0000000000000000
0.0000000000000000
0.0000000000000000
0.0000000000000000
0.0341527089551944
0.0361511251839900
0.0797002019871952
0.1169588286738555
0.1434414773458375
0.1556146900598434
0.1498920368793724
0.1209232173912880
0.0558400996483336
0.0000000000000000
0.0000000000000000
0.0000000000000000
0.0000000000000000
0.0000000000000000
0.0000000000000000
0.0000000000000000
0.0000000000000000
0.0000000000000000
0.0000000000000000
0.0000000000000000
0.0000000000000000
0.0000000000000000
0.0000000000000000
0.0000000000000000
0.0340755119566491
0.0360839316136116
0.0797575859587253
0.1170823438047939
0.1436212487071630
0.1558220958696694
0.1500635801805075
0.1209024280168830
0.0551813787624459
0.0000000000000000
0.0000000000000000
0.0000000000000000
0.0000000000000000
0.0000000000000000
0.0000000000000000
0.0000000000000000
0.0000000000000000
0.0000000000000000
0.0000000000000000
0.0000000000000000
0.0000000000000000
0.0000000000000000
0.0000000000000000
0.0000000000000000
0.0339965632861149
0.0360146317439261
0.0798272272038825
0.1172157932307460
0.1438074230241169
0.1560307678570835
0.1502283755876166
0.1208593359920305
0.0544638187199531
0.0000000000000000
0.0000000000000000
0.0000000000000000
0.0000000000000000
0.0000000000000000
0.0000000000000000
0.0000000000000000
0.0000000000000000
0.0000000000000000
0.0000000000000000
0.0000000000000000
0.0000000000000000
0.0000000000000000
0.0000000000000000
0.0000000000000000
0.0339158688115063
0.0359432212597076
0.0799090411243720
0.1173589804575653
0.1439996916250103
0.1562402819179356
0.1503858468812575
0.1207930034798300
0.0536858100708988
0.0000000000000000
0.0000000000000000
0.0000000000000000
0.0000000000000000
0.0000000000000000
0.0000000000000000
0.0000000000000000
0.0000000000000000
0.0000000000000000
0.0000000000000000
0.0000000000000000
0.0000000000000000
0.0000000000000000
0.0000000000000000
0.0000000000000000
0.0338334336443194
0.0358696960992859
0.0800029131144423
0.1175116830700108
0.1441977259531038
0.1564502012598221
0.1505354112231198
0.1207024811418224
0.0528457836902921
0.0000000000000000
0.0000000000000000
0.0000000000000000
0.0000000000000000
0.0000000000000000
0.0000000000000000
0.0000000000000000
0.0000000000000000
0.0000000000000000
0.0000000000000000
0.0000000000000000
0.0000000000000000
0.0000000000000000
0.0000000000000000
0.0000000000000000
0.0337492620974675
0.0357940524134395
0.0801086994288356
0.1176736537828680
0.1444011787267837
0.1566600774923885
0.1506764798656991
0.1205868075437677
0.0519422237870230
0.0000000000000000
0.0000000000000000
0.0000000000000000
0.0000000000000000
0.0000000000000000
0.0000000000000000
0.0000000000000000
0.0000000000000000
0.0000000000000000
0.0000000000000000
0.0000000000000000
0.0000000000000000
0.0000000000000000
0.0000000000000000
0.0000000000000000
0.0336633575868770
0.0357558026211981
0.0802262293525701
0.1178446226562178
0.1446096859516572
0.1568694521449188
0.1508084586632733
0.1204450072888229
0.0509736804976280
0.0000000000000000
0.0000000000000000
0.0000000000000000
0.0000000000000000
0.0000000000000000
0.0000000000000000
0.0000000000000000
0.0000000000000000
0.0000000000000000
0.0000000000000000
0.0000000000000000
0.0000000000000000
0.0000000000000000
0.0000000000000000
0.0000000000000000
0.0335757225751969
0.0358316723947734
0.0803553079542928
0.1180242996730143
0.1448228690792906
0.1570778580703823
0.1509307481973697
0.1202760884513877
0.0499387850628474
0.0000000000000000
0.0000000000000000
0.0000000000000000
0.0000000000000000
0.0000000000000000
0.0000000000000000
0.0000000000000000
0.0000000000000000
0.0000000000000000
0.0000000000000000
0.0000000000000000
0.0000000000000000
0.0000000000000000
0.0000000000000000
0.0000000000000000
0.0334863586189202
0.0359207467519796
0.0804957188872479
0.1182123772472986
0.1450403369302652
0.1572848205032802
0.1510427435111597
0.1200790397064609
0.0488362695474711
0.0000000000000000
0.0000000000000000
0.0000000000000000
0.0000000000000000
0.0000000000000000
0.0000000000000000
