0.0000000000000000
0.0000000000000000
0.0000000000000000
0.0000000000000000
0.0255083284107394
0.0642141696345135
0.0942843474854394
0.1128720070867703
0.1190141185577485
0.1127275398249961
0.0949454148836679
0.0674891511483617
0.0000000000000000
0.0000000000000000
0.0000000000000000
0.0000000000000000
0.0000000000000000
0.0000000000000000
0.0000000000000000
0.0000000000000000
0.0000000000000000
0.0000000000000000
0.0000000000000000
0.0000000000000000
0.0000000000000000
0.0000000000000000
0.0000000000000000
0.0000000000000000
0.0251411924491985
0.0640186308625971
0.0942443706974770
0.1129671459397917
0.1192278259132437
0.1130414433400382
0.0953372046073398
0.0679322892428149
0.0000000000000000
0.0000000000000000
0.0000000000000000
0.0000000000000000
0.0000000000000000
0.0000000000000000
0.0000000000000000
0.0000000000000000
0.0000000000000000
0.0000000000000000
0.0000000000000000
0.0000000000000000
0.0000000000000000
0.0000000000000000
0.0000000000000000
0.0000000000000000
0.0247688994117189
0.0638300015179716
0.0942172901289206
0.1130777415486302
0.1194577153805114
0.1133711271547851
0.0957436516980948
0.0683885458443239
0.0000000000000000
0.0000000000000000
0.0000000000000000
0.0000000000000000
0.0000000000000000
0.0000000000000000
0.0000000000000000
0.0000000000000000
0.0000000000000000
0.0000000000000000
0.0000000000000000
0.0000000000000000
0.0000000000000000
0.0000000000000000
0.0000000000000000
0.0000000000000000
0.0243910222544533
0.0636480950669786
0.0942029744165387
0.1132036218306777
0.1197035501276953
0.1137162916625820
0.0961644078938506
0.0688575448467252
0.0000000000000000
0.0000000000000000
0.0000000000000000
0.0000000000000000
0.0000000000000000
0.0000000000000000
0.0000000000000000
0.0000000000000000
0.0000000000000000
0.0000000000000000
0.0000000000000000
0.0000000000000000
0.0000000000000000
0.0000000000000000
0.0000000000000000
0.0000000000000000
0.0240070980037387
0.0634726994659659
0.0942012739425445
0.1133445992957500
0.1199650801920649
0.1140766266137418
0.0965991170337892
0.0693389050991904
0.0000000000000000
0.0000000000000000
0.0000000000000000
0.0000000000000000
0.0000000000000000
0.0000000000000000
0.0000000000000000
0.0000000000000000
0.0000000000000000
0.0000000000000000
0.0000000000000000
0.0000000000000000
0.0000000000000000
0.0000000000000000
0.0000000000000000
0.0000000000000000
0.0236166309673637
0.0633035788692798
0.0942120223539246
0.1135004721754940
0.1202420431613297
0.1144518113565695
0.0970474149096512
0.0698322399149579
0.0000000000000000
0.0000000000000000
0.0000000000000000
0.0000000000000000
0.0000000000000000
0.0000000000000000
0.0000000000000000
0.0000000000000000
0.0000000000000000
0.0000000000000000
0.0000000000000000
0.0000000000000000
0.0000000000000000
0.0000000000000000
0.0000000000000000
0.0000000000000000
0.0232190955112472
0.0631404746395167
0.0942350375663371
0.1136710252320897
0.1205341647698587
0.1148415152179109
0.0975089294354084
0.0703371570872966
0.0000000000000000
0.0000000000000000
0.0000000000000000
0.0000000000000000
0.0000000000000000
0.0000000000000000
0.0000000000000000
0.0000000000000000
0.0000000000000000
0.0000000000000000
0.0000000000000000
0.0000000000000000
0.0000000000000000
0.0000000000000000
0.0000000000000000
0.0000000000000000
0.0228139385871020
0.0629831057395556
0.0942701222590112
0.1138560302382517
0.1208411593366778
0.1152453979026756
0.0979832810183760
0.0708532591983654
0.0000000000000000
0.0000000000000000
0.0000000000000000
0.0000000000000000
0.0000000000000000
0.0000000000000000
0.0000000000000000
0.0000000000000000
0.0000000000000000
0.0000000000000000
0.0000000000000000
0.0000000000000000
0.0000000000000000
0.0000000000000000
0.0000000000000000
0.0000000000000000
0.0224005822793018
0.0628311686381701
0.0943170639540756
0.1140552461126036
0.1211627299751781
0.1156631097785917
0.0984700828992219
0.0713801440280367
0.0000000000000000
0.0000000000000000
0.0000000000000000
0.0000000000000000
0.0000000000000000
0.0000000000000000
0.0000000000000000
0.0000000000000000
0.0000000000000000
0.0000000000000000
0.0000000000000000
0.0000000000000000
0.0000000000000000
0.0000000000000000
0.0000000000000000
0.0000000000000000
0.0219784267869854
0.0626843370008694
0.0943756348161175
0.1142684187983929
0.1214985685611615
0.1160942919451964
0.0989689413258915
0.0719174047848790
0.0000000000000000
0.0000000000000000
0.0000000000000000
0.0000000000000000
0.0000000000000000
0.0000000000000000
0.0000000000000000
0.0000000000000000
0.0000000000000000
0.0000000000000000
0.0000000000000000
0.0000000000000000
0.0000000000000000
0.0000000000000000
0.0000000000000000
0.0000000000000000
0.0215468542085008
0.0625422614550632
0.0944455914412505
0.1144952810220119
0.1218483555089182
0.1165385760475654
0.0994794553959221
0.0724646299911369
0.0000000000000000
0.0000000000000000
0.0000000000000000
0.0000000000000000
0.0000000000000000
0.0000000000000000
0.0000000000000000
0.0000000000000000
0.0000000000000000
0.0000000000000000
0.0000000000000000
0.0000000000000000
0.0000000000000000
0.0000000000000000
0.0000000000000000
0.0000000000000000
0.0211052336455642
0.0624045698009877
0.0945266748744879
0.1147355521234503
0.1222117594408680
0.1169955838093605
0.1000012164841877
0.0730214028093608
0.0000000000000000
0.0000000000000000
0.0000000000000000
0.0000000000000000
0.0000000000000000
0.0000000000000000
0.0000000000000000
0.0000000000000000
0.0000000000000000
0.0000000000000000
0.0000000000000000
0.0000000000000000
0.0000000000000000
0.0000000000000000
0.0000000000000000
0.0000000000000000
0.0206529279193606
0.0622708679040551
0.0946186110884116
0.1149889380823152
0.1225884368175019
0.1174649263102439
0.1005338072026128
0.0735872997582895
0.0000000000000000
0.0000000000000000
0.0000000000000000
0.0000000000000000
0.0000000000000000
0.0000000000000000
0.0000000000000000
0.0000000000000000
0.0000000000000000
0.0000000000000000
0.0000000000000000
0.0000000000000000
0.0000000000000000
0.0000000000000000
0.0000000000000000
0.0000000000000000
0.0201893020992076
0.0621407412946764
0.0947211118602082
0.1152551317130043
0.1229780314979133
0.1179462029735595
0.1010767999049560
0.0741618888281380
0.0000000000000000
0.0000000000000000
0.0000000000000000
0.0000000000000000
0.0000000000000000
0.0000000000000000
0.0000000000000000
0.0000000000000000
0.0000000000000000
0.0000000000000000
0.0000000000000000
0.0000000000000000
0.0000000000000000
0.0000000000000000
0.0000000000000000
0.0000000000000000
0.0197137337916693
0.0620137572196193
0.0948338758383142
0.1155338128155722
0.1233801740922182
0.1184390002160199
0.1016297547360966
0.0747447270888222
0.0000000000000000
0.0000000000000000
0.0000000000000000
0.0000000000000000
0.0000000000000000
0.0000000000000000
0.0000000000000000
0.0000000000000000
0.0000000000000000
0.0000000000000000
0.0000000000000000
0.0000000000000000
0.0000000000000000
0.0000000000000000
0.0000000000000000
0.0000000000000000
0.0192256251567957
0.0618894669230106
0.0949565895200595
0.1158246481062477
0.1237944809988603
0.1189428897327763
0.1021922173181812
0.0753353579217729
0.0000000000000000
0.0000000000000000
0.0000000000000000
0.0000000000000000
0.0000000000000000
0.0000000000000000
0.0000000000000000
0.0000000000000000
0.0000000000000000
0.0000000000000000
0.0000000000000000
0.0000000000000000
0.0000000000000000
0.0000000000000000
0.0000000000000000
0.0000000000000000
0.0187244165437600
0.0617674079816741
0.0950889281342216
0.1161272909938270
0.1242205533159011
0.1194574267022219
0.1027637163956847
0.0759333082898652
0.0000000000000000
0.0000000000000000
0.0000000000000000
0.0000000000000000
0.0000000000000000
0.0000000000000000
0.0000000000000000
0.0000000000000000
0.0000000000000000
0.0000000000000000
0.0000000000000000
0.0000000000000000
0.0000000000000000
0.0000000000000000
0.0000000000000000
0.0000000000000000
0.0182096014133888
0.0616471067231772
0.0952305566838737
0.1164413816954749
0.1246579762452013
0.1199821486323958
0.1033437622522834
0.0765380868324506
0.0000000000000000
0.0000000000000000
0.0000000000000000
0.0000000000000000
0.0000000000000000
0.0000000000000000
0.0000000000000000
0.0000000000000000
0.0000000000000000
0.0000000000000000
0.0000000000000000
0.0000000000000000
0.0000000000000000
0.0000000000000000
0.0000000000000000
0.0000000000000000
0.0176807416593484
0.0615280804857874
0.0953811314345289
0.1167665482580385
0.1251063198062281
0.1205165758313191
0.1039318469736135
0.0771491839706429
0.0000000000000000
0.0000000000000000
0.0000000000000000
0.0000000000000000
0.0000000000000000
0.0000000000000000
0.0000000000000000
0.0000000000000000
0.0000000000000000
0.0000000000000000
0.0000000000000000
0.0000000000000000
0.0000000000000000
0.0000000000000000
0.0000000000000000
0.0000000000000000
0.0171374821996538
0.0614098390801111
0.0955403016672925
0.1171024086664029
0.1255651412702384
0.1210602141061200
0.1045274473267795
0.0777660748377181
0.0000000000000000
0.0000000000000000
0.0000000000000000
0.0000000000000000
0.0000000000000000
0.0000000000000000
0.0000000000000000
0.0000000000000000
0.0000000000000000
0.0000000000000000
0.0000000000000000
0.0000000000000000
0.0000000000000000
0.0000000000000000
0.0000000000000000
0.0000000000000000
0.0165795639814086
0.0612918845849252
0.0957077109629814
0.1174485733810828
0.1260339887952086
0.1216125593074487
0.1051300299787610
0.0783882249302399
0.0000000000000000
0.0000000000000000
0.0000000000000000
0.0000000000000000
0.0000000000000000
0.0000000000000000
0.0000000000000000
0.0000000000000000
0.0000000000000000
0.0000000000000000
0.0000000000000000
0.0000000000000000
0.0000000000000000
0.0000000000000000
0.0000000000000000
0.0000000000000000
0.0160068358650639
0.0611737087921875
0.0958829969396904
0.1178046470403186
0.1265124048563361
0.1221731022452327
0.1057390576115400
0.0790150970306634
0.0000000000000000
0.0000000000000000
0.0000000000000000
0.0000000000000000
0.0000000000000000
0.0000000000000000
0.0000000000000000
0.0000000000000000
0.0000000000000000
0.0000000000000000
0.0000000000000000
0.0000000000000000
0.0000000000000000
0.0000000000000000
0.0000000000000000
0.0000000000000000
0.0154192670734086
0.0610547885739612
0.0960657888739287
0.1181702281836489
0.1269999279598187
0.1227413322097988
0.1063539939515544
0.0796461573869269
0.0000000000000000
0.0000000000000000
0.0000000000000000
0.0000000000000000
0.0000000000000000
0.0000000000000000
0.0000000000000000
0.0000000000000000
0.0000000000000000
0.0000000000000000
0.0000000000000000
0.0000000000000000
0.0000000000000000
0.0000000000000000
0.0000000000000000
0.0000000000000000
0.0148169625578031
0.0609345802458570
0.0962557035592510
0.1185449068356300
0.1274960920250204
0.1233167380954867
0.1069743064633624
0.0802808796379962
0.0000000000000000
0.0000000000000000
0.0000000000000000
0.0000000000000000
0.0000000000000000
0.0000000000000000
0.0000000000000000
0.0000000000000000
0.0000000000000000
0.0000000000000000
0.0000000000000000
0.0000000000000000
0.0000000000000000
0.0000000000000000
0.0000000000000000
0.0000000000000000
0.0142001828175891
0.0608125145097639
0.0964523407041054
0.1189282609820199
0.1280004241894414
0.1238988075918918
0.1075994668276710
0.0809187463946777
0.0000000000000000
0.0000000000000000
0.0000000000000000
0.0000000000000000
0.0000000000000000
0.0000000000000000
0.0000000000000000
0.0000000000000000
0.0000000000000000
0.0000000000000000
0.0000000000000000
0.0000000000000000
0.0000000000000000
0.0000000000000000
0.0000000000000000
0.0000000000000000
0.0135693682572398
0.0606879931060573
0.0966552794536665
0.1193198536242816
0.1285124426697800
0.1244870259393108
0.1082289505664001
0.0815592495868907
0.0000000000000000
0.0000000000000000
0.0000000000000000
0.0000000000000000
0.0000000000000000
0.0000000000000000
0.0000000000000000
0.0000000000000000
0.0000000000000000
0.0000000000000000
0.0000000000000000
0.0000000000000000
0.0000000000000000
0.0000000000000000
0.0000000000000000
0.0000000000000000
0.0129251669128660
0.0605603875189323
0.0968640769729379
0.1197192316872194
0.1290316561057469
0.1250808757172441
0.1088622372161844
0.0822018909490046
0.0000000000000000
0.0000000000000000
0.0000000000000000
0.0000000000000000
0.0000000000000000
0.0000000000000000
0.0000000000000000
0.0000000000000000
0.0000000000000000
0.0000000000000000
0.0000000000000000
0.0000000000000000
0.0000000000000000
0.0000000000000000
0.0000000000000000
0.0000000000000000
0.0122684642375670
0.0604290393075358
0.0970782691293922
0.1201259269931400
0.1295575647320332
0.1256798381065384
0.1094988115823034
0.0828461831615628
0.0000000000000000
0.0000000000000000
0.0000000000000000
0.0000000000000000
0.0000000000000000
0.0000000000000000
0.0000000000000000
0.0000000000000000
0.0000000000000000
0.0000000000000000
0.0000000000000000
0.0000000000000000
0.0000000000000000
0.0000000000000000
0.0000000000000000
0.0000000000000000
0.0116004141989359
0.0602932614365035
0.0972973724759659
0.1205394585294947
0.1300896626397245
0.1262833949631086
0.1101381654962809
0.0834916512403263
0.0000000000000000
0.0000000000000000
0.0000000000000000
0.0000000000000000
0.0000000000000000
0.0000000000000000
0.0000000000000000
0.0000000000000000
0.0000000000000000
0.0000000000000000
0.0000000000000000
0.0000000000000000
0.0000000000000000
0.0000000000000000
0.0000000000000000
0.0000000000000000
0.0109224715718125
0.0601523401083508
0.0975208866713988
0.1209593349294444
0.1306274400203394
0.1268910306367349
0.1107797991198694
0.0841378332828144
0.0000000000000000
0.0000000000000000
0.0000000000000000
0.0000000000000000
0.0000000000000000
0.0000000000000000
0.0000000000000000
0.0000000000000000
0.0000000000000000
0.0000000000000000
0.0000000000000000
0.0000000000000000
0.0000000000000000
0.0000000000000000
0.0000000000000000
0.0000000000000000
0.0102364249386797
0.0600055369548119
0.0977482967626135
0.1213850565135151
0.1311703847201204
0.1275022329267046
0.1114232212556010
0.0847842801915565
0.0000000000000000
0.0000000000000000
0.0000000000000000
0.0000000000000000
0.0000000000000000
0.0000000000000000
0.0000000000000000
0.0000000000000000
0.0000000000000000
0.0000000000000000
0.0000000000000000
0.0000000000000000
