0.0000000000000000
0.0000000000000000
0.0000000000000000
0.0000000000000000
0.0255083252974468
0.0642141695544527
0.0942843690793718
0.1128720561031565
0.1190141950897730
0.1127276406135950
0.0949455343151971
0.0674892818916725
0.0000000000000000
0.0000000000000000
0.0000000000000000
0.0000000000000000
0.0000000000000000
0.0000000000000000
0.0000000000000000
0.0000000000000000
0.0000000000000000
0.0000000000000000
0.0000000000000000
0.0000000000000000
0.0000000000000000
0.0000000000000000
0.0000000000000000
0.0000000000000000
0.0251411893337779
0.0640186304405947
0.0942443918833634
0.1129671945611621
0.1192279020947648
0.1130415438398714
0.0953373238223198
0.0679324198478107
0.0000000000000000
0.0000000000000000
0.0000000000000000
0.0000000000000000
0.0000000000000000
0.0000000000000000
0.0000000000000000
0.0000000000000000
0.0000000000000000
0.0000000000000000
0.0000000000000000
0.0000000000000000
0.0000000000000000
0.0000000000000000
0.0000000000000000
0.0000000000000000
0.0247688962882215
0.0638300007357556
0.0942173108895730
0.1130777897603784
0.1194577911991122
0.1133712273550129
0.0957437706866805
0.0683886763016413
0.0000000000000000
0.0000000000000000
0.0000000000000000
0.0000000000000000
0.0000000000000000
0.0000000000000000
0.0000000000000000
0.0000000000000000
0.0000000000000000
0.0000000000000000
0.0000000000000000
0.0000000000000000
0.0000000000000000
0.0000000000000000
0.0000000000000000
0.0000000000000000
0.0243910191170541
0.0636480939062312
0.0942029947348324
0.1132036696183139
0.1197036255710739
0.1137163915524465
0.0961645266462274
0.0688576751469710
0.0000000000000000
0.0000000000000000
0.0000000000000000
0.0000000000000000
0.0000000000000000
0.0000000000000000
0.0000000000000000
0.0000000000000000
0.0000000000000000
0.0000000000000000
0.0000000000000000
0.0000000000000000
0.0000000000000000
0.0000000000000000
0.0000000000000000
0.0000000000000000
0.0240070948466946
0.0634726979082944
0.0942012938014030
0.1133446466448908
0.1199651552480266
0.1140767261825596
0.0965992355401666
0.0693390352329371
0.0000000000000000
0.0000000000000000
0.0000000000000000
0.0000000000000000
0.0000000000000000
0.0000000000000000
0.0000000000000000
0.0000000000000000
0.0000000000000000
0.0000000000000000
0.0000000000000000
0.0000000000000000
0.0000000000000000
0.0000000000000000
0.0000000000000000
0.0000000000000000
0.0236166277849665
0.0633035768961871
0.0942120417363049
0.1135005190718540
0.1202421178177798
0.1144519105937257
0.0970475331602574
0.0698323698727383
0.0000000000000000
0.0000000000000000
0.0000000000000000
0.0000000000000000
0.0000000000000000
0.0000000000000000
0.0000000000000000
0.0000000000000000
0.0000000000000000
0.0000000000000000
0.0000000000000000
0.0000000000000000
0.0000000000000000
0.0000000000000000
0.0000000000000000
0.0000000000000000
0.0232190922977748
0.0631404722323697
0.0942350564552144
0.1136710716614722
0.1205342390147963
0.1148416141128530
0.0975090474204844
0.0703372868595996
0.0000000000000000
0.0000000000000000
0.0000000000000000
0.0000000000000000
0.0000000000000000
0.0000000000000000
0.0000000000000000
0.0000000000000000
0.0000000000000000
0.0000000000000000
0.0000000000000000
0.0000000000000000
0.0000000000000000
0.0000000000000000
0.0000000000000000
0.0000000000000000
0.0228139353367670
0.0629831028795533
0.0942701406373635
0.1138560761865401
0.1208412331581884
0.1152454964449071
0.0979833987281708
0.0708533887756315
0.0000000000000000
0.0000000000000000
0.0000000000000000
0.0000000000000000
0.0000000000000000
0.0000000000000000
0.0000000000000000
0.0000000000000000
0.0000000000000000
0.0000000000000000
0.0000000000000000
0.0000000000000000
0.0000000000000000
0.0000000000000000
0.0000000000000000
0.0000000000000000
0.0224005789861966
0.0628311653063087
0.0943170818048682
0.1140552915657520
0.1211628033614267
0.1156632079576669
0.0984702003239867
0.0713802734006532
0.0000000000000000
0.0000000000000000
0.0000000000000000
0.0000000000000000
0.0000000000000000
0.0000000000000000
0.0000000000000000
0.0000000000000000
0.0000000000000000
0.0000000000000000
0.0000000000000000
0.0000000000000000
0.0000000000000000
0.0000000000000000
0.0000000000000000
0.0000000000000000
0.0219784234450271
0.0626843331779065
0.0943756521222865
0.1142684637424172
0.1214986415003863
0.1160943897507135
0.0989690584558750
0.0719175339431766
0.0000000000000000
0.0000000000000000
0.0000000000000000
0.0000000000000000
0.0000000000000000
0.0000000000000000
0.0000000000000000
0.0000000000000000
0.0000000000000000
0.0000000000000000
0.0000000000000000
0.0000000000000000
0.0000000000000000
0.0000000000000000
0.0000000000000000
0.0000000000000000
0.0215468508113751
0.0625422571214824
0.0944456081856869
0.1144953254429803
0.1218484279894234
0.1165386734691617
0.0994795722213651
0.0724647589253850
0.0000000000000000
0.0000000000000000
0.0000000000000000
0.0000000000000000
0.0000000000000000
0.0000000000000000
0.0000000000000000
0.0000000000000000
0.0000000000000000
0.0000000000000000
0.0000000000000000
0.0000000000000000
0.0000000000000000
0.0000000000000000
0.0000000000000000
0.0000000000000000
0.0211052301866691
0.0624045649369598
0.0945266910400220
0.1147355960074760
0.1222118314510178
0.1169956808367072
0.1000013329953192
0.0730215315097649
0.0000000000000000
0.0000000000000000
0.0000000000000000
0.0000000000000000
0.0000000000000000
0.0000000000000000
0.0000000000000000
0.0000000000000000
0.0000000000000000
0.0000000000000000
0.0000000000000000
0.0000000000000000
0.0000000000000000
0.0000000000000000
0.0000000000000000
0.0000000000000000
0.0206529243917508
0.0622708624894018
0.0946186266577976
0.1149889814155483
0.1225885083457168
0.1174650229330420
0.1005339233896465
0.0735874282149880
0.0000000000000000
0.0000000000000000
0.0000000000000000
0.0000000000000000
0.0000000000000000
0.0000000000000000
0.0000000000000000
0.0000000000000000
0.0000000000000000
0.0000000000000000
0.0000000000000000
0.0000000000000000
0.0000000000000000
0.0000000000000000
0.0000000000000000
0.0000000000000000
0.0201892984955404
0.0621407353088321
0.0947211268161128
0.1152551744816280
0.1229781025326666
0.1179462991815378
0.1010769157580884
0.0741620170312013
0.0000000000000000
0.0000000000000000
0.0000000000000000
0.0000000000000000
0.0000000000000000
0.0000000000000000
0.0000000000000000
0.0000000000000000
0.0000000000000000
0.0000000000000000
0.0000000000000000
0.0000000000000000
0.0000000000000000
0.0000000000000000
0.0000000000000000
0.0000000000000000
0.0197137301041542
0.0620137506415938
0.0948338901633044
0.1155338550057999
0.1233802446220360
0.1184390959989352
0.1016298702455068
0.0747448550282515
0.0000000000000000
0.0000000000000000
0.0000000000000000
0.0000000000000000
0.0000000000000000
0.0000000000000000
0.0000000000000000
0.0000000000000000
0.0000000000000000
0.0000000000000000
0.0000000000000000
0.0000000000000000
0.0000000000000000
0.0000000000000000
0.0000000000000000
0.0000000000000000
0.0192256213771482
0.0618894597313519
0.0949566031965963
0.1158246897043242
0.1237945510123244
0.1189429850804158
0.1021923324740329
0.0753354855875020
0.0000000000000000
0.0000000000000000
0.0000000000000000
0.0000000000000000
0.0000000000000000
0.0000000000000000
0.0000000000000000
0.0000000000000000
0.0000000000000000
0.0000000000000000
0.0000000000000000
0.0000000000000000
0.0000000000000000
0.0000000000000000
0.0000000000000000
0.0000000000000000
0.0187244126631639
0.0617674001544346
0.0950889411446544
0.1161273319860316
0.1242206228016542
0.1194575216044076
0.1027638311881296
0.0759334356717630
0.0000000000000000
0.0000000000000000
0.0000000000000000
0.0000000000000000
0.0000000000000000
0.0000000000000000
0.0000000000000000
0.0000000000000000
0.0000000000000000
0.0000000000000000
0.0000000000000000
0.0000000000000000
0.0000000000000000
0.0000000000000000
0.0000000000000000
0.0000000000000000
0.0182095974224695
0.0616470982378792
0.0952305690104388
0.1164414220681299
0.1246580451919551
0.1199822430789926
0.1033438766714670
0.0765382139203251
0.0000000000000000
0.0000000000000000
0.0000000000000000
0.0000000000000000
0.0000000000000000
0.0000000000000000
0.0000000000000000
0.0000000000000000
0.0000000000000000
0.0000000000000000
0.0000000000000000
0.0000000000000000
0.0000000000000000
0.0000000000000000
0.0000000000000000
0.0000000000000000
0.0176807375481604
0.0615280713193875
0.0953811430593491
0.1167665879975158
0.1251063882027730
0.1205166698122423
0.1039319610096816
0.0771493107542463
0.0000000000000000
0.0000000000000000
0.0000000000000000
0.0000000000000000
0.0000000000000000
0.0000000000000000
0.0000000000000000
0.0000000000000000
0.0000000000000000
0.0000000000000000
0.0000000000000000
0.0000000000000000
0.0000000000000000
0.0000000000000000
0.0000000000000000
0.0000000000000000
0.0171374779576891
0.0614098292089635
0.0955403125723736
0.1171024477591308
0.1255652091054506
0.1210603076113424
0.1045275609698837
0.0777662013067502
0.0000000000000000
0.0000000000000000
0.0000000000000000
0.0000000000000000
0.0000000000000000
0.0000000000000000
0.0000000000000000
0.0000000000000000
0.0000000000000000
0.0000000000000000
0.0000000000000000
0.0000000000000000
0.0000000000000000
0.0000000000000000
0.0000000000000000
0.0000000000000000
0.0165795595976281
0.0612918739847369
0.0957077211302052
0.1174486118135483
0.1260340560580542
0.1216126523270040
0.1051301432190617
0.0783883510743510
0.0000000000000000
0.0000000000000000
0.0000000000000000
0.0000000000000000
0.0000000000000000
0.0000000000000000
0.0000000000000000
0.0000000000000000
0.0000000000000000
0.0000000000000000
0.0000000000000000
0.0000000000000000
0.0000000000000000
0.0000000000000000
0.0000000000000000
0.0000000000000000
0.0160068313279648
0.0611736974379687
0.0958830063507998
0.1178046847990629
0.1265124715358697
0.1221731947692148
0.1057391704392055
0.0790152228394538
0.0000000000000000
0.0000000000000000
0.0000000000000000
0.0000000000000000
0.0000000000000000
0.0000000000000000
0.0000000000000000
0.0000000000000000
0.0000000000000000
0.0000000000000000
0.0000000000000000
0.0000000000000000
0.0000000000000000
0.0000000000000000
0.0000000000000000
0.0000000000000000
0.0154192623711347
0.0610547764399685
0.0960657975105079
0.1181702652552576
0.1269999940451763
0.1227414242283566
0.1063541063567575
0.0796462828499456
0.0000000000000000
0.0000000000000000
0.0000000000000000
0.0000000000000000
0.0000000000000000
0.0000000000000000
0.0000000000000000
0.0000000000000000
0.0000000000000000
0.0000000000000000
0.0000000000000000
0.0000000000000000
0.0000000000000000
0.0000000000000000
0.0000000000000000
0.0000000000000000
0.0148169576783087
0.0609345673055346
0.0962557114027022
0.1185449432067195
0.1274961575054092
0.1233168295988160
0.1069744184362749
0.0802810047447381
0.0000000000000000
0.0000000000000000
0.0000000000000000
0.0000000000000000
0.0000000000000000
0.0000000000000000
0.0000000000000000
0.0000000000000000
0.0000000000000000
0.0000000000000000
0.0000000000000000
0.0000000000000000
0.0000000000000000
0.0000000000000000
0.0000000000000000
0.0000000000000000
0.0142001777488703
0.0608125007356864
0.0964523477356238
0.1189282966392222
0.1280004890541280
0.1238988985702261
0.1075995783584574
0.0809188711345818
0.0000000000000000
0.0000000000000000
0.0000000000000000
0.0000000000000000
0.0000000000000000
0.0000000000000000
0.0000000000000000
0.0000000000000000
0.0000000000000000
0.0000000000000000
0.0000000000000000
0.0000000000000000
0.0000000000000000
0.0000000000000000
0.0000000000000000
0.0000000000000000
0.0135693629876371
0.0606879784698725
0.0966552856542170
0.1193198885542301
0.1285125069080791
0.1244871163829125
0.1082290616452128
0.0815593739493383
0.0000000000000000
0.0000000000000000
0.0000000000000000
0.0000000000000000
0.0000000000000000
0.0000000000000000
0.0000000000000000
0.0000000000000000
0.0000000000000000
0.0000000000000000
0.0000000000000000
0.0000000000000000
0.0000000000000000
0.0000000000000000
0.0000000000000000
0.0000000000000000
0.0129251614314538
0.0605603719913066
0.0968640823232335
0.1197192658765343
0.1290317197070096
0.1250809656163956
0.1088623478331571
0.0822020149233186
0.0000000000000000
0.0000000000000000
0.0000000000000000
0.0000000000000000
0.0000000000000000
0.0000000000000000
0.0000000000000000
0.0000000000000000
0.0000000000000000
0.0000000000000000
0.0000000000000000
0.0000000000000000
0.0000000000000000
0.0000000000000000
0.0000000000000000
0.0000000000000000
0.0122684585346330
0.0604290228580982
0.0970782736098693
0.1201259604284138
0.1295576276856352
0.1256799274515326
0.1094989217275465
0.0828463067370062
0.0000000000000000
0.0000000000000000
0.0000000000000000
0.0000000000000000
0.0000000000000000
0.0000000000000000
0.0000000000000000
0.0000000000000000
0.0000000000000000
0.0000000000000000
0.0000000000000000
0.0000000000000000
0.0000000000000000
0.0000000000000000
0.0000000000000000
0.0000000000000000
0.0116004082665608
0.0602932440337877
0.0972973760667604
0.1205394911972763
0.1300897249350532
0.1262834837442395
0.1101382751598743
0.0834917744061006
0.0000000000000000
0.0000000000000000
0.0000000000000000
0.0000000000000000
0.0000000000000000
0.0000000000000000
0.0000000000000000
0.0000000000000000
0.0000000000000000
0.0000000000000000
0.0000000000000000
0.0000000000000000
0.0000000000000000
0.0000000000000000
0.0000000000000000
0.0000000000000000
0.0109224654045569
0.0601523217197342
0.0975208893523188
0.1209593668162220
0.1306275016467808
0.1268911188442869
0.1107799082918565
0.0841379560280567
0.0000000000000000
0.0000000000000000
0.0000000000000000
0.0000000000000000
0.0000000000000000
0.0000000000000000
0.0000000000000000
0.0000000000000000
0.0000000000000000
0.0000000000000000
0.0000000000000000
0.0000000000000000
0.0000000000000000
0.0000000000000000
0.0000000000000000
0.0000000000000000
0.0102364185343802
0.0600055175464537
0.0977482985131129
0.1213850876056996
0.1311704456670461
0.1275023205509426
0.1114233299259816
0.0847844025053374
0.0000000000000000
0.0000000000000000
0.0000000000000000
0.0000000000000000
0.0000000000000000
0.0000000000000000
0.0000000000000000
0.0000000000000000
0.0000000000000000
0.0000000000000000
0.0000000000000000
0.0000000000000000
