0.0000000000000000
0.0000000000000000
0.0000000000000000
0.0000000000000000
0.0878714545693909
0.1438489600200979
0.0000000000000000
0.0000000000000000
0.0000000000000000
0.0000000000000000
0.0000000000000000
0.0370450967071510
0.0352070893049948
0.0317081929034790
0.0267567084753833
0.0206231415645516
0.0135620097855329
0.0056146219642640
0.0000000000000000
0.0000000000000000
0.0000000000000000
0.0000000000000000
0.0000000000000000
0.0000000000000000
0.0000000000000000
0.0000000000000000
0.0000000000000000
0.0000000000000000
0.0866897835732383
0.1434579280395593
0.0000000000000000
0.0000000000000000
0.0000000000000000
0.0000000000000000
0.0000000000000000
0.0370366774781694
0.0352109080481006
0.0317217948973655
0.0267770482630244
0.0206468594487494
0.0135858470434340
0.0056355553724747
0.0000000000000000
0.0000000000000000
0.0000000000000000
0.0000000000000000
0.0000000000000000
0.0000000000000000
0.0000000000000000
0.0000000000000000
0.0000000000000000
0.0000000000000000
0.0854582172062701
0.1430466881331137
0.0000000000000000
0.0000000000000000
0.0000000000000000
0.0000000000000000
0.0000000000000000
0.0370261192176134
0.0352123561700532
0.0317327381590081
0.0267943942298684
0.0206671964591620
0.0136058015663037
0.0056517868172041
0.0000000000000000
0.0000000000000000
0.0000000000000000
0.0000000000000000
0.0000000000000000
0.0000000000000000
0.0000000000000000
0.0000000000000000
0.0000000000000000
0.0000000000000000
0.0841762970552864
0.1426150276525251
0.0000000000000000
0.0000000000000000
0.0000000000000000
0.0000000000000000
0.0000000000000000
0.0370134067987626
0.0352114086106885
0.0317409903262376
0.0268087098175422
0.0206841152332704
0.0136218387199844
0.0056632853983058
0.0000000000000000
0.0000000000000000
0.0000000000000000
0.0000000000000000
0.0000000000000000
0.0000000000000000
0.0000000000000000
0.0000000000000000
0.0000000000000000
0.0000000000000000
0.0828435703711151
0.1421627243138084
0.0000000000000000
0.0000000000000000
0.0000000000000000
0.0000000000000000
0.0000000000000000
0.0369985247162900
0.0352080403043707
0.0317465194544384
0.0268199593245034
0.0206975796629392
0.0136339253397199
0.0056700219242373
0.0000000000000000
0.0000000000000000
0.0000000000000000
0.0000000000000000
0.0000000000000000
0.0000000000000000
0.0000000000000000
0.0000000000000000
0.0000000000000000
0.0000000000000000
0.0814596001177613
0.1416895473551179
0.0000000000000000
0.0000000000000000
0.0000000000000000
0.0000000000000000
0.0000000000000000
0.0369814570439853
0.0352022260799706
0.0317492938611765
0.0268281076986702
0.0207075546463553
0.0136420294366179
0.0056719685439845
0.0000000000000000
0.0000000000000000
0.0000000000000000
0.0000000000000000
0.0000000000000000
0.0000000000000000
0.0000000000000000
0.0000000000000000
0.0000000000000000
0.0000000000000000
0.0800239745472021
0.1411952582782660
0.0000000000000000
0.0000000000000000
0.0000000000000000
0.0000000000000000
0.0000000000000000
0.0369621874206793
0.0351939406196056
0.0317492820589757
0.0268331204485952
0.0207140059730924
0.0136461200582994
0.0056690985559998
0.0000000000000000
0.0000000000000000
0.0000000000000000
0.0000000000000000
0.0000000000000000
0.0000000000000000
0.0000000000000000
0.0000000000000000
0.0000000000000000
0.0000000000000000
0.0785363167187943
0.1406796112661275
0.0000000000000000
0.0000000000000000
0.0000000000000000
0.0000000000000000
0.0000000000000000
0.0369406990640097
0.0351831584732076
0.0317464527694377
0.0268349636521328
0.0207169003301173
0.0136461672802941
0.0056613863858593
0.0000000000000000
0.0000000000000000
0.0000000000000000
0.0000000000000000
0.0000000000000000
0.0000000000000000
0.0000000000000000
0.0000000000000000
0.0000000000000000
0.0000000000000000
0.0769962946222158
0.1401423534416639
0.0000000000000000
0.0000000000000000
0.0000000000000000
0.0000000000000000
0.0000000000000000
0.0369169748125562
0.0351698541169134
0.0317407749944561
0.0268336040405678
0.0207162053889665
0.0136421422979655
0.0056488076825394
0.0000000000000000
0.0000000000000000
0.0000000000000000
0.0000000000000000
0.0000000000000000
0.0000000000000000
0.0000000000000000
0.0000000000000000
0.0000000000000000
0.0000000000000000
0.0754036328692527
0.1395832252187606
0.0000000000000000
0.0000000000000000
0.0000000000000000
0.0000000000000000
0.0000000000000000
0.0368909971897770
0.0351540020386025
0.0317322181213806
0.0268290091159495
0.0207118899360817
0.0136340175555510
0.0056313394780244
0.0000000000000000
0.0000000000000000
0.0000000000000000
0.0000000000000000
0.0000000000000000
0.0000000000000000
0.0000000000000000
0.0000000000000000
0.0000000000000000
0.0000000000000000
0.0737581267500319
0.1390019609672563
0.0000000000000000
0.0000000000000000
0.0000000000000000
0.0000000000000000
0.0000000000000000
0.0368627484814532
0.0351355768246277
0.0317207520167401
0.0268211472525721
0.0207039239739857
0.0136217668522306
0.0056089603239958
0.0000000000000000
0.0000000000000000
0.0000000000000000
0.0000000000000000
0.0000000000000000
0.0000000000000000
0.0000000000000000
0.0000000000000000
0.0000000000000000
0.0000000000000000
0.0720596598004736
0.1383982902694355
0.0000000000000000
0.0000000000000000
0.0000000000000000
0.0000000000000000
0.0000000000000000
0.0368322108149129
0.0351145532251345
0.0317063470768124
0.0268099877307274
0.0206922787448244
0.0136053653470388
0.0055816503339352
0.0000000000000000
0.0000000000000000
0.0000000000000000
0.0000000000000000
0.0000000000000000
0.0000000000000000
0.0000000000000000
0.0000000000000000
0.0000000000000000
0.0000000000000000
0.0703082255335319
0.1377719399619317
0.0000000000000000
0.0000000000000000
0.0000000000000000
0.0000000000000000
0.0000000000000000
0.0367993662362671
0.0350909061840886
0.0316889742142176
0.0267955006874563
0.0206769266464425
0.0135847894497833
0.0055493911020752
0.0000000000000000
0.0000000000000000
0.0000000000000000
0.0000000000000000
0.0000000000000000
0.0000000000000000
0.0000000000000000
0.0000000000000000
0.0000000000000000
0.0000000000000000
0.0685039538879308
0.1371226370810542
0.0000000000000000
0.0000000000000000
0.0000000000000000
0.0000000000000000
0.0000000000000000
0.0367641967945297
0.0350646108526923
0.0316686048051352
0.0267776570058404
0.0206578410811522
0.0135600166313626
0.0055121655601643
0.0000000000000000
0.0000000000000000
0.0000000000000000
0.0000000000000000
0.0000000000000000
0.0000000000000000
0.0000000000000000
0.0000000000000000
0.0000000000000000
0.0000000000000000
0.0666471424376754
0.1364501127038157
0.0000000000000000
0.0000000000000000
0.0000000000000000
0.0000000000000000
0.0000000000000000
0.0367266846546337
0.0350356426173083
0.0316452106437887
0.0267564282122811
0.0206349963066544
0.0135310252439240
0.0054699578633202
0.0000000000000000
0.0000000000000000
0.0000000000000000
0.0000000000000000
0.0000000000000000
0.0000000000000000
0.0000000000000000
0.0000000000000000
0.0000000000000000
0.0000000000000000
0.0647382923452024
0.1357541066844397
0.0000000000000000
0.0000000000000000
0.0000000000000000
0.0000000000000000
0.0000000000000000
0.0366868122554931
0.0350039771745121
0.0316187639454223
0.0267317864216703
0.0206083673469358
0.0134977944071115
0.0054227533861378
0.0000000000000000
0.0000000000000000
0.0000000000000000
0.0000000000000000
0.0000000000000000
0.0000000000000000
0.0000000000000000
0.0000000000000000
0.0000000000000000
0.0000000000000000
0.0627781483614687
0.1350343729759825
0.0000000000000000
0.0000000000000000
0.0000000000000000
0.0000000000000000
0.0000000000000000
0.0366445624992165
0.0349695906415717
0.0315892373909442
0.0267037043329527
0.0205779299503725
0.0134603039458431
0.0053705387859222
0.0000000000000000
0.0000000000000000
0.0000000000000000
0.0000000000000000
0.0000000000000000
0.0000000000000000
0.0000000000000000
0.0000000000000000
0.0000000000000000
0.0000000000000000
0.0607677408835992
0.1342906848122444
0.0000000000000000
0.0000000000000000
0.0000000000000000
0.0000000000000000
0.0000000000000000
0.0365999189133372
0.0349324596527265
0.0315566041633864
0.0266721552147530
0.0205436605378385
0.0134185342966153
0.0053133020409865
0.0000000000000000
0.0000000000000000
0.0000000000000000
0.0000000000000000
0.0000000000000000
0.0000000000000000
0.0000000000000000
0.0000000000000000
0.0000000000000000
0.0000000000000000
0.0587084262451157
0.1335228383396588
0.0000000000000000
0.0000000000000000
0.0000000000000000
0.0000000000000000
0.0000000000000000
0.0365528657118072
0.0348925613808636
0.0315208379294903
0.0266371128446735
0.0205055360919476
0.0133724663394545
0.0052510323896184
0.0000000000000000
0.0000000000000000
0.0000000000000000
0.0000000000000000
0.0000000000000000
0.0000000000000000
0.0000000000000000
0.0000000000000000
0.0000000000000000
0.0000000000000000
0.0566019212307087
0.1327306531712112
0.0000000000000000
0.0000000000000000
0.0000000000000000
0.0000000000000000
0.0000000000000000
0.0365033877150625
0.0348498734774107
0.0314819127841991
0.0265985514414567
0.0204635340580906
0.0133220812231182
0.0051837202745693
0.0000000000000000
0.0000000000000000
0.0000000000000000
0.0000000000000000
0.0000000000000000
0.0000000000000000
0.0000000000000000
0.0000000000000000
0.0000000000000000
0.0000000000000000
0.0544503297607382
0.1319139691905720
0.0000000000000000
0.0000000000000000
0.0000000000000000
0.0000000000000000
0.0000000000000000
0.0364514701761830
0.0348043740050633
0.0314398032664821
0.0265564457304746
0.0204176324173115
0.0132673604026575
0.0051113575586483
0.0000000000000000
0.0000000000000000
0.0000000000000000
0.0000000000000000
0.0000000000000000
0.0000000000000000
0.0000000000000000
0.0000000000000000
0.0000000000000000
0.0000000000000000
0.0522561644078891
0.1310726404001453
0.0000000000000000
0.0000000000000000
0.0000000000000000
0.0000000000000000
0.0000000000000000
0.0363970986361412
0.0347560414958842
0.0313944845867086
0.0265107713011600
0.0203678101265994
0.0132082861013258
0.0050339383122666
0.0000000000000000
0.0000000000000000
0.0000000000000000
0.0000000000000000
0.0000000000000000
0.0000000000000000
0.0000000000000000
0.0000000000000000
0.0000000000000000
0.0000000000000000
0.0500223688530058
0.1302065280851094
0.0000000000000000
0.0000000000000000
0.0000000000000000
0.0000000000000000
0.0000000000000000
0.0363402589398136
0.0347048552319524
0.0313459331458573
0.0264615053200026
0.0203140479783952
0.0131448422779292
0.0049514602774674
0.0000000000000000
0.0000000000000000
0.0000000000000000
0.0000000000000000
0.0000000000000000
0.0000000000000000
0.0000000000000000
0.0000000000000000
0.0000000000000000
0.0000000000000000
0.0477523480037525
0.1293154955717429
0.0000000000000000
0.0000000000000000
0.0000000000000000
0.0000000000000000
0.0000000000000000
0.0362809374590074
0.0346507957397523
0.0312941272755277
0.0264086274875507
0.0202563297347357
0.0130770159104538
0.0048639268114909
0.0000000000000000
0.0000000000000000
0.0000000000000000
0.0000000000000000
0.0000000000000000
0.0000000000000000
0.0000000000000000
0.0000000000000000
0.0000000000000000
0.0000000000000000
0.0454500085414034
0.1283994056807171
0.0000000000000000
0.0000000000000000
0.0000000000000000
0.0000000000000000
0.0000000000000000
0.0362191214430403
0.0345938453548519
0.0312390480062045
0.0263521209819991
0.0201946432233306
0.0130047982328857
0.0047713488573520
0.0000000000000000
0.0000000000000000
0.0000000000000000
0.0000000000000000
0.0000000000000000
0.0000000000000000
0.0000000000000000
0.0000000000000000
0.0000000000000000
0.0000000000000000
0.0431198076648888
0.1274581201202495
0.0000000000000000
0.0000000000000000
0.0000000000000000
0.0000000000000000
0.0000000000000000
0.0361547993363610
0.0345339886670711
0.0311806796263060
0.0262919731203961
0.0201289810791454
0.0129281855525933
0.0046737465127571
0.0000000000000000
0.0000000000000000
0.0000000000000000
0.0000000000000000
0.0000000000000000
0.0000000000000000
0.0000000000000000
0.0000000000000000
0.0000000000000000
0.0000000000000000
0.0407668047910340
0.1264914991837574
0.0000000000000000
0.0000000000000000
0.0000000000000000
0.0000000000000000
0.0000000000000000
0.0360879609268423
0.0344712127074943
0.0311190098992979
0.0262281755885808
0.0200593409785148
0.0128471794719913
0.0045711499811185
0.0000000000000000
0.0000000000000000
0.0000000000000000
0.0000000000000000
0.0000000000000000
0.0000000000000000
0.0000000000000000
0.0000000000000000
0.0000000000000000
0.0000000000000000
0.0383967120207211
0.1254994005709281
0.0000000000000000
0.0000000000000000
0.0000000000000000
0.0000000000000000
0.0000000000000000
0.0360185972932789
0.0344055068721844
0.0310540299491516
0.0261607242803777
0.0199857254147662
0.0127617865852386
0.0044636000328101
0.0000000000000000
0.0000000000000000
0.0000000000000000
0.0000000000000000
0.0000000000000000
0.0000000000000000
0.0000000000000000
0.0000000000000000
0.0000000000000000
0.0000000000000000
0.0360159420410242
0.1244816775181842
0.0000000000000000
0.0000000000000000
0.0000000000000000
0.0000000000000000
0.0000000000000000
0.0359467006310632
0.0343368626850488
0.0309857339499264
0.0260896189023311
0.0199081412157978
0.0126720178844717
0.0043511482812933
0.0000000000000000
0.0000000000000000
0.0000000000000000
0.0000000000000000
0.0000000000000000
0.0000000000000000
0.0000000000000000
0.0000000000000000
0.0000000000000000
0.0000000000000000
0.0336316541508850
0.1234381773051085
0.0000000000000000
0.0000000000000000
0.0000000000000000
0.0000000000000000
0.0000000000000000
0.0358722640700648
0.0342652735325286
0.0309141187690973
0.0260148625268700
0.0198265990004706
0.0125778881094804
0.0042338575928302
0.0000000000000000
0.0000000000000000
0.0000000000000000
0.0000000000000000
0.0000000000000000
0.0000000000000000
0.0000000000000000
0.0000000000000000
0.0000000000000000
0.0000000000000000
0.0312517974297178
0.1223687411508995
0.0000000000000000
0.0000000000000000
0.0000000000000000
0.0000000000000000
0.0000000000000000
0.0357952815578748
0.0341907344493420
0.0308391836567123
0.0259364611857564
0.0197411126879380
0.0124794151626897
0.0041118028030886
0.0000000000000000
0.0000000000000000
0.0000000000000000
0.0000000000000000
0.0000000000000000
0.0000000000000000
