0.0000000000000000
0.0000000000000000
0.0000000000000000
0.0000000000000000
0.0255083339285862
0.0642141752193227
0.0942843578770874
0.1128720237696776
0.1190141414914872
0.1127275681097432
0.0949454470563769
0.0674891853683536
0.0000000000000000
0.0000000000000000
0.0000000000000000
0.0000000000000000
0.0000000000000000
0.0000000000000000
0.0000000000000000
0.0000000000000000
0.0000000000000000
0.0000000000000000
0.0000000000000000
0.0000000000000000
0.0000000000000000
0.0000000000000000
0.0000000000000000
0.0000000000000000
0.0251411979876716
0.0640186363719071
0.0942443809896173
0.1129671625242900
0.1192278487592078
0.1130414715523100
0.0953372367253498
0.0679323234270530
0.0000000000000000
0.0000000000000000
0.0000000000000000
0.0000000000000000
0.0000000000000000
0.0000000000000000
0.0000000000000000
0.0000000000000000
0.0000000000000000
0.0000000000000000
0.0000000000000000
0.0000000000000000
0.0000000000000000
0.0000000000000000
0.0000000000000000
0.0000000000000000
0.0247689049710892
0.0638300069476989
0.0942173003170200
0.1130777580305765
0.1194577381349911
0.1133711552912022
0.0957436837582357
0.0683885799897394
0.0000000000000000
0.0000000000000000
0.0000000000000000
0.0000000000000000
0.0000000000000000
0.0000000000000000
0.0000000000000000
0.0000000000000000
0.0000000000000000
0.0000000000000000
0.0000000000000000
0.0000000000000000
0.0000000000000000
0.0000000000000000
0.0000000000000000
0.0000000000000000
0.0243910278350230
0.0636481004130509
0.0942029844960818
0.1132036382059550
0.1197035727870048
0.1137163197197806
0.0961644398929554
0.0688575789502376
0.0000000000000000
0.0000000000000000
0.0000000000000000
0.0000000000000000
0.0000000000000000
0.0000000000000000
0.0000000000000000
0.0000000000000000
0.0000000000000000
0.0000000000000000
0.0000000000000000
0.0000000000000000
0.0000000000000000
0.0000000000000000
0.0000000000000000
0.0000000000000000
0.0240071036058224
0.0634727047243154
0.0942012839090292
0.1133446155602640
0.1199651027525405
0.1140766545883719
0.0965991489686925
0.0693389391577071
0.0000000000000000
0.0000000000000000
0.0000000000000000
0.0000000000000000
0.0000000000000000
0.0000000000000000
0.0000000000000000
0.0000000000000000
0.0000000000000000
0.0000000000000000
0.0000000000000000
0.0000000000000000
0.0000000000000000
0.0000000000000000
0.0000000000000000
0.0000000000000000
0.0236166365912651
0.0633035840358365
0.0942120322028582
0.1135004883251714
0.1202420656193279
0.1144518392452933
0.0970474467771879
0.0698322739253725
0.0000000000000000
0.0000000000000000
0.0000000000000000
0.0000000000000000
0.0000000000000000
0.0000000000000000
0.0000000000000000
0.0000000000000000
0.0000000000000000
0.0000000000000000
0.0000000000000000
0.0000000000000000
0.0000000000000000
0.0000000000000000
0.0000000000000000
0.0000000000000000
0.0232191011572330
0.0631404797102006
0.0942350472932322
0.1136710412628753
0.1205341871217545
0.1148415430174013
0.0975089612324121
0.0703371910464886
0.0000000000000000
0.0000000000000000
0.0000000000000000
0.0000000000000000
0.0000000000000000
0.0000000000000000
0.0000000000000000
0.0000000000000000
0.0000000000000000
0.0000000000000000
0.0000000000000000
0.0000000000000000
0.0000000000000000
0.0000000000000000
0.0000000000000000
0.0000000000000000
0.0228139442553735
0.0629831107102699
0.0942701318593822
0.1138560461461063
0.1208411815788629
0.1152454256096150
0.0979833127416782
0.0708532931031983
0.0000000000000000
0.0000000000000000
0.0000000000000000
0.0000000000000000
0.0000000000000000
0.0000000000000000
0.0000000000000000
0.0000000000000000
0.0000000000000000
0.0000000000000000
0.0000000000000000
0.0000000000000000
0.0000000000000000
0.0000000000000000
0.0000000000000000
0.0000000000000000
0.0224005879699615
0.0628311735047924
0.0943170734234337
0.1140552618935012
0.1211627521040590
0.1156631373896700
0.0984701145456506
0.0713801778753580
0.0000000000000000
0.0000000000000000
0.0000000000000000
0.0000000000000000
0.0000000000000000
0.0000000000000000
0.0000000000000000
0.0000000000000000
0.0000000000000000
0.0000000000000000
0.0000000000000000
0.0000000000000000
0.0000000000000000
0.0000000000000000
0.0000000000000000
0.0000000000000000
0.0219784325000011
0.0626843417592433
0.0943756441499672
0.1142684344483188
0.1214985905731580
0.1160943194571099
0.0989689728922698
0.0719174385715188
0.0000000000000000
0.0000000000000000
0.0000000000000000
0.0000000000000000
0.0000000000000000
0.0000000000000000
0.0000000000000000
0.0000000000000000
0.0000000000000000
0.0000000000000000
0.0000000000000000
0.0000000000000000
0.0000000000000000
0.0000000000000000
0.0000000000000000
0.0000000000000000
0.0215468599436645
0.0625422661009900
0.0944456006350849
0.1144952965369594
0.1218483774004613
0.1165386034570155
0.0994794868790677
0.0724646637139072
0.0000000000000000
0.0000000000000000
0.0000000000000000
0.0000000000000000
0.0000000000000000
0.0000000000000000
0.0000000000000000
0.0000000000000000
0.0000000000000000
0.0000000000000000
0.0000000000000000
0.0000000000000000
0.0000000000000000
0.0000000000000000
0.0000000000000000
0.0000000000000000
0.0211052394024475
0.0624045743302169
0.0945266839237846
0.1147355674994195
0.1222117812083986
0.1169956111130527
0.1000012478809113
0.0730214364650551
0.0000000000000000
0.0000000000000000
0.0000000000000000
0.0000000000000000
0.0000000000000000
0.0000000000000000
0.0000000000000000
0.0000000000000000
0.0000000000000000
0.0000000000000000
0.0000000000000000
0.0000000000000000
0.0000000000000000
0.0000000000000000
0.0000000000000000
0.0000000000000000
0.0206529336972641
0.0622708723122754
0.0946186199886285
0.1149889533153104
0.1225884584574698
0.1174649535048863
0.1005338385097178
0.0735873333436820
0.0000000000000000
0.0000000000000000
0.0000000000000000
0.0000000000000000
0.0000000000000000
0.0000000000000000
0.0000000000000000
0.0000000000000000
0.0000000000000000
0.0000000000000000
0.0000000000000000
0.0000000000000000
0.0000000000000000
0.0000000000000000
0.0000000000000000
0.0000000000000000
0.0201893078971055
0.0621407455775067
0.0947211206067806
0.1152551467990328
0.1229780530067763
0.1179462300558629
0.1010768311192382
0.0741619223399841
0.0000000000000000
0.0000000000000000
0.0000000000000000
0.0000000000000000
0.0000000000000000
0.0000000000000000
0.0000000000000000
0.0000000000000000
0.0000000000000000
0.0000000000000000
0.0000000000000000
0.0000000000000000
0.0000000000000000
0.0000000000000000
0.0000000000000000
0.0000000000000000
0.0197137396081488
0.0620137613725990
0.0948338844266511
0.1155338277506437
0.1233801954664422
0.1184390271826976
0.1016297858543441
0.0747447605238578
0.0000000000000000
0.0000000000000000
0.0000000000000000
0.0000000000000000
0.0000000000000000
0.0000000000000000
0.0000000000000000
0.0000000000000000
0.0000000000000000
0.0000000000000000
0.0000000000000000
0.0000000000000000
0.0000000000000000
0.0000000000000000
0.0000000000000000
0.0000000000000000
0.0192256309899888
0.0618894709415901
0.0949565979455421
0.1158246628863742
0.1237945022349198
0.1189429165805452
0.1021922483371752
0.0753353912767154
0.0000000000000000
0.0000000000000000
0.0000000000000000
0.0000000000000000
0.0000000000000000
0.0000000000000000
0.0000000000000000
0.0000000000000000
0.0000000000000000
0.0000000000000000
0.0000000000000000
0.0000000000000000
0.0000000000000000
0.0000000000000000
0.0000000000000000
0.0000000000000000
0.0187244223912716
0.0617674118612059
0.0950889363922009
0.1161273056150235
0.1242205744102807
0.1194574534278033
0.1027637473122010
0.0759333415614145
0.0000000000000000
0.0000000000000000
0.0000000000000000
0.0000000000000000
0.0000000000000000
0.0000000000000000
0.0000000000000000
0.0000000000000000
0.0000000000000000
0.0000000000000000
0.0000000000000000
0.0000000000000000
0.0000000000000000
0.0000000000000000
0.0000000000000000
0.0000000000000000
0.0182096072722164
0.0616471104589070
0.0952305647696699
0.1164413961537614
0.1246579971943975
0.1199821752325179
0.1033437930630932
0.0765381200172903
0.0000000000000000
0.0000000000000000
0.0000000000000000
0.0000000000000000
0.0000000000000000
0.0000000000000000
0.0000000000000000
0.0000000000000000
0.0000000000000000
0.0000000000000000
0.0000000000000000
0.0000000000000000
0.0000000000000000
0.0000000000000000
0.0000000000000000
0.0000000000000000
0.0176807475257985
0.0615280840728439
0.0953811393434307
0.1167665625494414
0.1251063406067524
0.1205166023027189
0.1039318776754861
0.0771492170654420
0.0000000000000000
0.0000000000000000
0.0000000000000000
0.0000000000000000
0.0000000000000000
0.0000000000000000
0.0000000000000000
0.0000000000000000
0.0000000000000000
0.0000000000000000
0.0000000000000000
0.0000000000000000
0.0000000000000000
0.0000000000000000
0.0000000000000000
0.0000000000000000
0.0171374880692520
0.0614098425134959
0.0955403093945559
0.1171024227869567
0.1255651619186183
0.1210602404455452
0.1045274779164831
0.0777661078391317
0.0000000000000000
0.0000000000000000
0.0000000000000000
0.0000000000000000
0.0000000000000000
0.0000000000000000
0.0000000000000000
0.0000000000000000
0.0000000000000000
0.0000000000000000
0.0000000000000000
0.0000000000000000
0.0000000000000000
0.0000000000000000
0.0000000000000000
0.0000000000000000
0.0165795698488067
0.0612918878595003
0.0957077185038271
0.1174485873268304
0.1260340092879889
0.1216125855116587
0.1051300604530645
0.0783882578349108
0.0000000000000000
0.0000000000000000
0.0000000000000000
0.0000000000000000
0.0000000000000000
0.0000000000000000
0.0000000000000000
0.0000000000000000
0.0000000000000000
0.0000000000000000
0.0000000000000000
0.0000000000000000
0.0000000000000000
0.0000000000000000
0.0000000000000000
0.0000000000000000
0.0160068417239436
0.0611737119026625
0.0958830042892995
0.1178046608073096
0.1265124251900790
0.1221731283109983
0.1057390879672119
0.0790151298352214
0.0000000000000000
0.0000000000000000
0.0000000000000000
0.0000000000000000
0.0000000000000000
0.0000000000000000
0.0000000000000000
0.0000000000000000
0.0000000000000000
0.0000000000000000
0.0000000000000000
0.0000000000000000
0.0000000000000000
0.0000000000000000
0.0000000000000000
0.0000000000000000
0.0154192729163865
0.0610547915148777
0.0960657960274375
0.1181702417679372
0.1269999481311011
0.1227413581339010
0.1063540241853628
0.0796461900879889
0.0000000000000000
0.0000000000000000
0.0000000000000000
0.0000000000000000
0.0000000000000000
0.0000000000000000
0.0000000000000000
0.0000000000000000
0.0000000000000000
0.0000000000000000
0.0000000000000000
0.0000000000000000
0.0000000000000000
0.0000000000000000
0.0000000000000000
0.0000000000000000
0.0148169683763351
0.0609345830115732
0.0962557105117444
0.1185449202332709
0.1274961120304324
0.1233167638747155
0.1069743365720738
0.0802809122321664
0.0000000000000000
0.0000000000000000
0.0000000000000000
0.0000000000000000
0.0000000000000000
0.0000000000000000
0.0000000000000000
0.0000000000000000
0.0000000000000000
0.0000000000000000
0.0000000000000000
0.0000000000000000
0.0000000000000000
0.0000000000000000
0.0000000000000000
0.0000000000000000
0.0142001886018820
0.0608125170944395
0.0964523474506106
0.1189282741890654
0.1280004440255831
0.1238988332230436
0.1075994968080494
0.0809187788785471
0.0000000000000000
0.0000000000000000
0.0000000000000000
0.0000000000000000
0.0000000000000000
0.0000000000000000
0.0000000000000000
0.0000000000000000
0.0000000000000000
0.0000000000000000
0.0000000000000000
0.0000000000000000
0.0000000000000000
0.0000000000000000
0.0000000000000000
0.0000000000000000
0.0135693739961676
0.0606879955036380
0.0966552859891471
0.1193198666367777
0.1285124623332592
0.1244870514191873
0.1082289804152061
0.0815592819570378
0.0000000000000000
0.0000000000000000
0.0000000000000000
0.0000000000000000
0.0000000000000000
0.0000000000000000
0.0000000000000000
0.0000000000000000
0.0000000000000000
0.0000000000000000
0.0000000000000000
0.0000000000000000
0.0000000000000000
0.0000000000000000
0.0000000000000000
0.0000000000000000
0.0129251725939008
0.0605603897231352
0.0968640832922881
0.1197192445012023
0.1290316755931769
0.1250809010426505
0.1088622669301746
0.0822019232019955
0.0000000000000000
0.0000000000000000
0.0000000000000000
0.0000000000000000
0.0000000000000000
0.0000000000000000
0.0000000000000000
0.0000000000000000
0.0000000000000000
0.0000000000000000
0.0000000000000000
0.0000000000000000
0.0000000000000000
0.0000000000000000
0.0000000000000000
0.0000000000000000
0.0122684698467260
0.0604290413118345
0.0970782752274302
0.1201259396046332
0.1295575840400301
0.1256798632742815
0.1094988411582296
0.0828462152939521
0.0000000000000000
0.0000000000000000
0.0000000000000000
0.0000000000000000
0.0000000000000000
0.0000000000000000
0.0000000000000000
0.0000000000000000
0.0000000000000000
0.0000000000000000
0.0000000000000000
0.0000000000000000
0.0000000000000000
0.0000000000000000
0.0000000000000000
0.0000000000000000
0.0116004197207517
0.0602932632341120
0.0972973783474282
0.1205394709345050
0.1300896817649045
0.1262834199699955
0.1101381949308894
0.0834916832486566
0.0000000000000000
0.0000000000000000
0.0000000000000000
0.0000000000000000
0.0000000000000000
0.0000000000000000
0.0000000000000000
0.0000000000000000
0.0000000000000000
0.0000000000000000
0.0000000000000000
0.0000000000000000
0.0000000000000000
0.0000000000000000
0.0000000000000000
0.0000000000000000
0.0109224769893352
0.0601523416922070
0.0975208923109331
0.1209593471239574
0.1306274589593160
0.1268910554795703
0.1107798284098998
0.0841378651636169
0.0000000000000000
0.0000000000000000
0.0000000000000000
0.0000000000000000
0.0000000000000000
0.0000000000000000
0.0000000000000000
0.0000000000000000
0.0000000000000000
0.0000000000000000
0.0000000000000000
0.0000000000000000
0.0000000000000000
0.0000000000000000
0.0000000000000000
0.0000000000000000
0.0102364302335199
0.0600055383175610
0.0977483021647718
0.1213850684934919
0.1311704034695012
0.1275022576022890
0.1114232503977847
0.0847843119413504
0.0000000000000000
0.0000000000000000
0.0000000000000000
0.0000000000000000
0.0000000000000000
0.0000000000000000
0.0000000000000000
0.0000000000000000
0.0000000000000000
0.0000000000000000
0.0000000000000000
0.0000000000000000
