0.0000000000000000
0.0000000000000000
0.0000000000000000
0.0000000000000000
0.0000000000000000
0.0000000000000000
0.0000000000000000
0.0000000000000000
0.0000000000000000
0.0353942394238591
0.0388921815480879
0.0815256212996202
0.1169725932983689
0.1415641254692726
0.1520764906341535
0.1454083469375994
0.1173045154786105
0.0582958666130872
0.0000000000000000
0.0000000000000000
0.0000000000000000
0.0000000000000000
0.0000000000000000
0.0000000000000000
0.0000000000000000
0.0000000000000000
0.0000000000000000
0.0000000000000000
0.0000000000000000
0.0000000000000000
0.0000000000000000
0.0000000000000000
0.0000000000000000
0.0353571977474536
0.0386203348278928
0.0813187691356160
0.1168548279498225
0.1415509605753694
0.1521739246572157
0.1456113877748980
0.1175927851821274
0.0586018062836277
0.0000000000000000
0.0000000000000000
0.0000000000000000
0.0000000000000000
0.0000000000000000
0.0000000000000000
0.0000000000000000
0.0000000000000000
0.0000000000000000
0.0000000000000000
0.0000000000000000
0.0000000000000000
0.0000000000000000
0.0000000000000000
0.0000000000000000
0.0353182640860410
0.0383587871680854
0.0811229976407784
0.1167481450279641
0.1415477929873606
0.1522787074114395
0.1458165075555642
0.1178721503893899
0.0588729020812474
0.0000000000000000
0.0000000000000000
0.0000000000000000
0.0000000000000000
0.0000000000000000
0.0000000000000000
0.0000000000000000
0.0000000000000000
0.0000000000000000
0.0000000000000000
0.0000000000000000
0.0000000000000000
0.0000000000000000
0.0000000000000000
0.0000000000000000
0.0352774483204557
0.0381077757148335
0.0809384703085115
0.1166526171625092
0.1415545950516186
0.1523907100182998
0.1460234838037230
0.1181423068076461
0.0591086967285327
0.0000000000000000
0.0000000000000000
0.0000000000000000
0.0000000000000000
0.0000000000000000
0.0000000000000000
0.0000000000000000
0.0000000000000000
0.0000000000000000
0.0000000000000000
0.0000000000000000
0.0000000000000000
0.0000000000000000
0.0000000000000000
0.0000000000000000
0.0352347594524430
0.0378675254747137
0.0807653368007511
0.1165683022788521
0.1415713242370745
0.1525097888159263
0.1462320780558359
0.1184029254897174
0.0593086791377659
0.0000000000000000
0.0000000000000000
0.0000000000000000
0.0000000000000000
0.0000000000000000
0.0000000000000000
0.0000000000000000
0.0000000000000000
0.0000000000000000
0.0000000000000000
0.0000000000000000
0.0000000000000000
0.0000000000000000
0.0000000000000000
0.0000000000000000
0.0351902056777388
0.0376382510120882
0.0806037345483068
0.1164952449184967
0.1415979240632358
0.1526357857515164
0.1464420355279850
0.1186536513798098
0.0594722805989045
0.0000000000000000
0.0000000000000000
0.0000000000000000
0.0000000000000000
0.0000000000000000
0.0000000000000000
0.0000000000000000
0.0000000000000000
0.0000000000000000
0.0000000000000000
0.0000000000000000
0.0000000000000000
0.0000000000000000
0.0000000000000000
0.0000000000000000
0.0351437944207775
0.0374201573106143
0.0804537895564599
0.1164334769642372
0.1416343246544443
0.1527685286835911
0.1466530850506740
0.1188941026173080
0.0595988725483810
0.0000000000000000
0.0000000000000000
0.0000000000000000
0.0000000000000000
0.0000000000000000
0.0000000000000000
0.0000000000000000
0.0000000000000000
0.0000000000000000
0.0000000000000000
0.0000000000000000
0.0000000000000000
0.0000000000000000
0.0000000000000000
0.0000000000000000
0.0350955323448338
0.0372134398578305
0.0803156165643279
0.1163830178104100
0.1416804429230465
0.1529078315590513
0.1468649391831498
0.1191238704068282
0.0596877658022932
0.0000000000000000
0.0000000000000000
0.0000000000000000
0.0000000000000000
0.0000000000000000
0.0000000000000000
0.0000000000000000
0.0000000000000000
0.0000000000000000
0.0000000000000000
0.0000000000000000
0.0000000000000000
0.0000000000000000
0.0000000000000000
0.0000000000000000
0.0350454253562915
0.0370182842565458
0.0801893186958968
0.1163438741363288
0.1417361824724840
0.1530534944456070
0.1470772943715190
0.1193425192493582
0.0597382107691993
0.0000000000000000
0.0000000000000000
0.0000000000000000
0.0000000000000000
0.0000000000000000
0.0000000000000000
0.0000000000000000
0.0000000000000000
0.0000000000000000
0.0000000000000000
0.0000000000000000
0.0000000000000000
0.0000000000000000
0.0000000000000000
0.0000000000000000
0.0349934786242286
0.0368351575775991
0.0800749869453754
0.1163160394887070
0.1418014333253552
0.1532053034444597
0.1472898310621661
0.1195495871942174
0.0597493981443584
0.0000000000000000
0.0000000000000000
0.0000000000000000
0.0000000000000000
0.0000000000000000
0.0000000000000000
0.0000000000000000
0.0000000000000000
0.0000000000000000
0.0000000000000000
0.0000000000000000
0.0000000000000000
0.0000000000000000
0.0000000000000000
0.0000000000000000
0.0349396966326430
0.0367948717682547
0.0799726997943007
0.1162994939792650
0.1418760716967449
0.1533630305418490
0.1475022136366026
0.1197445858272921
0.0597204593145738
0.0000000000000000
0.0000000000000000
0.0000000000000000
0.0000000000000000
0.0000000000000000
0.0000000000000000
0.0000000000000000
0.0000000000000000
0.0000000000000000
0.0000000000000000
0.0000000000000000
0.0000000000000000
0.0000000000000000
0.0000000000000000
0.0000000000000000
0.0348840832856807
0.0367525584711028
0.0798825233637830
0.1162942043623474
0.1419599599817543
0.1535264334733674
0.1477140901053014
0.1199269996211056
0.0596504658340343
0.0000000000000000
0.0000000000000000
0.0000000000000000
0.0000000000000000
0.0000000000000000
0.0000000000000000
0.0000000000000000
0.0000000000000000
0.0000000000000000
0.0000000000000000
0.0000000000000000
0.0000000000000000
0.0000000000000000
0.0000000000000000
0.0000000000000000
0.0348266420719315
0.0367082094605577
0.0798045122519296
0.1163001246748627
0.1420529470749768
0.1536952556368396
0.1479250915143547
0.1200962845918540
0.0595384277005323
0.0000000000000000
0.0000000000000000
0.0000000000000000
0.0000000000000000
0.0000000000000000
0.0000000000000000
0.0000000000000000
0.0000000000000000
0.0000000000000000
0.0000000000000000
0.0000000000000000
0.0000000000000000
0.0000000000000000
0.0000000000000000
0.0000000000000000
0.0347673762936852
0.0366618163793103
0.0797387109582856
0.1163171972818831
0.1421548689217927
0.1538692260195348
0.1481348311150561
0.1202518663807215
0.0593832909599481
0.0000000000000000
0.0000000000000000
0.0000000000000000
0.0000000000000000
0.0000000000000000
0.0000000000000000
0.0000000000000000
0.0000000000000000
0.0000000000000000
0.0000000000000000
0.0000000000000000
0.0000000000000000
0.0000000000000000
0.0000000000000000
0.0000000000000000
0.0347062893546056
0.0366133709398844
0.0796851555241900
0.1163453540738491
0.1422655490913059
0.1540480590377333
0.1483429033640752
0.1203931381383912
0.0591839354438823
0.0000000000000000
0.0000000000000000
0.0000000000000000
0.0000000000000000
0.0000000000000000
0.0000000000000000
0.0000000000000000
0.0000000000000000
0.0000000000000000
0.0000000000000000
0.0000000000000000
0.0000000000000000
0.0000000000000000
0.0000000000000000
0.0000000000000000
0.0346433851010008
0.0365628651733281
0.0796438750772385
0.1163845175035003
0.1423847991958135
0.1542314542482975
0.1485488828647894
0.1205194584960848
0.0589391734487726
0.0000000000000000
0.0000000000000000
0.0000000000000000
0.0000000000000000
0.0000000000000000
0.0000000000000000
0.0000000000000000
0.0000000000000000
0.0000000000000000
0.0000000000000000
0.0000000000000000
0.0000000000000000
0.0000000000000000
0.0000000000000000
0.0000000000000000
0.0345786681831062
0.0365102917036170
0.0796148931507336
0.1164346014822741
0.1425124192285811
0.1544190960669459
0.1487523234247954
0.1206301497860122
0.0586477491684462
0.0000000000000000
0.0000000000000000
0.0000000000000000
0.0000000000000000
0.0000000000000000
0.0000000000000000
0.0000000000000000
0.0000000000000000
0.0000000000000000
0.0000000000000000
0.0000000000000000
0.0000000000000000
0.0000000000000000
0.0000000000000000
0.0000000000000000
0.0345121443604135
0.0364556439809191
0.0795982289080145
0.1164955122962054
0.1426481980976647
0.1546106538362838
0.1489527575584255
0.1207244965819389
0.0583083383887893
0.0000000000000000
0.0000000000000000
0.0000000000000000
0.0000000000000000
0.0000000000000000
0.0000000000000000
0.0000000000000000
0.0000000000000000
0.0000000000000000
0.0000000000000000
0.0000000000000000
0.0000000000000000
0.0000000000000000
0.0000000000000000
0.0000000000000000
0.0344438206319336
0.0363989163788074
0.0795938981462352
0.1165671496333248
0.1427919145714271
0.1548057825797345
0.1491496968082639
0.1208017448641382
0.0579195480774686
0.0000000000000000
0.0000000000000000
0.0000000000000000
0.0000000000000000
0.0000000000000000
0.0000000000000000
0.0000000000000000
0.0000000000000000
0.0000000000000000
0.0000000000000000
0.0000000000000000
0.0000000000000000
0.0000000000000000
0.0000000000000000
0.0000000000000000
0.0343737050898921
0.0363401040845331
0.0796019136499628
0.1166494073508613
0.1429433384594570
0.1550041244693537
0.1493426331695095
0.1208611022940047
0.0574799169363323
0.0000000000000000
0.0000000000000000
0.0000000000000000
0.0000000000000000
0.0000000000000000
0.0000000000000000
0.0000000000000000
0.0000000000000000
0.0000000000000000
0.0000000000000000
0.0000000000000000
0.0000000000000000
0.0000000000000000
0.0000000000000000
0.0000000000000000
0.0343018064864522
0.0362792028005178
0.0796222840082282
0.1167421732206717
0.1431022313599362
0.1552053105501156
0.1495310414883862
0.1209017402389035
0.0569879191710070
0.0000000000000000
0.0000000000000000
0.0000000000000000
0.0000000000000000
0.0000000000000000
0.0000000000000000
0.0000000000000000
0.0000000000000000
0.0000000000000000
0.0000000000000000
0.0000000000000000
0.0000000000000000
0.0000000000000000
0.0000000000000000
0.0000000000000000
0.0342281336427414
0.0362162083786870
0.0796550103018002
0.1168453268765032
0.1432683461816465
0.1554089619667736
0.1497143823477746
0.1209227976934806
0.0564419739498392
0.0000000000000000
0.0000000000000000
0.0000000000000000
0.0000000000000000
0.0000000000000000
0.0000000000000000
0.0000000000000000
0.0000000000000000
0.0000000000000000
0.0000000000000000
0.0000000000000000
0.0000000000000000
0.0000000000000000
0.0000000000000000
0.0000000000000000
0.0341526949044490
0.0361511165566635
0.0797000807457017
0.1169587358799291
0.1434414250545775
0.1556146901112893
0.1498921047459306
0.1209233867102925
0.0558404613965947
0.0000000000000000
0.0000000000000000
0.0000000000000000
0.0000000000000000
0.0000000000000000
0.0000000000000000
0.0000000000000000
0.0000000000000000
0.0000000000000000
0.0000000000000000
0.0000000000000000
0.0000000000000000
0.0000000000000000
0.0000000000000000
0.0000000000000000
0.0340754978190982
0.0360839229027993
0.0797574643645236
0.1170822506502045
0.1436211960935534
0.1558220957092038
0.1500636481119977
0.1209025982431042
0.0551817435605035
0.0000000000000000
0.0000000000000000
0.0000000000000000
0.0000000000000000
0.0000000000000000
0.0000000000000000
0.0000000000000000
0.0000000000000000
0.0000000000000000
0.0000000000000000
0.0000000000000000
0.0000000000000000
0.0000000000000000
0.0000000000000000
0.0000000000000000
0.0339965490614874
0.0360146229496341
0.0798271052586464
0.1172156997201848
0.1438073700965685
0.1560307674989997
0.1502284436119330
0.1208595071989876
0.0544641866914916
0.0000000000000000
0.0000000000000000
0.0000000000000000
0.0000000000000000
0.0000000000000000
0.0000000000000000
0.0000000000000000
0.0000000000000000
0.0000000000000000
0.0000000000000000
0.0000000000000000
0.0000000000000000
0.0000000000000000
0.0000000000000000
0.0000000000000000
0.0339158544995969
0.0359432123820025
0.0799089188301458
0.1173588865960949
0.1439996383922910
0.1562402813768945
0.1503859150268718
0.1207931757429721
0.0536861813311077
0.0000000000000000
0.0000000000000000
0.0000000000000000
0.0000000000000000
0.0000000000000000
0.0000000000000000
0.0000000000000000
0.0000000000000000
0.0000000000000000
0.0000000000000000
0.0000000000000000
0.0000000000000000
0.0000000000000000
0.0000000000000000
0.0000000000000000
0.0338334192449869
0.0358696871382920
0.0800027904736317
0.1175115888630488
0.1441976724243166
0.1564502005508275
0.1505354795190646
0.1207026545385787
0.0528461583436364
0.0000000000000000
0.0000000000000000
0.0000000000000000
0.0000000000000000
0.0000000000000000
0.0000000000000000
0.0000000000000000
0.0000000000000000
0.0000000000000000
0.0000000000000000
0.0000000000000000
0.0000000000000000
0.0000000000000000
0.0000000000000000
0.0000000000000000
0.0337492476106327
0.0357940433693362
0.0801085764441994
0.1176735592361719
0.1444011249113454
0.1566600766307628
0.1506765483415532
0.1205869821536037
0.0519426019246285
0.0000000000000000
0.0000000000000000
0.0000000000000000
0.0000000000000000
0.0000000000000000
0.0000000000000000
0.0000000000000000
0.0000000000000000
0.0000000000000000
0.0000000000000000
0.0000000000000000
0.0000000000000000
0.0000000000000000
0.0000000000000000
0.0000000000000000
0.0336633430125207
0.0357556643750072
0.0802261060272092
0.1178445277758678
0.1446096318592772
0.1568694511462804
0.1508085273491504
0.1204451831933086
0.0509740621942261
0.0000000000000000
0.0000000000000000
0.0000000000000000
0.0000000000000000
0.0000000000000000
0.0000000000000000
0.0000000000000000
0.0000000000000000
0.0000000000000000
0.0000000000000000
0.0000000000000000
0.0000000000000000
0.0000000000000000
0.0000000000000000
0.0000000000000000
0.0335757079133574
0.0358315338437295
0.0803551842916408
0.1180242044653977
0.1448228147199505
0.1570778569506258
0.1509308171239120
0.1202762657342775
0.0499391703732034
0.0000000000000000
0.0000000000000000
0.0000000000000000
0.0000000000000000
0.0000000000000000
0.0000000000000000
0.0000000000000000
0.0000000000000000
0.0000000000000000
0.0000000000000000
0.0000000000000000
0.0000000000000000
0.0000000000000000
0.0000000000000000
0.0000000000000000
0.0334863438696911
0.0359206078971589
0.0804955948910607
0.1182122817190947
0.1450402823142016
0.1572848192785586
0.1510428127095366
0.1200792184537873
0.0488366585022060
0.0000000000000000
0.0000000000000000
0.0000000000000000
0.0000000000000000
0.0000000000000000
0.0000000000000000
