0.0000000000000000
0.0000000000000000
0.0000000000000000
0.0000000000000000
0.0878719203491058
0.1438490805132916
0.1552806863121127
0.1426949674178332
0.1149129862945216
0.0775481502258920
0.0000000000000000
0.0000000000000000
0.0352070723139140
0.0317081732538552
0.0267566880563471
0.0206231222334672
0.0135619931568937
0.0056146095025751
0.0000000000000000
0.0000000000000000
0.0000000000000000
0.0000000000000000
0.0000000000000000
0.0000000000000000
0.0000000000000000
0.0000000000000000
0.0000000000000000
0.0000000000000000
0.0866902552497534
0.1434580506793230
0.1552198046393798
0.1428003707086036
0.1151066993149925
0.0777788311735948
0.0000000000000000
0.0000000000000000
0.0352108910322096
0.0317217752060825
0.0267770277857549
0.0206468400438045
0.0135858303255570
0.0056355427979168
0.0000000000000000
0.0000000000000000
0.0000000000000000
0.0000000000000000
0.0000000000000000
0.0000000000000000
0.0000000000000000
0.0000000000000000
0.0000000000000000
0.0000000000000000
0.0854586949324569
0.1430468129648849
0.1551468007513958
0.1428950635274702
0.1152889943374290
0.0779967037798871
0.0000000000000000
0.0000000000000000
0.0352123391247488
0.0317327184214841
0.0267943736898408
0.0206671769758425
0.0136057847544196
0.0056517741247962
0.0000000000000000
0.0000000000000000
0.0000000000000000
0.0000000000000000
0.0000000000000000
0.0000000000000000
0.0000000000000000
0.0000000000000000
0.0000000000000000
0.0000000000000000
0.0841767809766362
0.1426151547216739
0.1550614961088803
0.1429788193320540
0.1154596101210359
0.0782015008861761
0.0000000000000000
0.0000000000000000
0.0352113915313818
0.0317409705379201
0.0268086892102749
0.0206840956671169
0.0136218218093857
0.0056632725831153
0.0000000000000000
0.0000000000000000
0.0000000000000000
0.0000000000000000
0.0000000000000000
0.0000000000000000
0.0000000000000000
0.0000000000000000
0.0000000000000000
0.0000000000000000
0.0828440606244069
0.1421628536656575
0.1549637101123036
0.1430514131386220
0.1156182902534266
0.0783929633185568
0.0000000000000000
0.0000000000000000
0.0352080231864899
0.0317464996108070
0.0268199386455603
0.0206975600095491
0.0136339083257609
0.0056700089813840
0.0000000000000000
0.0000000000000000
0.0000000000000000
0.0000000000000000
0.0000000000000000
0.0000000000000000
0.0000000000000000
0.0000000000000000
0.0000000000000000
0.0000000000000000
0.0814600968295118
0.1416896790349542
0.1548532600895764
0.1431126207738420
0.1157647819370134
0.0785708383513710
0.0000000000000000
0.0000000000000000
0.0352022089189639
0.0317492739577454
0.0268280869436630
0.0207075349013837
0.0136420123147144
0.0056719554686434
0.0000000000000000
0.0000000000000000
0.0000000000000000
0.0000000000000000
0.0000000000000000
0.0000000000000000
0.0000000000000000
0.0000000000000000
0.0000000000000000
0.0000000000000000
0.0800244778318819
0.1411953923313459
0.1547299613913687
0.1431622185839604
0.1158988354180316
0.0787348789846482
0.0000000000000000
0.0000000000000000
0.0351939234109433
0.0317492620912954
0.0268330996131849
0.0207139861322537
0.0136461028239283
0.0056690853434050
0.0000000000000000
0.0000000000000000
0.0000000000000000
0.0000000000000000
0.0000000000000000
0.0000000000000000
0.0000000000000000
0.0000000000000000
0.0000000000000000
0.0000000000000000
0.0785368266767884
0.1406797477376797
0.1545936275887307
0.1431999835105787
0.1160202040162422
0.0788848439058830
0.0000000000000000
0.0000000000000000
0.0351831412123846
0.0317464327330977
0.0268349427320317
0.0207168803891859
0.0136461499289930
0.0056613730313080
0.0000000000000000
0.0000000000000000
0.0000000000000000
0.0000000000000000
0.0000000000000000
0.0000000000000000
0.0000000000000000
0.0000000000000000
0.0000000000000000
0.0000000000000000
0.0769968113375029
0.1401424923768923
0.1544440707771704
0.1432256934628602
0.1161286445363398
0.0790204979499062
0.0000000000000000
0.0000000000000000
0.0351698367994512
0.0317407548850869
0.0268335830315414
0.0207161853437784
0.0136421248253320
0.0056487941813955
0.0000000000000000
0.0000000000000000
0.0000000000000000
0.0000000000000000
0.0000000000000000
0.0000000000000000
0.0000000000000000
0.0000000000000000
0.0000000000000000
0.0000000000000000
0.0754041564067673
0.1395833666628445
0.1542811019852057
0.1432391278273556
0.1162239178885711
0.0791416127628586
0.0000000000000000
0.0000000000000000
0.0351539846600520
0.0317321979346557
0.0268289880138182
0.0207118697825351
0.0136339999572427
0.0056313258257239
0.0000000000000000
0.0000000000000000
0.0000000000000000
0.0000000000000000
0.0000000000000000
0.0000000000000000
0.0000000000000000
0.0000000000000000
0.0000000000000000
0.0000000000000000
0.0737586571526705
0.1390021049653514
0.1541045316737946
0.1432400679624831
0.1163057896033673
0.0792479673581699
0.0000000000000000
0.0000000000000000
0.0351355593805715
0.0317207317483788
0.0268211260532131
0.0207039037080426
0.0136217491239638
0.0056089465160517
0.0000000000000000
0.0000000000000000
0.0000000000000000
0.0000000000000000
0.0000000000000000
0.0000000000000000
0.0000000000000000
0.0000000000000000
0.0000000000000000
0.0000000000000000
0.0720601970856919
0.1383984368666666
0.1539141703156982
0.1432282974924524
0.1163740299855522
0.0793393481684466
0.0000000000000000
0.0000000000000000
0.0351145357111898
0.0317063267225818
0.0268099664300769
0.0206922583625117
0.0136053474845890
0.0055816363659446
0.0000000000000000
0.0000000000000000
0.0000000000000000
0.0000000000000000
0.0000000000000000
0.0000000000000000
0.0000000000000000
0.0000000000000000
0.0000000000000000
0.0000000000000000
0.0703087696894849
0.1377720892033768
0.1537098290633667
0.1432036023138086
0.1164284137338646
0.0794155484612144
0.0000000000000000
0.0000000000000000
0.0350908885959095
0.0316889537699350
0.0267954792815114
0.0206769061438536
0.0135847714489846
0.0055493769697274
0.0000000000000000
0.0000000000000000
0.0000000000000000
0.0000000000000000
0.0000000000000000
0.0000000000000000
0.0000000000000000
0.0000000000000000
0.0000000000000000
0.0000000000000000
0.0685045048691001
0.1371227890117118
0.1534913205629171
0.1431657703665903
0.1164687191202888
0.0794763671584727
0.0000000000000000
0.0000000000000000
0.0350645931859726
0.0316685842666712
0.0267776354906616
0.0206578204544489
0.0135599984881078
0.0055121512592504
0.0000000000000000
0.0000000000000000
0.0000000000000000
0.0000000000000000
0.0000000000000000
0.0000000000000000
0.0000000000000000
0.0000000000000000
0.0000000000000000
0.0000000000000000
0.0666477001599271
0.1364502673685528
0.1532584600217796
0.1431145913910096
0.1164947270000458
0.0795216074705015
0.0000000000000000
0.0000000000000000
0.0350356248677843
0.0316451900070694
0.0267564065839950
0.0206349755520686
0.0135310069541654
0.0054699433897457
0.0000000000000000
0.0000000000000000
0.0000000000000000
0.0000000000000000
0.0000000000000000
0.0000000000000000
0.0000000000000000
0.0000000000000000
0.0000000000000000
0.0000000000000000
0.0647388566802311
0.1357542641279151
0.1530110666255043
0.1430498568590489
0.1165062199788946
0.0795510756525905
0.0000000000000000
0.0000000000000000
0.0350039593379650
0.0316187432064327
0.0267317646764725
0.0206083464607726
0.0134977759668621
0.0054227387359370
0.0000000000000000
0.0000000000000000
0.0000000000000000
0.0000000000000000
0.0000000000000000
0.0000000000000000
0.0000000000000000
0.0000000000000000
0.0000000000000000
0.0000000000000000
0.0627787191305887
0.1350345332425451
0.1527489652561252
0.1429713601736543
0.1165029818186700
0.0795645800504179
0.0000000000000000
0.0000000000000000
0.0349695727138312
0.0315892165457311
0.0267036824671110
0.0205779089290126
0.0134602853511779
0.0053705239552763
0.0000000000000000
0.0000000000000000
0.0000000000000000
0.0000000000000000
0.0000000000000000
0.0000000000000000
0.0000000000000000
0.0000000000000000
0.0000000000000000
0.0000000000000000
0.0607683178508579
0.1342908479458063
0.1524719882084019
0.1428788969824454
0.1164847970677101
0.0795619303447637
0.0000000000000000
0.0000000000000000
0.0349324416296734
0.0315565832080619
0.0266721332246110
0.0205436393777421
0.0134185155436734
0.0053132870262442
0.0000000000000000
0.0000000000000000
0.0000000000000000
0.0000000000000000
0.0000000000000000
0.0000000000000000
0.0000000000000000
0.0000000000000000
0.0000000000000000
0.0000000000000000
0.0587090091097290
0.1335230043835508
0.1521799763931771
0.1427722654706627
0.1164514508454068
0.0795429370319787
0.0000000000000000
0.0000000000000000
0.0348925432584330
0.0315208168602352
0.0266370907266537
0.0205055147896567
0.0133724474244403
0.0052510171873197
0.0000000000000000
0.0000000000000000
0.0000000000000000
0.0000000000000000
0.0000000000000000
0.0000000000000000
0.0000000000000000
0.0000000000000000
0.0000000000000000
0.0000000000000000
0.0566025096188339
0.1327308221680328
0.1518727795732774
0.1426512666278744
0.1164027290925966
0.0795074115117063
0.0000000000000000
0.0000000000000000
0.0348498552515941
0.0314818915972648
0.0265985291920633
0.0204635126102318
0.0133220621423022
0.0051837048814725
0.0000000000000000
0.0000000000000000
0.0000000000000000
0.0000000000000000
0.0000000000000000
0.0000000000000000
0.0000000000000000
0.0000000000000000
0.0000000000000000
0.0000000000000000
0.0544509232166202
0.1319141411820544
0.1515502555890628
0.1425157048105557
0.1163384197968384
0.0794551675393599
0.0000000000000000
0.0000000000000000
0.0348043556719105
0.0314397819581931
0.0265564233462949
0.0204176108205964
0.0132673411523754
0.0051113419717590
0.0000000000000000
0.0000000000000000
0.0000000000000000
0.0000000000000000
0.0000000000000000
0.0000000000000000
0.0000000000000000
0.0000000000000000
0.0000000000000000
0.0000000000000000
0.0522567623844043
0.1310728154270438
0.1512122690870456
0.1423653890449371
0.1162583157275934
0.0793860246133081
0.0000000000000000
0.0000000000000000
0.0347560230515045
0.0313944631534632
0.0265107487788655
0.0203677883778253
0.0132082666779760
0.0050339225288709
0.0000000000000000
0.0000000000000000
0.0000000000000000
0.0000000000000000
0.0000000000000000
0.0000000000000000
0.0000000000000000
0.0000000000000000
0.0000000000000000
0.0000000000000000
0.0500229707016260
0.1302067061871330
0.1508586905880155
0.1422001353522019
0.1161622187012756
0.0792998133261563
0.0000000000000000
0.0000000000000000
0.0347048366725163
0.0313459115841286
0.0264614826563488
0.0203140260744435
0.0131448226779695
0.0049514442951703
0.0000000000000000
0.0000000000000000
0.0000000000000000
0.0000000000000000
0.0000000000000000
0.0000000000000000
0.0000000000000000
0.0000000000000000
0.0000000000000000
0.0000000000000000
0.0477529529639704
0.1293156767875198
0.1504893965080415
0.1420197698898454
0.1160499447386296
0.0791963817172027
0.0000000000000000
0.0000000000000000
0.0346507770614937
0.0312941055818656
0.0264086046793781
0.0202563076725715
0.0130769961303985
0.0048639106282610
0.0000000000000000
0.0000000000000000
0.0000000000000000
0.0000000000000000
0.0000000000000000
0.0000000000000000
0.0000000000000000
0.0000000000000000
0.0000000000000000
0.0000000000000000
0.0454506157296869
0.1283995900477842
0.1501042700857504
0.1418241322381463
0.1159213289633654
0.0790756012327651
0.0000000000000000
0.0000000000000000
0.0345938265540716
0.0312390261772376
0.0263520980262345
0.0201946210000028
0.0130047782693019
0.0047713324715762
0.0000000000000000
0.0000000000000000
0.0000000000000000
0.0000000000000000
0.0000000000000000
0.0000000000000000
0.0000000000000000
0.0000000000000000
0.0000000000000000
0.0000000000000000
0.0431204160633099
0.1274583076750554
0.1497032025319975
0.1416130779440843
0.1157762291592899
0.0789373709046576
0.0000000000000000
0.0000000000000000
0.0345339697401407
0.0311806576587451
0.0262919500140540
0.0201289586917862
0.0129281654020987
0.0046737299233044
0.0000000000000000
0.0000000000000000
0.0000000000000000
0.0000000000000000
0.0000000000000000
0.0000000000000000
0.0000000000000000
0.0000000000000000
0.0000000000000000
0.0000000000000000
0.0407674132358007
0.1264916899616707
0.1492860935651718
0.1413864797265547
0.1156145273600566
0.0787816191360506
0.0000000000000000
0.0000000000000000
0.0344711936508607
0.0311189877899386
0.0262281523287658
0.0200593184243404
0.0128471591312512
0.0045711331874160
0.0000000000000000
0.0000000000000000
0.0000000000000000
0.0000000000000000
0.0000000000000000
0.0000000000000000
0.0000000000000000
0.0000000000000000
0.0000000000000000
0.0000000000000000
0.0383973191909529
0.1254995946062501
0.1488528509509330
0.1411442272749143
0.1154361296262895
0.0786083032792892
0.0000000000000000
0.0000000000000000
0.0344054876823736
0.0310540076948778
0.0261607008642854
0.0199857026910761
0.0127617660509626
0.0044635830349326
0.0000000000000000
0.0000000000000000
0.0000000000000000
0.0000000000000000
0.0000000000000000
0.0000000000000000
0.0000000000000000
0.0000000000000000
0.0000000000000000
0.0000000000000000
0.0360165464482133
0.1244818748441608
0.1484033893185708
0.1408862260700246
0.1152409645650638
0.0784174077756585
0.0000000000000000
0.0000000000000000
0.0343368433586692
0.0309857115477118
0.0260895953272493
0.0199081183199741
0.0126719971534102
0.0043511310800684
0.0000000000000000
0.0000000000000000
0.0000000000000000
0.0000000000000000
0.0000000000000000
0.0000000000000000
0.0000000000000000
0.0000000000000000
0.0000000000000000
0.0000000000000000
0.0336322541296609
0.1234383779539398
0.1479376289098866
0.1406123958522074
0.1150289813111128
0.0782089416487752
0.0000000000000000
0.0000000000000000
0.0342652540662738
0.0309140962160074
0.0260148387901787
0.0198265759299766
0.0125778671784197
0.0042338401899625
0.0000000000000000
0.0000000000000000
0.0000000000000000
0.0000000000000000
0.0000000000000000
0.0000000000000000
0.0000000000000000
0.0000000000000000
0.0000000000000000
0.0000000000000000
0.0312523911307140
0.1223689451537388
0.1474554947714460
0.1403226691663377
0.1148001474565111
0.0779829359256015
0.0000000000000000
0.0000000000000000
0.0341907148399926
0.0308391609499051
0.0259364372849280
0.0197410894403165
0.0124793940284476
0.0041117852013058
0.0000000000000000
0.0000000000000000
0.0000000000000000
0.0000000000000000
0.0000000000000000
0.0000000000000000
