0.0000000000000000
0.0000000000000000
0.0000000000000000
0.0000000000000000
0.0000000000000000
0.0000000000000000
0.0000000000000000
0.0000000000000000
0.0000000000000000
0.0353942413676833
0.0388922513565771
0.0815256837582518
0.1169726428139110
0.1415641572565158
0.1520765007226824
0.1454083318112221
0.1173044706338312
0.0582957856849393
0.0000000000000000
0.0000000000000000
0.0000000000000000
0.0000000000000000
0.0000000000000000
0.0000000000000000
0.0000000000000000
0.0000000000000000
0.0000000000000000
0.0000000000000000
0.0000000000000000
0.0000000000000000
0.0000000000000000
0.0000000000000000
0.0000000000000000
0.0353571997053740
0.0386204046887177
0.0813188316847446
0.1168548775818961
0.1415509924910319
0.1521739348686694
0.1456113727417278
0.1175927403543530
0.0586017251221747
0.0000000000000000
0.0000000000000000
0.0000000000000000
0.0000000000000000
0.0000000000000000
0.0000000000000000
0.0000000000000000
0.0000000000000000
0.0000000000000000
0.0000000000000000
0.0000000000000000
0.0000000000000000
0.0000000000000000
0.0000000000000000
0.0000000000000000
0.0353182660572513
0.0383588570811077
0.0811230602791505
0.1167481947738234
0.1415478250267200
0.1522787177382717
0.1458164926032746
0.1178721055559183
0.0588728206455230
0.0000000000000000
0.0000000000000000
0.0000000000000000
0.0000000000000000
0.0000000000000000
0.0000000000000000
0.0000000000000000
0.0000000000000000
0.0000000000000000
0.0000000000000000
0.0000000000000000
0.0000000000000000
0.0000000000000000
0.0000000000000000
0.0000000000000000
0.0352774503041347
0.0381078456798346
0.0809385330347627
0.1166526670192765
0.1415546272098117
0.1523907204528254
0.1460234689198548
0.1181422619456172
0.0591086149770063
0.0000000000000000
0.0000000000000000
0.0000000000000000
0.0000000000000000
0.0000000000000000
0.0000000000000000
0.0000000000000000
0.0000000000000000
0.0000000000000000
0.0000000000000000
0.0000000000000000
0.0000000000000000
0.0000000000000000
0.0000000000000000
0.0000000000000000
0.0352347614477554
0.0378675954913922
0.0807653996134036
0.1165683522435169
0.1415713565090968
0.1525097993503201
0.1462320632277925
0.1184028805760881
0.0593085970283263
0.0000000000000000
0.0000000000000000
0.0000000000000000
0.0000000000000000
0.0000000000000000
0.0000000000000000
0.0000000000000000
0.0000000000000000
0.0000000000000000
0.0000000000000000
0.0000000000000000
0.0000000000000000
0.0000000000000000
0.0000000000000000
0.0000000000000000
0.0351902076838356
0.0376383210800559
0.0806037974457671
0.1164952949879140
0.1415979564439406
0.1526357963778111
0.1464420207430241
0.1186536063913264
0.0594721980888411
0.0000000000000000
0.0000000000000000
0.0000000000000000
0.0000000000000000
0.0000000000000000
0.0000000000000000
0.0000000000000000
0.0000000000000000
0.0000000000000000
0.0000000000000000
0.0000000000000000
0.0000000000000000
0.0000000000000000
0.0000000000000000
0.0000000000000000
0.0351437964367965
0.0374202274293937
0.0804538525370159
0.1164335271351264
0.1416343571385411
0.1527685393936749
0.1466530702959009
0.1188940575304775
0.0595987895943639
0.0000000000000000
0.0000000000000000
0.0000000000000000
0.0000000000000000
0.0000000000000000
0.0000000000000000
0.0000000000000000
0.0000000000000000
0.0000000000000000
0.0000000000000000
0.0000000000000000
0.0000000000000000
0.0000000000000000
0.0000000000000000
0.0000000000000000
0.0350955343698999
0.0372135100268514
0.0803156796261475
0.1163830680793526
0.1416804755050998
0.1529078423446653
0.1468649244455088
0.1191238251978887
0.0596876823603527
0.0000000000000000
0.0000000000000000
0.0000000000000000
0.0000000000000000
0.0000000000000000
0.0000000000000000
0.0000000000000000
0.0000000000000000
0.0000000000000000
0.0000000000000000
0.0000000000000000
0.0000000000000000
0.0000000000000000
0.0000000000000000
0.0000000000000000
0.0350454273895174
0.0370183544751424
0.0801893818370251
0.1163439244997671
0.1417362151469121
0.1530535052983434
0.1470772796377860
0.1193424738942498
0.0597381267947087
0.0000000000000000
0.0000000000000000
0.0000000000000000
0.0000000000000000
0.0000000000000000
0.0000000000000000
0.0000000000000000
0.0000000000000000
0.0000000000000000
0.0000000000000000
0.0000000000000000
0.0000000000000000
0.0000000000000000
0.0000000000000000
0.0000000000000000
0.0349934806647150
0.0368351570344060
0.0800750501637331
0.1163160899429430
0.1418014660864295
0.1532053143557593
0.1472898163189412
0.1195495416685528
0.0597493135920208
0.0000000000000000
0.0000000000000000
0.0000000000000000
0.0000000000000000
0.0000000000000000
0.0000000000000000
0.0000000000000000
0.0000000000000000
0.0000000000000000
0.0000000000000000
0.0000000000000000
0.0000000000000000
0.0000000000000000
0.0000000000000000
0.0000000000000000
0.0349396986794793
0.0367948712282086
0.0799727630876817
0.1162995445204596
0.1418761045385885
0.1533630415030000
0.1475021988703029
0.1197445401063270
0.0597203741384146
0.0000000000000000
0.0000000000000000
0.0000000000000000
0.0000000000000000
0.0000000000000000
0.0000000000000000
0.0000000000000000
0.0000000000000000
0.0000000000000000
0.0000000000000000
0.0000000000000000
0.0000000000000000
0.0000000000000000
0.0000000000000000
0.0000000000000000
0.0348840853379457
0.0367525579332144
0.0798825867298528
0.1162942549865187
0.1419599928983422
0.1535264444755033
0.1477140753021536
0.1199269536797083
0.0596503799873998
0.0000000000000000
0.0000000000000000
0.0000000000000000
0.0000000000000000
0.0000000000000000
0.0000000000000000
0.0000000000000000
0.0000000000000000
0.0000000000000000
0.0000000000000000
0.0000000000000000
0.0000000000000000
0.0000000000000000
0.0000000000000000
0.0000000000000000
0.0348266441286933
0.0367082089238311
0.0798045756882229
0.1163001753778847
0.1420529800601339
0.1536952666709367
0.1479250766603870
0.1200962384044744
0.0595383411360986
0.0000000000000000
0.0000000000000000
0.0000000000000000
0.0000000000000000
0.0000000000000000
0.0000000000000000
0.0000000000000000
0.0000000000000000
0.0000000000000000
0.0000000000000000
0.0000000000000000
0.0000000000000000
0.0000000000000000
0.0000000000000000
0.0000000000000000
0.0347673783540021
0.0366618158427435
0.0797387744622045
0.1163172480594837
0.1421549019691920
0.1538692370764093
0.1481348161960893
0.1202518199213585
0.0593832036297366
0.0000000000000000
0.0000000000000000
0.0000000000000000
0.0000000000000000
0.0000000000000000
0.0000000000000000
0.0000000000000000
0.0000000000000000
0.0000000000000000
0.0000000000000000
0.0000000000000000
0.0000000000000000
0.0000000000000000
0.0000000000000000
0.0000000000000000
0.0347062914175262
0.0366133704024698
0.0796852190930002
0.1163454049216079
0.1422655821944663
0.1540480701080372
0.1483428883657127
0.1203930913805579
0.0591838472992925
0.0000000000000000
0.0000000000000000
0.0000000000000000
0.0000000000000000
0.0000000000000000
0.0000000000000000
0.0000000000000000
0.0000000000000000
0.0000000000000000
0.0000000000000000
0.0000000000000000
0.0000000000000000
0.0000000000000000
0.0000000000000000
0.0000000000000000
0.0346433871655644
0.0365628646340529
0.0796439387080666
0.1163845684168443
0.1423848323480954
0.1542314653225134
0.1485488677724062
0.1205194114127730
0.0589390844406270
0.0000000000000000
0.0000000000000000
0.0000000000000000
0.0000000000000000
0.0000000000000000
0.0000000000000000
0.0000000000000000
0.0000000000000000
0.0000000000000000
0.0000000000000000
0.0000000000000000
0.0000000000000000
0.0000000000000000
0.0000000000000000
0.0000000000000000
0.0345786702483429
0.0365102911614634
0.0796149568405632
0.1164346524564750
0.1425124524231832
0.1544191071353818
0.1487523082235269
0.1206301023496555
0.0586476592470604
0.0000000000000000
0.0000000000000000
0.0000000000000000
0.0000000000000000
0.0000000000000000
0.0000000000000000
0.0000000000000000
0.0000000000000000
0.0000000000000000
0.0000000000000000
0.0000000000000000
0.0000000000000000
0.0000000000000000
0.0000000000000000
0.0000000000000000
0.0345121464253441
0.0364556434348645
0.0795982926536826
0.1164955633263749
0.1426482313276188
0.1546106648890668
0.1489527422331552
0.1207244487643745
0.0583082475040600
0.0000000000000000
0.0000000000000000
0.0000000000000000
0.0000000000000000
0.0000000000000000
0.0000000000000000
0.0000000000000000
0.0000000000000000
0.0000000000000000
0.0000000000000000
0.0000000000000000
0.0000000000000000
0.0000000000000000
0.0000000000000000
0.0000000000000000
0.0344438226955696
0.0363989158278244
0.0795939619444282
0.1165672007144102
0.1427919478295936
0.1548057936068046
0.1491496813436098
0.1208016966365656
0.0579194561789896
0.0000000000000000
0.0000000000000000
0.0000000000000000
0.0000000000000000
0.0000000000000000
0.0000000000000000
0.0000000000000000
0.0000000000000000
0.0000000000000000
0.0000000000000000
0.0000000000000000
0.0000000000000000
0.0000000000000000
0.0000000000000000
0.0000000000000000
0.0343737071512362
0.0363401035275902
0.0796019774972133
0.1166494584776423
0.1429433717385202
0.1550041354604566
0.1493426175498105
0.1208610536269411
0.0574798239735359
0.0000000000000000
0.0000000000000000
0.0000000000000000
0.0000000000000000
0.0000000000000000
0.0000000000000000
0.0000000000000000
0.0000000000000000
0.0000000000000000
0.0000000000000000
0.0000000000000000
0.0000000000000000
0.0000000000000000
0.0000000000000000
0.0000000000000000
0.0343018085444979
0.0362792022365791
0.0796223479009128
0.1167422243877574
0.1431022646524010
0.1552053214947974
0.1495310256976873
0.1209016911021353
0.0569878250933386
0.0000000000000000
0.0000000000000000
0.0000000000000000
0.0000000000000000
0.0000000000000000
0.0000000000000000
0.0000000000000000
0.0000000000000000
0.0000000000000000
0.0000000000000000
0.0000000000000000
0.0000000000000000
0.0000000000000000
0.0000000000000000
0.0000000000000000
0.0342281356964734
0.0362162078067126
0.0796550742361381
0.1168453780783310
0.1432683794798367
0.1554089728543762
0.1497143663698138
0.1209227480560145
0.0564418787069750
0.0000000000000000
0.0000000000000000
0.0000000000000000
0.0000000000000000
0.0000000000000000
0.0000000000000000
0.0000000000000000
0.0000000000000000
0.0000000000000000
0.0000000000000000
0.0000000000000000
0.0000000000000000
0.0000000000000000
0.0000000000000000
0.0000000000000000
0.0341526969528443
0.0361511159756104
0.0797001447177561
0.1169587871107664
0.1434414583506376
0.1556147009309500
0.1498920885641290
0.1209233365403083
0.0558403649387158
0.0000000000000000
0.0000000000000000
0.0000000000000000
0.0000000000000000
0.0000000000000000
0.0000000000000000
0.0000000000000000
0.0000000000000000
0.0000000000000000
0.0000000000000000
0.0000000000000000
0.0000000000000000
0.0000000000000000
0.0000000000000000
0.0000000000000000
0.0340754998611266
0.0360839223116224
0.0797575283702028
0.1170823019041527
0.1436212293794528
0.1558221064498585
0.1500636317094544
0.1209025475079134
0.0551816458386456
0.0000000000000000
0.0000000000000000
0.0000000000000000
0.0000000000000000
0.0000000000000000
0.0000000000000000
0.0000000000000000
0.0000000000000000
0.0000000000000000
0.0000000000000000
0.0000000000000000
0.0000000000000000
0.0000000000000000
0.0000000000000000
0.0000000000000000
0.0339965510961132
0.0360146223472875
0.0798271692937080
0.1172157509911845
0.1438074033641091
0.1560307781493893
0.1502284269714239
0.1208594558649971
0.0544640876579799
0.0000000000000000
0.0000000000000000
0.0000000000000000
0.0000000000000000
0.0000000000000000
0.0000000000000000
0.0000000000000000
0.0000000000000000
0.0000000000000000
0.0000000000000000
0.0000000000000000
0.0000000000000000
0.0000000000000000
0.0000000000000000
0.0000000000000000
0.0339158565257804
0.0359432117674416
0.0799089828902004
0.1173589378779336
0.1439996716331156
0.1562402919255738
0.1503858981308519
0.1207931237756519
0.0536860809400904
0.0000000000000000
0.0000000000000000
0.0000000000000000
0.0000000000000000
0.0000000000000000
0.0000000000000000
0.0000000000000000
0.0000000000000000
0.0000000000000000
0.0000000000000000
0.0000000000000000
0.0000000000000000
0.0000000000000000
0.0000000000000000
0.0000000000000000
0.0338334212616869
0.0358696865104750
0.0800028545541481
0.1175116401493681
0.1441977056299195
0.1564502109861748
0.1505354623496709
0.1207026019024295
0.0528460565517242
0.0000000000000000
0.0000000000000000
0.0000000000000000
0.0000000000000000
0.0000000000000000
0.0000000000000000
0.0000000000000000
0.0000000000000000
0.0000000000000000
0.0000000000000000
0.0000000000000000
0.0000000000000000
0.0000000000000000
0.0000000000000000
0.0000000000000000
0.0337492496168076
0.0357940427272261
0.0801086405405085
0.1176736105204756
0.1444011580730817
0.1566600869409897
0.1506765308806064
0.1205869288121216
0.0519424986916560
0.0000000000000000
0.0000000000000000
0.0000000000000000
0.0000000000000000
0.0000000000000000
0.0000000000000000
0.0000000000000000
0.0000000000000000
0.0000000000000000
0.0000000000000000
0.0000000000000000
0.0000000000000000
0.0000000000000000
0.0000000000000000
0.0000000000000000
0.0336633450071304
0.0357557352732918
0.0802261701345094
0.1178445790515290
0.1446096649683717
0.1568694613194394
0.1508085095781541
0.1204451291089445
0.0509739574841516
0.0000000000000000
0.0000000000000000
0.0000000000000000
0.0000000000000000
0.0000000000000000
0.0000000000000000
0.0000000000000000
0.0000000000000000
0.0000000000000000
0.0000000000000000
0.0000000000000000
0.0000000000000000
0.0000000000000000
0.0000000000000000
0.0000000000000000
0.0335757098953650
0.0358316047508396
0.0803552484050020
0.1180242557256656
0.1448228477675055
0.1570778669746167
0.1509307990240501
0.1202762108683899
0.0499390641551717
0.0000000000000000
0.0000000000000000
0.0000000000000000
0.0000000000000000
0.0000000000000000
0.0000000000000000
0.0000000000000000
0.0000000000000000
0.0000000000000000
0.0000000000000000
0.0000000000000000
0.0000000000000000
0.0000000000000000
0.0000000000000000
0.0000000000000000
0.0334863458380640
0.0359206788097610
0.0804956590054287
0.1182123329571010
0.1450403152912037
0.1572848291411338
0.1510427942616672
0.1200791627665900
0.0488365507518082
0.0000000000000000
0.0000000000000000
0.0000000000000000
0.0000000000000000
0.0000000000000000
0.0000000000000000
