0.0000000000000000
0.0000000000000000
0.0000000000000000
0.0000000000000000
0.0255084823265350
0.0642143078347454
0.0942844770350820
0.1128721306588360
0.1190142345267177
0.1127276451095008
0.0949455063738784
0.0674892265321293
0.0000000000000000
0.0000000000000000
0.0000000000000000
0.0000000000000000
0.0000000000000000
0.0000000000000000
0.0000000000000000
0.0000000000000000
0.0000000000000000
0.0000000000000000
0.0000000000000000
0.0000000000000000
0.0000000000000000
0.0000000000000000
0.0000000000000000
0.0000000000000000
0.0251413468744484
0.0640187692052380
0.0942445001892262
0.1129672694059135
0.1192279417776002
0.1130415485346945
0.0953372960217483
0.0679323645581558
0.0000000000000000
0.0000000000000000
0.0000000000000000
0.0000000000000000
0.0000000000000000
0.0000000000000000
0.0000000000000000
0.0000000000000000
0.0000000000000000
0.0000000000000000
0.0000000000000000
0.0000000000000000
0.0000000000000000
0.0000000000000000
0.0000000000000000
0.0000000000000000
0.0247690543873658
0.0638301400093863
0.0942174195518694
0.1130778648924050
0.1194578311216852
0.1133712322399098
0.0957437430163379
0.0683886210705361
0.0000000000000000
0.0000000000000000
0.0000000000000000
0.0000000000000000
0.0000000000000000
0.0000000000000000
0.0000000000000000
0.0000000000000000
0.0000000000000000
0.0000000000000000
0.0000000000000000
0.0000000000000000
0.0000000000000000
0.0000000000000000
0.0000000000000000
0.0000000000000000
0.0243911778214964
0.0636482337140728
0.0942031037598325
0.1132037450356503
0.1197036657270325
0.1137163966183934
0.0961644990954587
0.0688576199629993
0.0000000000000000
0.0000000000000000
0.0000000000000000
0.0000000000000000
0.0000000000000000
0.0000000000000000
0.0000000000000000
0.0000000000000000
0.0000000000000000
0.0000000000000000
0.0000000000000000
0.0000000000000000
0.0000000000000000
0.0000000000000000
0.0000000000000000
0.0000000000000000
0.0240072542029924
0.0634728382761914
0.0942014031953734
0.1133447223454068
0.1199651956308249
0.1140767314203591
0.0965992080981886
0.0693389800846132
0.0000000000000000
0.0000000000000000
0.0000000000000000
0.0000000000000000
0.0000000000000000
0.0000000000000000
0.0000000000000000
0.0000000000000000
0.0000000000000000
0.0000000000000000
0.0000000000000000
0.0000000000000000
0.0000000000000000
0.0000000000000000
0.0000000000000000
0.0000000000000000
0.0236167878391674
0.0633037178506394
0.0942121515055152
0.1135005950532566
0.1202421584206817
0.1144519159940122
0.0970475058161647
0.0698323147485151
0.0000000000000000
0.0000000000000000
0.0000000000000000
0.0000000000000000
0.0000000000000000
0.0000000000000000
0.0000000000000000
0.0000000000000000
0.0000000000000000
0.0000000000000000
0.0000000000000000
0.0000000000000000
0.0000000000000000
0.0000000000000000
0.0000000000000000
0.0000000000000000
0.0232192530951197
0.0631406138005672
0.0942351666059418
0.1136711479213081
0.1205342798308782
0.1148416196660969
0.0975090201632562
0.0703372317478753
0.0000000000000000
0.0000000000000000
0.0000000000000000
0.0000000000000000
0.0000000000000000
0.0000000000000000
0.0000000000000000
0.0000000000000000
0.0000000000000000
0.0000000000000000
0.0000000000000000
0.0000000000000000
0.0000000000000000
0.0000000000000000
0.0000000000000000
0.0000000000000000
0.0228140969213314
0.0629832450894108
0.0942702511758990
0.1138561527221970
0.1208412741803423
0.1152455021414203
0.0979833715466765
0.0708533336647562
0.0000000000000000
0.0000000000000000
0.0000000000000000
0.0000000000000000
0.0000000000000000
0.0000000000000000
0.0000000000000000
0.0000000000000000
0.0000000000000000
0.0000000000000000
0.0000000000000000
0.0000000000000000
0.0000000000000000
0.0000000000000000
0.0000000000000000
0.0000000000000000
0.0224007414004605
0.0628313081865010
0.0943171927375219
0.1140553683744604
0.1211628445823632
0.1156632137876068
0.0984701732069920
0.0713802182789362
0.0000000000000000
0.0000000000000000
0.0000000000000000
0.0000000000000000
0.0000000000000000
0.0000000000000000
0.0000000000000000
0.0000000000000000
0.0000000000000000
0.0000000000000000
0.0000000000000000
0.0000000000000000
0.0000000000000000
0.0000000000000000
0.0000000000000000
0.0000000000000000
0.0219785867293615
0.0626844767579049
0.0943757634553927
0.1142685408212527
0.1214986829126379
0.1160943957040887
0.0989690313920486
0.0719174787988937
0.0000000000000000
0.0000000000000000
0.0000000000000000
0.0000000000000000
0.0000000000000000
0.0000000000000000
0.0000000000000000
0.0000000000000000
0.0000000000000000
0.0000000000000000
0.0000000000000000
0.0000000000000000
0.0000000000000000
0.0000000000000000
0.0000000000000000
0.0000000000000000
0.0215470150034311
0.0625424014315888
0.0944457199256101
0.1144954027888662
0.1218484695853489
0.1165386795358373
0.0994795451992859
0.0724647037467861
0.0000000000000000
0.0000000000000000
0.0000000000000000
0.0000000000000000
0.0000000000000000
0.0000000000000000
0.0000000000000000
0.0000000000000000
0.0000000000000000
0.0000000000000000
0.0000000000000000
0.0000000000000000
0.0000000000000000
0.0000000000000000
0.0000000000000000
0.0000000000000000
0.0211053953206582
0.0624047100083426
0.0945268031931610
0.1147356736171848
0.1222118732228053
0.1169956870064107
0.1000013060034831
0.0730214762850821
0.0000000000000000
0.0000000000000000
0.0000000000000000
0.0000000000000000
0.0000000000000000
0.0000000000000000
0.0000000000000000
0.0000000000000000
0.0000000000000000
0.0000000000000000
0.0000000000000000
0.0000000000000000
0.0000000000000000
0.0000000000000000
0.0000000000000000
0.0000000000000000
0.0206530904975970
0.0622710083541275
0.0946187392305901
0.1149890592857034
0.1225885502853869
0.1174650291953679
0.1005338964164728
0.0735873729324428
0.0000000000000000
0.0000000000000000
0.0000000000000000
0.0000000000000000
0.0000000000000000
0.0000000000000000
0.0000000000000000
0.0000000000000000
0.0000000000000000
0.0000000000000000
0.0000000000000000
0.0000000000000000
0.0000000000000000
0.0000000000000000
0.0000000000000000
0.0000000000000000
0.0201894655978920
0.0621408819998954
0.0947212398150361
0.1152552526087024
0.1229781446320741
0.1179463055259518
0.1010768887919257
0.0741619616790114
0.0000000000000000
0.0000000000000000
0.0000000000000000
0.0000000000000000
0.0000000000000000
0.0000000000000000
0.0000000000000000
0.0000000000000000
0.0000000000000000
0.0000000000000000
0.0000000000000000
0.0000000000000000
0.0000000000000000
0.0000000000000000
0.0000000000000000
0.0000000000000000
0.0197138982212338
0.0620138981929431
0.0948340035948745
0.1155339333861144
0.1233802868728693
0.1184391024147760
0.1016298432746370
0.0747447995946373
0.0000000000000000
0.0000000000000000
0.0000000000000000
0.0000000000000000
0.0000000000000000
0.0000000000000000
0.0000000000000000
0.0000000000000000
0.0000000000000000
0.0000000000000000
0.0000000000000000
0.0000000000000000
0.0000000000000000
0.0000000000000000
0.0000000000000000
0.0000000000000000
0.0192257905194213
0.0618896081779107
0.0949567170673636
0.1158247683340419
0.1237945934061040
0.1189429915568961
0.1021923054866746
0.0753354300606915
0.0000000000000000
0.0000000000000000
0.0000000000000000
0.0000000000000000
0.0000000000000000
0.0000000000000000
0.0000000000000000
0.0000000000000000
0.0000000000000000
0.0000000000000000
0.0000000000000000
0.0000000000000000
0.0000000000000000
0.0000000000000000
0.0000000000000000
0.0000000000000000
0.0187245828318091
0.0617675495321148
0.0950890554611968
0.1161274108611524
0.1242206653297291
0.1194575281306145
0.1027638041724411
0.0759333800399972
0.0000000000000000
0.0000000000000000
0.0000000000000000
0.0000000000000000
0.0000000000000000
0.0000000000000000
0.0000000000000000
0.0000000000000000
0.0000000000000000
0.0000000000000000
0.0000000000000000
0.0000000000000000
0.0000000000000000
0.0000000000000000
0.0000000000000000
0.0000000000000000
0.0182097686076263
0.0616472485835890
0.0952306837793507
0.1164415011844806
0.1246580878454986
0.1199822496438857
0.1033438496155479
0.0765381581718629
0.0000000000000000
0.0000000000000000
0.0000000000000000
0.0000000000000000
0.0000000000000000
0.0000000000000000
0.0000000000000000
0.0000000000000000
0.0000000000000000
0.0000000000000000
0.0000000000000000
0.0000000000000000
0.0000000000000000
0.0000000000000000
0.0000000000000000
0.0000000000000000
0.0176809097269440
0.0615282226710348
0.0953812582872299
0.1167666673507414
0.1251064309727766
0.1205166764046523
0.1039319339015740
0.0771492548773679
0.0000000000000000
0.0000000000000000
0.0000000000000000
0.0000000000000000
0.0000000000000000
0.0000000000000000
0.0000000000000000
0.0000000000000000
0.0000000000000000
0.0000000000000000
0.0000000000000000
0.0000000000000000
0.0000000000000000
0.0000000000000000
0.0000000000000000
0.0000000000000000
0.0171376510919521
0.0614099816054572
0.0955404282658153
0.1171025273446854
0.1255652519827194
0.1210603142199687
0.1045275337975726
0.0777661452897605
0.0000000000000000
0.0000000000000000
0.0000000000000000
0.0000000000000000
0.0000000000000000
0.0000000000000000
0.0000000000000000
0.0000000000000000
0.0000000000000000
0.0000000000000000
0.0000000000000000
0.0000000000000000
0.0000000000000000
0.0000000000000000
0.0000000000000000
0.0000000000000000
0.0165797336314564
0.0612920274659928
0.0957078372957837
0.1174486916266875
0.1260340990332031
0.1216126589404141
0.1051301159704766
0.0783882949055829
0.0000000000000000
0.0000000000000000
0.0000000000000000
0.0000000000000000
0.0000000000000000
0.0000000000000000
0.0000000000000000
0.0000000000000000
0.0000000000000000
0.0000000000000000
0.0000000000000000
0.0000000000000000
0.0000000000000000
0.0000000000000000
0.0000000000000000
0.0000000000000000
0.0160070061848850
0.0611738520449216
0.0958831229950710
0.1178047648348424
0.1265125145993239
0.1221732013758466
0.1057391431022238
0.0790151665072719
0.0000000000000000
0.0000000000000000
0.0000000000000000
0.0000000000000000
0.0000000000000000
0.0000000000000000
0.0000000000000000
0.0000000000000000
0.0000000000000000
0.0000000000000000
0.0000000000000000
0.0000000000000000
0.0000000000000000
0.0000000000000000
0.0000000000000000
0.0000000000000000
0.0154194379510100
0.0610549322145891
0.0960659146400100
0.1181703455085347
0.1270000371871762
0.1227414308165251
0.1063540789192120
0.0796462263427533
0.0000000000000000
0.0000000000000000
0.0000000000000000
0.0000000000000000
0.0000000000000000
0.0000000000000000
0.0000000000000000
0.0000000000000000
0.0000000000000000
0.0000000000000000
0.0000000000000000
0.0000000000000000
0.0000000000000000
0.0000000000000000
0.0000000000000000
0.0000000000000000
0.0148171338539061
0.0609347242908505
0.0962558290239620
0.1185450236721626
0.1274962007160222
0.1233168361567260
0.1069743908859660
0.0802809480509889
0.0000000000000000
0.0000000000000000
0.0000000000000000
0.0000000000000000
0.0000000000000000
0.0000000000000000
0.0000000000000000
0.0000000000000000
0.0000000000000000
0.0000000000000000
0.0000000000000000
0.0000000000000000
0.0000000000000000
0.0000000000000000
0.0000000000000000
0.0000000000000000
0.0142003543620931
0.0608126589758010
0.0964524658551665
0.1189283773113223
0.1280005323232634
0.1238989050859895
0.1075995506831707
0.0809188142427945
0.0000000000000000
0.0000000000000000
0.0000000000000000
0.0000000000000000
0.0000000000000000
0.0000000000000000
0.0000000000000000
0.0000000000000000
0.0000000000000000
0.0000000000000000
0.0000000000000000
0.0000000000000000
0.0000000000000000
0.0000000000000000
0.0000000000000000
0.0000000000000000
0.0135695398454388
0.0606881380099809
0.0966554042785781
0.1193199694273167
0.1285125502255082
0.1244871228445690
0.1082290338327394
0.0815593168481160
0.0000000000000000
0.0000000000000000
0.0000000000000000
0.0000000000000000
0.0000000000000000
0.0000000000000000
0.0000000000000000
0.0000000000000000
0.0000000000000000
0.0000000000000000
0.0000000000000000
0.0000000000000000
0.0000000000000000
0.0000000000000000
0.0000000000000000
0.0000000000000000
0.0129253383014749
0.0605605328777085
0.0968642014589703
0.1197193469447917
0.1290317630623858
0.1250809720119356
0.1088623198713156
0.0822019576013677
0.0000000000000000
0.0000000000000000
0.0000000000000000
0.0000000000000000
0.0000000000000000
0.0000000000000000
0.0000000000000000
0.0000000000000000
0.0000000000000000
0.0000000000000000
0.0000000000000000
0.0000000000000000
0.0000000000000000
0.0000000000000000
0.0000000000000000
0.0000000000000000
0.0122686351406321
0.0604291851382083
0.0970783932635738
0.1201260416858981
0.1295576710685151
0.1256799337689192
0.1094988936042044
0.0828462491831555
0.0000000000000000
0.0000000000000000
0.0000000000000000
0.0000000000000000
0.0000000000000000
0.0000000000000000
0.0000000000000000
0.0000000000000000
0.0000000000000000
0.0000000000000000
0.0000000000000000
0.0000000000000000
0.0000000000000000
0.0000000000000000
0.0000000000000000
0.0000000000000000
0.0116005842837364
0.0602934077561495
0.0972974962450726
0.1205395726379324
0.1300897683349162
0.1262834899714290
0.1101382468629682
0.0834917166093178
0.0000000000000000
0.0000000000000000
0.0000000000000000
0.0000000000000000
0.0000000000000000
0.0000000000000000
0.0000000000000000
0.0000000000000000
0.0000000000000000
0.0000000000000000
0.0000000000000000
0.0000000000000000
0.0000000000000000
0.0000000000000000
0.0000000000000000
0.0000000000000000
0.0109226404549129
0.0601524869340299
0.0975210100619412
0.1209594484338991
0.1306275450530475
0.1268911249692479
0.1107798798094091
0.0841378979774635
0.0000000000000000
0.0000000000000000
0.0000000000000000
0.0000000000000000
0.0000000000000000
0.0000000000000000
0.0000000000000000
0.0000000000000000
0.0000000000000000
0.0000000000000000
0.0000000000000000
0.0000000000000000
0.0000000000000000
0.0000000000000000
0.0000000000000000
0.0000000000000000
0.0102365921823375
0.0600056843035169
0.0977484197608242
0.1213851693941663
0.1311704890690947
0.1275023265616727
0.1114233012461170
0.0847843441902216
0.0000000000000000
0.0000000000000000
0.0000000000000000
0.0000000000000000
0.0000000000000000
0.0000000000000000
0.0000000000000000
0.0000000000000000
0.0000000000000000
0.0000000000000000
0.0000000000000000
0.0000000000000000
