0.0000000000000000
0.0000000000000000
0.0000000000000000
0.0000000000000000
0.0255084328526925
0.0642142636175470
0.0942844373037622
0.1128720950193090
0.1190142035085170
0.1127276194403851
0.0949454866028795
0.0674892128160953
0.0000000000000000
0.0000000000000000
0.0000000000000000
0.0000000000000000
0.0000000000000000
0.0000000000000000
0.0000000000000000
0.0000000000000000
0.0000000000000000
0.0000000000000000
0.0000000000000000
0.0000000000000000
0.0000000000000000
0.0000000000000000
0.0000000000000000
0.0000000000000000
0.0251412972377666
0.0640187249154320
0.0942444604440342
0.1129672337688843
0.1192279107649933
0.1130415228713505
0.0953372762577678
0.0679323508530028
0.0000000000000000
0.0000000000000000
0.0000000000000000
0.0000000000000000
0.0000000000000000
0.0000000000000000
0.0000000000000000
0.0000000000000000
0.0000000000000000
0.0000000000000000
0.0000000000000000
0.0000000000000000
0.0000000000000000
0.0000000000000000
0.0000000000000000
0.0000000000000000
0.0247690045742922
0.0638300956434918
0.0942173797949310
0.1130778292619618
0.1194578001196268
0.1133712065877738
0.0957437232651083
0.0683886073821436
0.0000000000000000
0.0000000000000000
0.0000000000000000
0.0000000000000000
0.0000000000000000
0.0000000000000000
0.0000000000000000
0.0000000000000000
0.0000000000000000
0.0000000000000000
0.0000000000000000
0.0000000000000000
0.0000000000000000
0.0000000000000000
0.0000000000000000
0.0000000000000000
0.0243911278184699
0.0636481892684324
0.0942030639932622
0.1132037094159070
0.1197036347405134
0.1137163709829394
0.0961644793627495
0.0688576062972786
0.0000000000000000
0.0000000000000000
0.0000000000000000
0.0000000000000000
0.0000000000000000
0.0000000000000000
0.0000000000000000
0.0000000000000000
0.0000000000000000
0.0000000000000000
0.0000000000000000
0.0000000000000000
0.0000000000000000
0.0000000000000000
0.0000000000000000
0.0000000000000000
0.0240072039965180
0.0634727937469673
0.0942013634212751
0.1133446867405045
0.1199651646648722
0.1140767058070990
0.0965991883898039
0.0693389664475062
0.0000000000000000
0.0000000000000000
0.0000000000000000
0.0000000000000000
0.0000000000000000
0.0000000000000000
0.0000000000000000
0.0000000000000000
0.0000000000000000
0.0000000000000000
0.0000000000000000
0.0000000000000000
0.0000000000000000
0.0000000000000000
0.0000000000000000
0.0000000000000000
0.0236167374159044
0.0633036732338097
0.0942121117259841
0.1135005594673651
0.1202421274803593
0.1144518904084949
0.0970474861379438
0.0698323011459929
0.0000000000000000
0.0000000000000000
0.0000000000000000
0.0000000000000000
0.0000000000000000
0.0000000000000000
0.0000000000000000
0.0000000000000000
0.0000000000000000
0.0000000000000000
0.0000000000000000
0.0000000000000000
0.0000000000000000
0.0000000000000000
0.0000000000000000
0.0000000000000000
0.0232192024419892
0.0631405690919217
0.0942351268230659
0.1136711123586270
0.1205342489212873
0.1148415941139093
0.0975090005210719
0.0703372181859370
0.0000000000000000
0.0000000000000000
0.0000000000000000
0.0000000000000000
0.0000000000000000
0.0000000000000000
0.0000000000000000
0.0000000000000000
0.0000000000000000
0.0000000000000000
0.0000000000000000
0.0000000000000000
0.0000000000000000
0.0000000000000000
0.0000000000000000
0.0000000000000000
0.0228140460256423
0.0629832002845479
0.0942702113917616
0.1138561171869575
0.1208412433066225
0.1152454766281863
0.0979833519464348
0.0708533201494277
0.0000000000000000
0.0000000000000000
0.0000000000000000
0.0000000000000000
0.0000000000000000
0.0000000000000000
0.0000000000000000
0.0000000000000000
0.0000000000000000
0.0000000000000000
0.0000000000000000
0.0000000000000000
0.0000000000000000
0.0000000000000000
0.0000000000000000
0.0000000000000000
0.0224006902500611
0.0628312632808250
0.0943171529542031
0.1140553328709271
0.1211628137496930
0.1156631883189873
0.0984701536546315
0.0713802048162697
0.0000000000000000
0.0000000000000000
0.0000000000000000
0.0000000000000000
0.0000000000000000
0.0000000000000000
0.0000000000000000
0.0000000000000000
0.0000000000000000
0.0000000000000000
0.0000000000000000
0.0000000000000000
0.0000000000000000
0.0000000000000000
0.0000000000000000
0.0000000000000000
0.0219785353128168
0.0626844317466230
0.0943757236749719
0.1142685053537250
0.1214986521262352
0.1160943702857819
0.0989690118935398
0.0719174653949654
0.0000000000000000
0.0000000000000000
0.0000000000000000
0.0000000000000000
0.0000000000000000
0.0000000000000000
0.0000000000000000
0.0000000000000000
0.0000000000000000
0.0000000000000000
0.0000000000000000
0.0000000000000000
0.0000000000000000
0.0000000000000000
0.0000000000000000
0.0000000000000000
0.0215469633102309
0.0625423563097086
0.0944456801501681
0.1144953673616794
0.1218484388504711
0.1165386541735779
0.0994795257606297
0.0724646904076954
0.0000000000000000
0.0000000000000000
0.0000000000000000
0.0000000000000000
0.0000000000000000
0.0000000000000000
0.0000000000000000
0.0000000000000000
0.0000000000000000
0.0000000000000000
0.0000000000000000
0.0000000000000000
0.0000000000000000
0.0000000000000000
0.0000000000000000
0.0000000000000000
0.0211053433414613
0.0624046647706696
0.0945267634247821
0.1147356382347120
0.1222118425447504
0.1169956617059692
0.1000012866307100
0.0730214630169492
0.0000000000000000
0.0000000000000000
0.0000000000000000
0.0000000000000000
0.0000000000000000
0.0000000000000000
0.0000000000000000
0.0000000000000000
0.0000000000000000
0.0000000000000000
0.0000000000000000
0.0000000000000000
0.0000000000000000
0.0000000000000000
0.0000000000000000
0.0000000000000000
0.0206530382245155
0.0622709629952641
0.0946186994713648
0.1149890239523561
0.1225885196694925
0.1174650039625502
0.1005338771156412
0.0735873597414077
0.0000000000000000
0.0000000000000000
0.0000000000000000
0.0000000000000000
0.0000000000000000
0.0000000000000000
0.0000000000000000
0.0000000000000000
0.0000000000000000
0.0000000000000000
0.0000000000000000
0.0000000000000000
0.0000000000000000
0.0000000000000000
0.0000000000000000
0.0000000000000000
0.0201894130248205
0.0621408365142405
0.0947212000670625
0.1152552173289326
0.1229781140837185
0.1179462803665984
0.1010768695691211
0.0741619485712316
0.0000000000000000
0.0000000000000000
0.0000000000000000
0.0000000000000000
0.0000000000000000
0.0000000000000000
0.0000000000000000
0.0000000000000000
0.0000000000000000
0.0000000000000000
0.0000000000000000
0.0000000000000000
0.0000000000000000
0.0000000000000000
0.0000000000000000
0.0000000000000000
0.0197138453442283
0.0620138525746927
0.0948339638602632
0.1155338981644154
0.1233802563974711
0.1184390773347612
0.1016298241359700
0.0747447865762857
0.0000000000000000
0.0000000000000000
0.0000000000000000
0.0000000000000000
0.0000000000000000
0.0000000000000000
0.0000000000000000
0.0000000000000000
0.0000000000000000
0.0000000000000000
0.0000000000000000
0.0000000000000000
0.0000000000000000
0.0000000000000000
0.0000000000000000
0.0000000000000000
0.0192257373371371
0.0618895624210602
0.0949566773482393
0.1158247331749501
0.1237945630091224
0.1189429665621274
0.1021922864382800
0.0753354171379552
0.0000000000000000
0.0000000000000000
0.0000000000000000
0.0000000000000000
0.0000000000000000
0.0000000000000000
0.0000000000000000
0.0000000000000000
0.0000000000000000
0.0000000000000000
0.0000000000000000
0.0000000000000000
0.0000000000000000
0.0000000000000000
0.0000000000000000
0.0000000000000000
0.0187245293459982
0.0617675036304627
0.0950890157597024
0.1161273757692478
0.1242206350166633
0.1194575032270309
0.1027637852204759
0.0759333672190746
0.0000000000000000
0.0000000000000000
0.0000000000000000
0.0000000000000000
0.0000000000000000
0.0000000000000000
0.0000000000000000
0.0000000000000000
0.0000000000000000
0.0000000000000000
0.0000000000000000
0.0000000000000000
0.0000000000000000
0.0000000000000000
0.0000000000000000
0.0000000000000000
0.0182097148237040
0.0616472025307423
0.0952306440976511
0.1164414661643884
0.1246580576218874
0.1199822248374568
0.1033438307661893
0.0765381454589613
0.0000000000000000
0.0000000000000000
0.0000000000000000
0.0000000000000000
0.0000000000000000
0.0000000000000000
0.0000000000000000
0.0000000000000000
0.0000000000000000
0.0000000000000000
0.0000000000000000
0.0000000000000000
0.0000000000000000
0.0000000000000000
0.0000000000000000
0.0000000000000000
0.0176808556546268
0.0615281764604175
0.0953812186275152
0.1167666324071331
0.1251064008441982
0.1205166517013769
0.1039319151610173
0.0771492422787011
0.0000000000000000
0.0000000000000000
0.0000000000000000
0.0000000000000000
0.0000000000000000
0.0000000000000000
0.0000000000000000
0.0000000000000000
0.0000000000000000
0.0000000000000000
0.0000000000000000
0.0000000000000000
0.0000000000000000
0.0000000000000000
0.0000000000000000
0.0000000000000000
0.0171375967459709
0.0614099352303179
0.0955403886303068
0.1171024924822799
0.1255652219547909
0.1210602896258737
0.1045275151720303
0.0777661328115472
0.0000000000000000
0.0000000000000000
0.0000000000000000
0.0000000000000000
0.0000000000000000
0.0000000000000000
0.0000000000000000
0.0000000000000000
0.0000000000000000
0.0000000000000000
0.0000000000000000
0.0000000000000000
0.0000000000000000
0.0000000000000000
0.0000000000000000
0.0000000000000000
0.0165796790323504
0.0612919809194137
0.0957077976867373
0.1174486568502532
0.1260340691115807
0.1216126344615540
0.1051300974661767
0.0783882825540445
0.0000000000000000
0.0000000000000000
0.0000000000000000
0.0000000000000000
0.0000000000000000
0.0000000000000000
0.0000000000000000
0.0000000000000000
0.0000000000000000
0.0000000000000000
0.0000000000000000
0.0000000000000000
0.0000000000000000
0.0000000000000000
0.0000000000000000
0.0000000000000000
0.0160069513598764
0.0611738053198264
0.0958830834147826
0.1178047301491983
0.1265124847897035
0.1221731770183028
0.1057391247254092
0.0790151542886316
0.0000000000000000
0.0000000000000000
0.0000000000000000
0.0000000000000000
0.0000000000000000
0.0000000000000000
0.0000000000000000
0.0000000000000000
0.0000000000000000
0.0000000000000000
0.0000000000000000
0.0000000000000000
0.0000000000000000
0.0000000000000000
0.0000000000000000
0.0000000000000000
0.0154193829349722
0.0610548853037516
0.0960658750908192
0.1181703109185531
0.1270000074952932
0.1227414065864051
0.1063540606761384
0.0796462142632343
0.0000000000000000
0.0000000000000000
0.0000000000000000
0.0000000000000000
0.0000000000000000
0.0000000000000000
0.0000000000000000
0.0000000000000000
0.0000000000000000
0.0000000000000000
0.0000000000000000
0.0000000000000000
0.0000000000000000
0.0000000000000000
0.0000000000000000
0.0000000000000000
0.0148170786904202
0.0609346771869020
0.0962557895082556
0.1185449891827685
0.1274961711476498
0.1233168120601613
0.1069743727829000
0.0802809361168115
0.0000000000000000
0.0000000000000000
0.0000000000000000
0.0000000000000000
0.0000000000000000
0.0000000000000000
0.0000000000000000
0.0000000000000000
0.0000000000000000
0.0000000000000000
0.0000000000000000
0.0000000000000000
0.0000000000000000
0.0000000000000000
0.0000000000000000
0.0000000000000000
0.0142002991045970
0.0608126116712378
0.0964524263753818
0.1189283429274935
0.1280005028842117
0.1238988811291323
0.1075995327263854
0.0809188024601716
0.0000000000000000
0.0000000000000000
0.0000000000000000
0.0000000000000000
0.0000000000000000
0.0000000000000000
0.0000000000000000
0.0000000000000000
0.0000000000000000
0.0000000000000000
0.0000000000000000
0.0000000000000000
0.0000000000000000
0.0000000000000000
0.0000000000000000
0.0000000000000000
0.0135694845584609
0.0606880904971733
0.0966553648372046
0.1193199351540828
0.1285125209216194
0.1244870990335876
0.1082290160285088
0.0815593052232469
0.0000000000000000
0.0000000000000000
0.0000000000000000
0.0000000000000000
0.0000000000000000
0.0000000000000000
0.0000000000000000
0.0000000000000000
0.0000000000000000
0.0000000000000000
0.0000000000000000
0.0000000000000000
0.0000000000000000
0.0000000000000000
0.0000000000000000
0.0000000000000000
0.0129252830619360
0.0605604851489089
0.0968641620585508
0.1197193127872315
0.1290317338995313
0.1250809483530093
0.1088623022259097
0.0822019461404331
0.0000000000000000
0.0000000000000000
0.0000000000000000
0.0000000000000000
0.0000000000000000
0.0000000000000000
0.0000000000000000
0.0000000000000000
0.0000000000000000
0.0000000000000000
0.0000000000000000
0.0000000000000000
0.0000000000000000
0.0000000000000000
0.0000000000000000
0.0000000000000000
0.0122685800391895
0.0604291371855628
0.0970783539067068
0.1201260076491381
0.1295576420525912
0.1256799102682332
0.1094988761238828
0.0828462378923112
0.0000000000000000
0.0000000000000000
0.0000000000000000
0.0000000000000000
0.0000000000000000
0.0000000000000000
0.0000000000000000
0.0000000000000000
0.0000000000000000
0.0000000000000000
0.0000000000000000
0.0000000000000000
0.0000000000000000
0.0000000000000000
0.0000000000000000
0.0000000000000000
0.0116005294261414
0.0602933595717056
0.0972974569344131
0.1205395387271456
0.1300897394718411
0.1262834666351707
0.1101382295539759
0.0834917054946898
0.0000000000000000
0.0000000000000000
0.0000000000000000
0.0000000000000000
0.0000000000000000
0.0000000000000000
0.0000000000000000
0.0000000000000000
0.0000000000000000
0.0000000000000000
0.0000000000000000
0.0000000000000000
0.0000000000000000
0.0000000000000000
0.0000000000000000
0.0000000000000000
0.0109225859633269
0.0601524385097498
0.0975209708002036
0.1209594146543030
0.1306275163487586
0.1268911018036032
0.1107798626779721
0.0841378870451440
0.0000000000000000
0.0000000000000000
0.0000000000000000
0.0000000000000000
0.0000000000000000
0.0000000000000000
0.0000000000000000
0.0000000000000000
0.0000000000000000
0.0000000000000000
0.0000000000000000
0.0000000000000000
0.0000000000000000
0.0000000000000000
0.0000000000000000
0.0000000000000000
0.0102365381965433
0.0600056356312872
0.0977483805507830
0.1213851357510232
0.1311704605295463
0.1275023035728224
0.1114232842984395
0.0847843334462659
0.0000000000000000
0.0000000000000000
0.0000000000000000
0.0000000000000000
0.0000000000000000
0.0000000000000000
0.0000000000000000
0.0000000000000000
0.0000000000000000
0.0000000000000000
0.0000000000000000
0.0000000000000000
