0.0000000000000000
0.0000000000000000
0.0000000000000000
0.0000000000000000
0.0878722013883834
0.1438491866750320
0.1552806921088826
0.1426949088346910
0.1149128849597686
0.0775480234099670
0.0371092518478983
0.0370450869743563
0.0000000000000000
0.0000000000000000
0.0000000000000000
0.0206230909040510
0.0135619539217629
0.0056145605217661
0.0000000000000000
0.0000000000000000
0.0000000000000000
0.0000000000000000
0.0000000000000000
0.0000000000000000
0.0000000000000000
0.0000000000000000
0.0000000000000000
0.0000000000000000
0.0866905398011881
0.1434581585571811
0.1552198112882011
0.1428003125879614
0.1151065982077896
0.0777787044118591
0.0370869178169503
0.0370366678352774
0.0000000000000000
0.0000000000000000
0.0000000000000000
0.0206468087827480
0.0135857911496241
0.0056354938638331
0.0000000000000000
0.0000000000000000
0.0000000000000000
0.0000000000000000
0.0000000000000000
0.0000000000000000
0.0000000000000000
0.0000000000000000
0.0000000000000000
0.0000000000000000
0.0854589831612855
0.1430469226296642
0.1551468082736873
0.1428950058734387
0.1152888934548907
0.0779965770666852
0.0370626077825560
0.0370261096621324
0.0000000000000000
0.0000000000000000
0.0000000000000000
0.0206671457836256
0.0136057456370103
0.0056517252354368
0.0000000000000000
0.0000000000000000
0.0000000000000000
0.0000000000000000
0.0000000000000000
0.0000000000000000
0.0000000000000000
0.0000000000000000
0.0000000000000000
0.0000000000000000
0.0841770730467062
0.1426152662454299
0.1550615045261692
0.1429787621486738
0.1154595094602403
0.0782013742158997
0.0370363185293499
0.0370133973281242
0.0000000000000000
0.0000000000000000
0.0000000000000000
0.0206840645441842
0.0136217827498095
0.0056632237364086
0.0000000000000000
0.0000000000000000
0.0000000000000000
0.0000000000000000
0.0000000000000000
0.0000000000000000
0.0000000000000000
0.0000000000000000
0.0000000000000000
0.0000000000000000
0.0828443566975167
0.1421629671217774
0.1549637194462472
0.1430513564298754
0.1156181898114265
0.0783928366856541
0.0370080461652515
0.0369985153278526
0.0000000000000000
0.0000000000000000
0.0000000000000000
0.0103487646946685
0.0136338693233115
0.0056699601752071
0.0000000000000000
0.0000000000000000
0.0000000000000000
0.0000000000000000
0.0000000000000000
0.0000000000000000
0.0000000000000000
0.0000000000000000
0.0000000000000000
0.0000000000000000
0.0814603970646123
0.1416897944982321
0.1548532703619804
0.1431125645436634
0.1157646817108455
0.0785707117503550
0.0369777861381216
0.0369814477350363
0.0000000000000000
0.0000000000000000
0.0000000000000000
0.0103537521737653
0.0136419733686696
0.0056719067008417
0.0000000000000000
0.0000000000000000
0.0000000000000000
0.0000000000000000
0.0000000000000000
0.0000000000000000
0.0000000000000000
0.0000000000000000
0.0000000000000000
0.0000000000000000
0.0800247823841232
0.1411955098780564
0.1547299726242045
0.1431621628362447
0.1158987354047244
0.0787347524101049
0.0369455332475343
0.0369621781884379
0.0000000000000000
0.0000000000000000
0.0000000000000000
0.0103569778225049
0.0136460639335497
0.0056690366118099
0.0000000000000000
0.0000000000000000
0.0000000000000000
0.0000000000000000
0.0000000000000000
0.0000000000000000
0.0000000000000000
0.0000000000000000
0.0000000000000000
0.0000000000000000
0.0785371356963887
0.1406798674456516
0.1545936398041519
0.1431999282491903
0.1160201042128239
0.0788847173524787
0.0369112816570486
0.0369406899056286
0.0000000000000000
0.0000000000000000
0.0000000000000000
0.0103584249843864
0.0136461110935259
0.0056613243337554
0.0000000000000000
0.0000000000000000
0.0000000000000000
0.0000000000000000
0.0000000000000000
0.0000000000000000
0.0000000000000000
0.0000000000000000
0.0000000000000000
0.0000000000000000
0.0769971249684200
0.1401426143255816
0.1544440839975291
0.1432256386916413
0.1161285449398459
0.0790203714123955
0.0368750249179542
0.0369169657251246
0.0000000000000000
0.0000000000000000
0.0000000000000000
0.0103580774951950
0.0136420860440050
0.0056487455157449
0.0000000000000000
0.0000000000000000
0.0000000000000000
0.0000000000000000
0.0000000000000000
0.0000000000000000
0.0000000000000000
0.0000000000000000
0.0000000000000000
0.0000000000000000
0.0754044747851418
0.1395834909334092
0.1542811162330688
0.1432390735501342
0.1162238184960528
0.0791414862360916
0.0368367560107638
0.0368909881703231
0.0000000000000000
0.0000000000000000
0.0000000000000000
0.0103559197481694
0.0136339612292673
0.0056312771898779
0.0000000000000000
0.0000000000000000
0.0000000000000000
0.0000000000000000
0.0000000000000000
0.0000000000000000
0.0000000000000000
0.0000000000000000
0.0000000000000000
0.0000000000000000
0.0737589804050034
0.1390022316407226
0.1541045469719596
0.1432400141830821
0.1163056904118995
0.0792478408371010
0.0369011997379695
0.0368627395269466
0.0000000000000000
0.0000000000000000
0.0000000000000000
0.0103519367445902
0.0136217104485343
0.0056088979079771
0.0000000000000000
0.0000000000000000
0.0000000000000000
0.0000000000000000
0.0000000000000000
0.0000000000000000
0.0000000000000000
0.0000000000000000
0.0000000000000000
0.0000000000000000
0.0720605253267253
0.1383985660316182
0.1539141866872075
0.1432282442146970
0.1163739309922416
0.0793392216481408
0.0369760698659859
0.0368322019222678
0.0000000000000000
0.0000000000000000
0.0000000000000000
0.0103461141055503
0.0136053088608817
0.0055815877836951
0.0000000000000000
0.0000000000000000
0.0000000000000000
0.0000000000000000
0.0000000000000000
0.0000000000000000
0.0000000000000000
0.0000000000000000
0.0000000000000000
0.0000000000000000
0.0703091030197337
0.1377722209445854
0.1537098465315173
0.1432035495415314
0.1164283149358548
0.0794154219368553
0.0370346719454306
0.0367993574023441
0.0000000000000000
0.0000000000000000
0.0000000000000000
0.0103384380299934
0.0135847328761572
0.0055493284114678
0.0000000000000000
0.0000000000000000
0.0000000000000000
0.0000000000000000
0.0000000000000000
0.0000000000000000
0.0000000000000000
0.0000000000000000
0.0000000000000000
0.0000000000000000
0.0685048433719981
0.1371229234178061
0.1534913391512660
0.1431657181036344
0.1164686205147672
0.0794762406253693
0.0370768538222938
0.0367641880161378
0.0000000000000000
0.0000000000000000
0.0000000000000000
0.0103288952190978
0.0135599599652981
0.0055121027232836
0.0000000000000000
0.0000000000000000
0.0000000000000000
0.0000000000000000
0.0000000000000000
0.0000000000000000
0.0000000000000000
0.0000000000000000
0.0000000000000000
0.0000000000000000
0.0666480438985318
0.1364504045301478
0.1532584797541409
0.1431145396412269
0.1164946285842447
0.0795214809240923
0.0371024697487984
0.0367266759285317
0.0000000000000000
0.0000000000000000
0.0000000000000000
0.0103174728017370
0.0135309684804893
0.0054698948745419
0.0000000000000000
0.0000000000000000
0.0000000000000000
0.0000000000000000
0.0000000000000000
0.0000000000000000
0.0000000000000000
0.0000000000000000
0.0000000000000000
0.0000000000000000
0.0647392056934432
0.1357544041376268
0.1530110875259388
0.1430498056262944
0.1165061217500927
0.0795509490884492
0.0371113790504395
0.0366868035783899
0.0000000000000000
0.0000000000000000
0.0000000000000000
0.0103041582899283
0.0134977375414109
0.0054226902401669
0.0000000000000000
0.0000000000000000
0.0000000000000000
0.0000000000000000
0.0000000000000000
0.0000000000000000
0.0000000000000000
0.0000000000000000
0.0000000000000000
0.0000000000000000
0.0627790734288386
0.1350346761949827
0.1527489873489206
0.1429713094617758
0.1165028837741902
0.0795644534642567
0.0371034450523384
0.0366445538677709
0.0000000000000000
0.0000000000000000
0.0000000000000000
0.0102889395578845
0.0134602469730161
0.0053704754778487
0.0000000000000000
0.0000000000000000
0.0000000000000000
0.0000000000000000
0.0000000000000000
0.0000000000000000
0.0000000000000000
0.0000000000000000
0.0000000000000000
0.0000000000000000
0.0607686774112171
0.1342909939375427
0.1524720115180447
0.1428788467952695
0.1164846992049154
0.0795618037324360
0.0370785341819059
0.0365999103241579
0.0000000000000000
0.0000000000000000
0.0000000000000000
0.0000000000000000
0.0134184772118345
0.0053132385663487
0.0000000000000000
0.0000000000000000
0.0000000000000000
0.0000000000000000
0.0000000000000000
0.0000000000000000
0.0000000000000000
0.0000000000000000
0.0000000000000000
0.0000000000000000
0.0587093738704275
0.1335231535130778
0.1521800009443184
0.1427722158119777
0.1164513531616955
0.0795428103894804
0.0370365152166635
0.0365528571614519
0.0000000000000000
0.0000000000000000
0.0000000000000000
0.0000000000000000
0.0133724091379237
0.0052509687444762
0.0000000000000000
0.0000000000000000
0.0000000000000000
0.0000000000000000
0.0000000000000000
0.0000000000000000
0.0000000000000000
0.0000000000000000
0.0000000000000000
0.0000000000000000
0.0566028794731673
0.1327309745357107
0.1518728053906996
0.1426512175014135
0.1164026315853958
0.0795072848351768
0.0369772591328588
0.0365033792000370
0.0000000000000000
0.0000000000000000
0.0000000000000000
0.0000000000000000
0.0133220239000692
0.0051836564555883
0.0000000000000000
0.0000000000000000
0.0000000000000000
0.0000000000000000
0.0000000000000000
0.0000000000000000
0.0000000000000000
0.0000000000000000
0.0000000000000000
0.0000000000000000
0.0544512980062347
0.1319142968900761
0.1515502826976529
0.1425156562199832
0.1163383224635999
0.0794550408250824
0.0369006403787193
0.0364514616929417
0.0000000000000000
0.0000000000000000
0.0000000000000000
0.0000000000000000
0.0132673029533463
0.0051112935631962
0.0000000000000000
0.0000000000000000
0.0000000000000000
0.0000000000000000
0.0000000000000000
0.0000000000000000
0.0000000000000000
0.0000000000000000
0.0000000000000000
0.0000000000000000
0.0522571418919380
0.1310729745794204
0.1512122975117814
0.1423653409938430
0.1162582185657923
0.0793858978577112
0.0368065403601153
0.0363970901810882
0.0000000000000000
0.0000000000000000
0.0000000000000000
0.0000000000000000
0.0132082285210276
0.0050338741385256
0.0000000000000000
0.0000000000000000
0.0000000000000000
0.0000000000000000
0.0000000000000000
0.0000000000000000
0.0000000000000000
0.0000000000000000
0.0000000000000000
0.0000000000000000
0.0500233546426845
0.1302068688897075
0.1508587203539672
0.1422000878441041
0.1161621217084146
0.0792996865258170
0.0366948531039799
0.0363402505093068
0.0000000000000000
0.0000000000000000
0.0000000000000000
0.0000000000000000
0.0131447845619345
0.0049513959245660
0.0000000000000000
0.0000000000000000
0.0000000000000000
0.0000000000000000
0.0000000000000000
0.0000000000000000
0.0000000000000000
0.0000000000000000
0.0000000000000000
0.0000000000000000
0.0477533409783987
0.1293158431479982
0.1504894276403854
0.1420197229282012
0.1160498479122496
0.0791962548688535
0.0365654921699771
0.0362809290493633
0.0000000000000000
0.0000000000000000
0.0000000000000000
0.0000000000000000
0.0130769580540651
0.0048638622796586
0.0000000000000000
0.0000000000000000
0.0000000000000000
0.0000000000000000
0.0000000000000000
0.0000000000000000
0.0000000000000000
0.0000000000000000
0.0000000000000000
0.0000000000000000
0.0454510073721409
0.1283997601757743
0.1501043026097917
0.1418240858263702
0.1159212323010593
0.0790754743333038
0.0364183970865699
0.0362191130505419
0.0000000000000000
0.0000000000000000
0.0000000000000000
0.0000000000000000
0.0130047402314151
0.0047712841481017
0.0000000000000000
0.0000000000000000
0.0000000000000000
0.0000000000000000
0.0000000000000000
0.0000000000000000
0.0000000000000000
0.0000000000000000
0.0000000000000000
0.0000000000000000
0.0431208107931890
0.1274584816821044
0.1497032364731959
0.1416130320855689
0.1157761326587201
0.0789372439511591
0.0362535378393885
0.0361547909572660
0.0000000000000000
0.0000000000000000
0.0000000000000000
0.0000000000000000
0.0129281274013617
0.0046736816290982
0.0000000000000000
0.0000000000000000
0.0000000000000000
0.0000000000000000
0.0000000000000000
0.0000000000000000
0.0000000000000000
0.0000000000000000
0.0000000000000000
0.0000000000000000
0.0407678104066651
0.1264918679612988
0.1492861289491703
0.1413864344246948
0.1156144310189749
0.0787814921257801
0.0360709166316251
0.0360879525573922
0.0000000000000000
0.0000000000000000
0.0000000000000000
0.0000000000000000
0.0128471211663272
0.0045710849278045
0.0000000000000000
0.0000000000000000
0.0000000000000000
0.0000000000000000
0.0000000000000000
0.0000000000000000
0.0000000000000000
0.0000000000000000
0.0000000000000000
0.0000000000000000
0.0383977180396223
0.1254997767139845
0.1488528878035878
0.1411441825331302
0.1154360334425556
0.0786081762097137
0.0358705672112849
0.0360185889297078
0.0000000000000000
0.0000000000000000
0.0000000000000000
0.0000000000000000
0.0127617281204760
0.0044635348166273
0.0000000000000000
0.0000000000000000
0.0000000000000000
0.0000000000000000
0.0000000000000000
0.0000000000000000
0.0000000000000000
0.0000000000000000
0.0000000000000000
0.0000000000000000
0.0360169460838382
0.1244820611775724
0.1484034276659840
0.1408861818917867
0.1152408685366631
0.0784172806444591
0.0357177980289101
0.0359466922696057
0.0000000000000000
0.0000000000000000
0.0000000000000000
0.0000000000000000
0.0126719592559479
0.0043510829113955
0.0000000000000000
0.0000000000000000
0.0000000000000000
0.0000000000000000
0.0000000000000000
0.0000000000000000
0.0000000000000000
0.0000000000000000
0.0000000000000000
0.0000000000000000
0.0336326535231668
0.1234385686326807
0.1479376687784398
0.1406123522410589
0.1150288854361734
0.0782088144538557
0.0356379003356523
0.0358722557069640
0.0000000000000000
0.0000000000000000
0.0000000000000000
0.0000000000000000
0.0125778293125320
0.0042337920811287
0.0000000000000000
0.0000000000000000
0.0000000000000000
0.0000000000000000
0.0000000000000000
0.0000000000000000
0.0000000000000000
0.0000000000000000
0.0000000000000000
0.0000000000000000
0.0312527891051582
0.1223691402995755
0.1474555361878330
0.1403226261259158
0.1148000517333190
0.0779828086650967
0.0355558725726174
0.0357952731893888
0.0000000000000000
0.0000000000000000
0.0000000000000000
0.0000000000000000
0.0124793561926481
0.0041117371647070
0.0000000000000000
0.0000000000000000
0.0000000000000000
0.0000000000000000
0.0000000000000000
0.0000000000000000
