0.0000000000000000
0.0000000000000000
0.0000000000000000
0.0000000000000000
0.0000000000000000
0.0000000000000000
0.0000000000000000
0.0000000000000000
0.0000000000000000
0.0353942515057577
0.0388923340119770
0.0815257549572736
0.1169726940672475
0.1415641808262962
0.1520764888847367
0.1454082741597934
0.1173043444246471
0.0582955287405189
0.0000000000000000
0.0000000000000000
0.0000000000000000
0.0000000000000000
0.0000000000000000
0.0000000000000000
0.0000000000000000
0.0000000000000000
0.0000000000000000
0.0000000000000000
0.0000000000000000
0.0000000000000000
0.0000000000000000
0.0000000000000000
0.0000000000000000
0.0353572098944110
0.0386204875015539
0.0813189031073420
0.1168549291083921
0.1415510163676653
0.1521739233575112
0.1456113154287878
0.1175926144946796
0.0586014683420760
0.0000000000000000
0.0000000000000000
0.0000000000000000
0.0000000000000000
0.0000000000000000
0.0000000000000000
0.0000000000000000
0.0000000000000000
0.0000000000000000
0.0000000000000000
0.0000000000000000
0.0000000000000000
0.0000000000000000
0.0000000000000000
0.0000000000000000
0.0353182762991117
0.0383589400580530
0.0811231319311454
0.1167482465777823
0.1415478492121582
0.1522787065518388
0.1458164356180605
0.1178719800095424
0.0588725639292150
0.0000000000000000
0.0000000000000000
0.0000000000000000
0.0000000000000000
0.0000000000000000
0.0000000000000000
0.0000000000000000
0.0000000000000000
0.0000000000000000
0.0000000000000000
0.0000000000000000
0.0000000000000000
0.0000000000000000
0.0000000000000000
0.0000000000000000
0.0352774606006389
0.0381079288274048
0.0809386049217784
0.1166527191047775
0.1415546517057749
0.1523907095888394
0.1460234122514380
0.1181421366762650
0.0591083582232317
0.0000000000000000
0.0000000000000000
0.0000000000000000
0.0000000000000000
0.0000000000000000
0.0000000000000000
0.0000000000000000
0.0000000000000000
0.0000000000000000
0.0000000000000000
0.0000000000000000
0.0000000000000000
0.0000000000000000
0.0000000000000000
0.0000000000000000
0.0352347718006827
0.0378676788159406
0.0807654717408625
0.1165684046144147
0.1415713813170748
0.1525097888062882
0.1462320068650751
0.1184027555473876
0.0593083401351355
0.0000000000000000
0.0000000000000000
0.0000000000000000
0.0000000000000000
0.0000000000000000
0.0000000000000000
0.0000000000000000
0.0000000000000000
0.0000000000000000
0.0000000000000000
0.0000000000000000
0.0000000000000000
0.0000000000000000
0.0000000000000000
0.0000000000000000
0.0351902180949236
0.0376384045877690
0.0806038698188877
0.1164953476478372
0.1415979815651932
0.1526357861510272
0.1464419646747342
0.1186534815667657
0.0594719409536131
0.0000000000000000
0.0000000000000000
0.0000000000000000
0.0000000000000000
0.0000000000000000
0.0000000000000000
0.0000000000000000
0.0000000000000000
0.0000000000000000
0.0000000000000000
0.0000000000000000
0.0000000000000000
0.0000000000000000
0.0000000000000000
0.0000000000000000
0.0351438069077405
0.0374203111262870
0.0804539251608101
0.1164335800874762
0.1416343825740983
0.1527685294812198
0.1466530145105863
0.1188939328733606
0.0595985321138213
0.0000000000000000
0.0000000000000000
0.0000000000000000
0.0000000000000000
0.0000000000000000
0.0000000000000000
0.0000000000000000
0.0000000000000000
0.0000000000000000
0.0000000000000000
0.0000000000000000
0.0000000000000000
0.0000000000000000
0.0000000000000000
0.0000000000000000
0.0350955449023521
0.0372135939187650
0.0803157525054172
0.1163831213273019
0.1416805012557617
0.1529078327434064
0.1468648689315311
0.1191237006712905
0.0596874244305761
0.0000000000000000
0.0000000000000000
0.0000000000000000
0.0000000000000000
0.0000000000000000
0.0000000000000000
0.0000000000000000
0.0000000000000000
0.0000000000000000
0.0000000000000000
0.0000000000000000
0.0000000000000000
0.0000000000000000
0.0000000000000000
0.0000000000000000
0.0350454379850862
0.0370184385677373
0.0801894549763601
0.1163439780462593
0.1417362412132497
0.1530534960049355
0.1470772243833138
0.1193423494609708
0.0597378683111591
0.0000000000000000
0.0000000000000000
0.0000000000000000
0.0000000000000000
0.0000000000000000
0.0000000000000000
0.0000000000000000
0.0000000000000000
0.0000000000000000
0.0000000000000000
0.0000000000000000
0.0000000000000000
0.0000000000000000
0.0000000000000000
0.0000000000000000
0.0349934913249644
0.0368351641199653
0.0800751235675085
0.1163161437906914
0.1418014924687849
0.1532053053666450
0.1472897613119451
0.1195494172910743
0.0597490544495718
0.0000000000000000
0.0000000000000000
0.0000000000000000
0.0000000000000000
0.0000000000000000
0.0000000000000000
0.0000000000000000
0.0000000000000000
0.0000000000000000
0.0000000000000000
0.0000000000000000
0.0000000000000000
0.0000000000000000
0.0000000000000000
0.0000000000000000
0.0349397094059287
0.0367948783821210
0.0799728367600557
0.1162995986719463
0.1418761312370762
0.1533630328144107
0.1475021440985495
0.1197444157467666
0.0597201142313977
0.0000000000000000
0.0000000000000000
0.0000000000000000
0.0000000000000000
0.0000000000000000
0.0000000000000000
0.0000000000000000
0.0000000000000000
0.0000000000000000
0.0000000000000000
0.0000000000000000
0.0000000000000000
0.0000000000000000
0.0000000000000000
0.0000000000000000
0.0348840961320685
0.0367525651567013
0.0798826606747636
0.1162943094439939
0.1419600199128488
0.1535264360834593
0.1477140207531991
0.1199268292997735
0.0596501192096686
0.0000000000000000
0.0000000000000000
0.0000000000000000
0.0000000000000000
0.0000000000000000
0.0000000000000000
0.0000000000000000
0.0000000000000000
0.0000000000000000
0.0000000000000000
0.0000000000000000
0.0000000000000000
0.0000000000000000
0.0000000000000000
0.0000000000000000
0.0348266549919169
0.0367082162180673
0.0798046499093857
0.1163002301433647
0.1420530073903176
0.1536952585712459
0.1479250223215692
0.1200961139654132
0.0595380793811104
0.0000000000000000
0.0000000000000000
0.0000000000000000
0.0000000000000000
0.0000000000000000
0.0000000000000000
0.0000000000000000
0.0000000000000000
0.0000000000000000
0.0000000000000000
0.0000000000000000
0.0000000000000000
0.0000000000000000
0.0000000000000000
0.0000000000000000
0.0347673892877063
0.0366618232088561
0.0797388489631071
0.1163173031347471
0.1421549296144801
0.1538692292646643
0.1481347620545169
0.1202516953839060
0.0593829407906568
0.0000000000000000
0.0000000000000000
0.0000000000000000
0.0000000000000000
0.0000000000000000
0.0000000000000000
0.0000000000000000
0.0000000000000000
0.0000000000000000
0.0000000000000000
0.0000000000000000
0.0000000000000000
0.0000000000000000
0.0000000000000000
0.0000000000000000
0.0347063024230420
0.0366133778415372
0.0796852938768976
0.1163454603081917
0.1422656101540507
0.1540480625796100
0.1483428344082524
0.1203929667048780
0.0591835832691273
0.0000000000000000
0.0000000000000000
0.0000000000000000
0.0000000000000000
0.0000000000000000
0.0000000000000000
0.0000000000000000
0.0000000000000000
0.0000000000000000
0.0000000000000000
0.0000000000000000
0.0000000000000000
0.0000000000000000
0.0000000000000000
0.0000000000000000
0.0346433982441724
0.0365628721471034
0.0796440137779744
0.1163846241160367
0.1423848606209267
0.1542314580725481
0.1485488139856664
0.1205192865583969
0.0589388191123958
0.0000000000000000
0.0000000000000000
0.0000000000000000
0.0000000000000000
0.0000000000000000
0.0000000000000000
0.0000000000000000
0.0000000000000000
0.0000000000000000
0.0000000000000000
0.0000000000000000
0.0000000000000000
0.0000000000000000
0.0000000000000000
0.0000000000000000
0.0345786814012715
0.0365102987494732
0.0796150321992498
0.1164347084693076
0.1425124810079620
0.1544191001587847
0.1487522545938395
0.1206299772754147
0.0586473925140127
0.0000000000000000
0.0000000000000000
0.0000000000000000
0.0000000000000000
0.0000000000000000
0.0000000000000000
0.0000000000000000
0.0000000000000000
0.0000000000000000
0.0000000000000000
0.0000000000000000
0.0000000000000000
0.0000000000000000
0.0000000000000000
0.0000000000000000
0.0345121576537672
0.0364556510987559
0.0795983683036605
0.1164956196536137
0.1426482602227868
0.1546106581804950
0.1489526887465546
0.1207243234283314
0.0583079792599502
0.0000000000000000
0.0000000000000000
0.0000000000000000
0.0000000000000000
0.0000000000000000
0.0000000000000000
0.0000000000000000
0.0000000000000000
0.0000000000000000
0.0000000000000000
0.0000000000000000
0.0000000000000000
0.0000000000000000
0.0000000000000000
0.0000000000000000
0.0344438340006046
0.0363989235684633
0.0795940378879452
0.1165672573565461
0.1427919770333230
0.1548057871606544
0.1491496279858118
0.1208015709959382
0.0579191863184107
0.0000000000000000
0.0000000000000000
0.0000000000000000
0.0000000000000000
0.0000000000000000
0.0000000000000000
0.0000000000000000
0.0000000000000000
0.0000000000000000
0.0000000000000000
0.0000000000000000
0.0000000000000000
0.0000000000000000
0.0000000000000000
0.0000000000000000
0.0343737185339418
0.0363401113457847
0.0796020537362458
0.1166495154348835
0.1429434012487062
0.1550041292708529
0.1493425643061895
0.1208609276380238
0.0574795523923267
0.0000000000000000
0.0000000000000000
0.0000000000000000
0.0000000000000000
0.0000000000000000
0.0000000000000000
0.0000000000000000
0.0000000000000000
0.0000000000000000
0.0000000000000000
0.0000000000000000
0.0000000000000000
0.0000000000000000
0.0000000000000000
0.0000000000000000
0.0343018200058731
0.0362792101330783
0.0796224244371614
0.1167422816600250
0.1431022944666563
0.1552053155555859
0.1495309725532577
0.1209015647202190
0.0569875516890846
0.0000000000000000
0.0000000000000000
0.0000000000000000
0.0000000000000000
0.0000000000000000
0.0000000000000000
0.0000000000000000
0.0000000000000000
0.0000000000000000
0.0000000000000000
0.0000000000000000
0.0000000000000000
0.0000000000000000
0.0000000000000000
0.0000000000000000
0.0342281472374575
0.0362162157822062
0.0796551510710273
0.1168454356652593
0.1432684095954921
0.1554089671591216
0.1497143133092155
0.1209226212353104
0.0564416033796291
0.0000000000000000
0.0000000000000000
0.0000000000000000
0.0000000000000000
0.0000000000000000
0.0000000000000000
0.0000000000000000
0.0000000000000000
0.0000000000000000
0.0000000000000000
0.0000000000000000
0.0000000000000000
0.0000000000000000
0.0000000000000000
0.0000000000000000
0.0341527085743163
0.0361511240307296
0.0797002218524357
0.1169588450117065
0.1434414887647462
0.1556146954729399
0.1498920355716210
0.1209232092338819
0.0558400875913784
0.0000000000000000
0.0000000000000000
0.0000000000000000
0.0000000000000000
0.0000000000000000
0.0000000000000000
0.0000000000000000
0.0000000000000000
0.0000000000000000
0.0000000000000000
0.0000000000000000
0.0000000000000000
0.0000000000000000
0.0000000000000000
0.0000000000000000
0.0340755115639070
0.0360839304469408
0.0797576058055533
0.1170823601181796
0.1436212600888002
0.1558221012221128
0.1500635787689161
0.1209024196676321
0.0551813663785345
0.0000000000000000
0.0000000000000000
0.0000000000000000
0.0000000000000000
0.0000000000000000
0.0000000000000000
0.0000000000000000
0.0000000000000000
0.0000000000000000
0.0000000000000000
0.0000000000000000
0.0000000000000000
0.0000000000000000
0.0000000000000000
0.0000000000000000
0.0339965628809638
0.0360146305633224
0.0798272470303446
0.1172158095171062
0.1438074343652250
0.1560307731446740
0.1502283740663633
0.1208593274414910
0.0544638059976187
0.0000000000000000
0.0000000000000000
0.0000000000000000
0.0000000000000000
0.0000000000000000
0.0000000000000000
0.0000000000000000
0.0000000000000000
0.0000000000000000
0.0000000000000000
0.0000000000000000
0.0000000000000000
0.0000000000000000
0.0000000000000000
0.0000000000000000
0.0339158683934059
0.0359432200646555
0.0799090609284787
0.1173589967143007
0.1439997029222881
0.1562402871364170
0.1503858452444175
0.1207929947182830
0.0536857969987371
0.0000000000000000
0.0000000000000000
0.0000000000000000
0.0000000000000000
0.0000000000000000
0.0000000000000000
0.0000000000000000
0.0000000000000000
0.0000000000000000
0.0000000000000000
0.0000000000000000
0.0000000000000000
0.0000000000000000
0.0000000000000000
0.0000000000000000
0.0338334332127350
0.0358696948892768
0.0800029328941688
0.1175116992944841
0.1441977372032090
0.1564502064048844
0.1505354094646651
0.1207024721592620
0.0528457702570577
0.0000000000000000
0.0000000000000000
0.0000000000000000
0.0000000000000000
0.0000000000000000
0.0000000000000000
0.0000000000000000
0.0000000000000000
0.0000000000000000
0.0000000000000000
0.0000000000000000
0.0000000000000000
0.0000000000000000
0.0000000000000000
0.0000000000000000
0.0337492616518703
0.0357940511879729
0.0801087191821238
0.1176736699724074
0.1444011899263358
0.1566600825596701
0.1506764779794986
0.1205867983298894
0.0519422099817482
0.0000000000000000
0.0000000000000000
0.0000000000000000
0.0000000000000000
0.0000000000000000
0.0000000000000000
0.0000000000000000
0.0000000000000000
0.0000000000000000
0.0000000000000000
0.0000000000000000
0.0000000000000000
0.0000000000000000
0.0000000000000000
0.0000000000000000
0.0336633571267450
0.0357558242504565
0.0802262490773297
0.1178446388081181
0.1446096970972400
0.1568694571300081
0.1508084566430907
0.1204449978330102
0.0509736663097682
0.0000000000000000
0.0000000000000000
0.0000000000000000
0.0000000000000000
0.0000000000000000
0.0000000000000000
0.0000000000000000
0.0000000000000000
0.0000000000000000
0.0000000000000000
0.0000000000000000
0.0000000000000000
0.0000000000000000
0.0000000000000000
0.0000000000000000
0.0335757221000156
0.0358316939980074
0.0803553276484025
0.1180243157845394
0.1448228801674536
0.1570778629688190
0.1509307460368616
0.1202760787426958
0.0499387704824544
0.0000000000000000
0.0000000000000000
0.0000000000000000
0.0000000000000000
0.0000000000000000
0.0000000000000000
0.0000000000000000
0.0000000000000000
0.0000000000000000
0.0000000000000000
0.0000000000000000
0.0000000000000000
0.0000000000000000
0.0000000000000000
0.0000000000000000
0.0334863581281825
0.0359207683276305
0.0804957385485566
0.1182123933156822
0.1450403479575257
0.1572848253105560
0.1510427412038722
0.1200790297336011
0.0488362545654052
0.0000000000000000
0.0000000000000000
0.0000000000000000
0.0000000000000000
0.0000000000000000
0.0000000000000000
