0.0000000000000000
0.0000000000000000
0.0000000000000000
0.0000000000000000
0.0255083306584120
0.0642141750239936
0.0942843794237145
0.1128720728113766
0.1190142181192885
0.1127276690572603
0.0949455666980768
0.0674893163571714
0.0000000000000000
0.0000000000000000
0.0000000000000000
0.0000000000000000
0.0000000000000000
0.0000000000000000
0.0000000000000000
0.0000000000000000
0.0000000000000000
0.0000000000000000
0.0000000000000000
0.0000000000000000
0.0000000000000000
0.0000000000000000
0.0000000000000000
0.0000000000000000
0.0251411947143984
0.0640186358334501
0.0942444021271711
0.1129672111700837
0.1192279250357533
0.1130415722104592
0.0953373561500642
0.0679324542772993
0.0000000000000000
0.0000000000000000
0.0000000000000000
0.0000000000000000
0.0000000000000000
0.0000000000000000
0.0000000000000000
0.0000000000000000
0.0000000000000000
0.0000000000000000
0.0000000000000000
0.0000000000000000
0.0000000000000000
0.0000000000000000
0.0000000000000000
0.0000000000000000
0.0247689016886876
0.0638300060477781
0.0942173210282745
0.1130778062658336
0.1194578140478469
0.1133712556491318
0.0957438029561107
0.0683887106920432
0.0000000000000000
0.0000000000000000
0.0000000000000000
0.0000000000000000
0.0000000000000000
0.0000000000000000
0.0000000000000000
0.0000000000000000
0.0000000000000000
0.0000000000000000
0.0000000000000000
0.0000000000000000
0.0000000000000000
0.0000000000000000
0.0000000000000000
0.0000000000000000
0.0243910245375882
0.0636480991332838
0.0942030047638734
0.1132036860161605
0.1197036483238522
0.1137164197667210
0.0961645588541675
0.0688577094951984
0.0000000000000000
0.0000000000000000
0.0000000000000000
0.0000000000000000
0.0000000000000000
0.0000000000000000
0.0000000000000000
0.0000000000000000
0.0000000000000000
0.0000000000000000
0.0000000000000000
0.0000000000000000
0.0000000000000000
0.0000000000000000
0.0000000000000000
0.0000000000000000
0.0240071002875309
0.0634727030462437
0.0942013037162431
0.1133446629310103
0.1199651779011685
0.1140767543136283
0.0965992676834426
0.0693390695358896
0.0000000000000000
0.0000000000000000
0.0000000000000000
0.0000000000000000
0.0000000000000000
0.0000000000000000
0.0000000000000000
0.0000000000000000
0.0000000000000000
0.0000000000000000
0.0000000000000000
0.0000000000000000
0.0000000000000000
0.0000000000000000
0.0000000000000000
0.0000000000000000
0.0236166332463294
0.0633035819408968
0.0942120515324126
0.1135005352421488
0.1202421403676258
0.1144519386382393
0.0970475652356953
0.0698324041273021
0.0000000000000000
0.0000000000000000
0.0000000000000000
0.0000000000000000
0.0000000000000000
0.0000000000000000
0.0000000000000000
0.0000000000000000
0.0000000000000000
0.0000000000000000
0.0000000000000000
0.0000000000000000
0.0000000000000000
0.0000000000000000
0.0000000000000000
0.0000000000000000
0.0232190977798527
0.0631404771796925
0.0942350661280637
0.1136710877118631
0.1205342614577055
0.1148416420674733
0.0975090794249096
0.0703373210626465
0.0000000000000000
0.0000000000000000
0.0000000000000000
0.0000000000000000
0.0000000000000000
0.0000000000000000
0.0000000000000000
0.0000000000000000
0.0000000000000000
0.0000000000000000
0.0000000000000000
0.0000000000000000
0.0000000000000000
0.0000000000000000
0.0000000000000000
0.0000000000000000
0.0228139408396834
0.0629831077253232
0.0942701501824302
0.1138560921129641
0.1208412554905368
0.1152455243063058
0.0979834306584065
0.0708534229240176
0.0000000000000000
0.0000000000000000
0.0000000000000000
0.0000000000000000
0.0000000000000000
0.0000000000000000
0.0000000000000000
0.0000000000000000
0.0000000000000000
0.0000000000000000
0.0000000000000000
0.0000000000000000
0.0000000000000000
0.0000000000000000
0.0000000000000000
0.0000000000000000
0.0224005845099782
0.0628311700463330
0.0943170912176250
0.1140553073641597
0.1211628255796057
0.1156632357225233
0.0984702321768525
0.0713803074912183
0.0000000000000000
0.0000000000000000
0.0000000000000000
0.0000000000000000
0.0000000000000000
0.0000000000000000
0.0000000000000000
0.0000000000000000
0.0000000000000000
0.0000000000000000
0.0000000000000000
0.0000000000000000
0.0000000000000000
0.0000000000000000
0.0000000000000000
0.0000000000000000
0.0219784289895675
0.0626843378079578
0.0943756613981986
0.1142684794087704
0.1214986636008005
0.1160944174157135
0.0989690902281859
0.0719175679727430
0.0000000000000000
0.0000000000000000
0.0000000000000000
0.0000000000000000
0.0000000000000000
0.0000000000000000
0.0000000000000000
0.0000000000000000
0.0000000000000000
0.0000000000000000
0.0000000000000000
0.0000000000000000
0.0000000000000000
0.0000000000000000
0.0000000000000000
0.0000000000000000
0.0215468563763953
0.0625422616372889
0.0944456173202085
0.1144953409732494
0.1218484499684889
0.1165387010309964
0.0994796039099304
0.0724647928907571
0.0000000000000000
0.0000000000000000
0.0000000000000000
0.0000000000000000
0.0000000000000000
0.0000000000000000
0.0000000000000000
0.0000000000000000
0.0000000000000000
0.0000000000000000
0.0000000000000000
0.0000000000000000
0.0000000000000000
0.0000000000000000
0.0000000000000000
0.0000000000000000
0.0211052357716729
0.0624045693341966
0.0945267000285911
0.1147356113976378
0.1222118533051611
0.1169957082920718
0.1000013645969414
0.0730215654077284
0.0000000000000000
0.0000000000000000
0.0000000000000000
0.0000000000000000
0.0000000000000000
0.0000000000000000
0.0000000000000000
0.0000000000000000
0.0000000000000000
0.0000000000000000
0.0000000000000000
0.0000000000000000
0.0000000000000000
0.0000000000000000
0.0000000000000000
0.0000000000000000
0.0206529299959756
0.0622708667636818
0.0946186354958330
0.1149889966615846
0.1225885300713734
0.1174650502786345
0.1005339549011213
0.0735874620423091
0.0000000000000000
0.0000000000000000
0.0000000000000000
0.0000000000000000
0.0000000000000000
0.0000000000000000
0.0000000000000000
0.0000000000000000
0.0000000000000000
0.0000000000000000
0.0000000000000000
0.0000000000000000
0.0000000000000000
0.0000000000000000
0.0000000000000000
0.0000000000000000
0.0201893041179030
0.0621407394556960
0.0947211354990098
0.1152551895795232
0.1229781241262800
0.1179463264140594
0.1010769471762034
0.0741620507846273
0.0000000000000000
0.0000000000000000
0.0000000000000000
0.0000000000000000
0.0000000000000000
0.0000000000000000
0.0000000000000000
0.0000000000000000
0.0000000000000000
0.0000000000000000
0.0000000000000000
0.0000000000000000
0.0000000000000000
0.0000000000000000
0.0000000000000000
0.0000000000000000
0.0197137357431908
0.0620137546565009
0.0948338986864323
0.1155338699515414
0.1233802660800582
0.1184391231150896
0.1016299015670423
0.0747448887045102
0.0000000000000000
0.0000000000000000
0.0000000000000000
0.0000000000000000
0.0000000000000000
0.0000000000000000
0.0000000000000000
0.0000000000000000
0.0000000000000000
0.0000000000000000
0.0000000000000000
0.0000000000000000
0.0000000000000000
0.0000000000000000
0.0000000000000000
0.0000000000000000
0.0192256270309482
0.0618894636096715
0.0949566115552958
0.1158247044939014
0.1237945723312162
0.1189430120769100
0.1021923636957619
0.0753355191833028
0.0000000000000000
0.0000000000000000
0.0000000000000000
0.0000000000000000
0.0000000000000000
0.0000000000000000
0.0000000000000000
0.0000000000000000
0.0000000000000000
0.0000000000000000
0.0000000000000000
0.0000000000000000
0.0000000000000000
0.0000000000000000
0.0000000000000000
0.0000000000000000
0.0187244183293000
0.0617674038914358
0.0950889493342360
0.1161273466154379
0.1242206439778866
0.1194575484779539
0.1027638623068200
0.0759334691837974
0.0000000000000000
0.0000000000000000
0.0000000000000000
0.0000000000000000
0.0000000000000000
0.0000000000000000
0.0000000000000000
0.0000000000000000
0.0000000000000000
0.0000000000000000
0.0000000000000000
0.0000000000000000
0.0000000000000000
0.0000000000000000
0.0000000000000000
0.0000000000000000
0.0182096030979191
0.0616471018287218
0.0952305770261821
0.1164414365333630
0.1246580662220117
0.1199822698263098
0.1033439076838824
0.0765382473452685
0.0000000000000000
0.0000000000000000
0.0000000000000000
0.0000000000000000
0.0000000000000000
0.0000000000000000
0.0000000000000000
0.0000000000000000
0.0000000000000000
0.0000000000000000
0.0000000000000000
0.0000000000000000
0.0000000000000000
0.0000000000000000
0.0000000000000000
0.0000000000000000
0.0176807432292247
0.0615280747591128
0.0953811508965016
0.1167666022945805
0.1251064090831520
0.1205166964300585
0.1039319919125832
0.0771493440887589
0.0000000000000000
0.0000000000000000
0.0000000000000000
0.0000000000000000
0.0000000000000000
0.0000000000000000
0.0000000000000000
0.0000000000000000
0.0000000000000000
0.0000000000000000
0.0000000000000000
0.0000000000000000
0.0000000000000000
0.0000000000000000
0.0000000000000000
0.0000000000000000
0.0171374836399056
0.0614098324924829
0.0955403202261503
0.1171024618840401
0.1255652298326670
0.1210603340963965
0.1045275917600323
0.0777662345474789
0.0000000000000000
0.0000000000000000
0.0000000000000000
0.0000000000000000
0.0000000000000000
0.0000000000000000
0.0000000000000000
0.0000000000000000
0.0000000000000000
0.0000000000000000
0.0000000000000000
0.0000000000000000
0.0000000000000000
0.0000000000000000
0.0000000000000000
0.0000000000000000
0.0165795652756807
0.0612918771068208
0.0957077285957852
0.1174486257623239
0.1260340766286406
0.1216126786760467
0.1051301738932182
0.0783883842179297
0.0000000000000000
0.0000000000000000
0.0000000000000000
0.0000000000000000
0.0000000000000000
0.0000000000000000
0.0000000000000000
0.0000000000000000
0.0000000000000000
0.0000000000000000
0.0000000000000000
0.0000000000000000
0.0000000000000000
0.0000000000000000
0.0000000000000000
0.0000000000000000
0.0160068369955919
0.0611737003932322
0.0958830136233227
0.1178046985677337
0.1265124919463761
0.1221732209790087
0.1057392009941310
0.0790152558825037
0.0000000000000000
0.0000000000000000
0.0000000000000000
0.0000000000000000
0.0000000000000000
0.0000000000000000
0.0000000000000000
0.0000000000000000
0.0000000000000000
0.0000000000000000
0.0000000000000000
0.0000000000000000
0.0000000000000000
0.0000000000000000
0.0000000000000000
0.0000000000000000
0.0154192680210363
0.0610547792228566
0.0960658045850681
0.1181702788398567
0.1270000142921680
0.1227414502956746
0.1063541367892125
0.0796463157890750
0.0000000000000000
0.0000000000000000
0.0000000000000000
0.0000000000000000
0.0000000000000000
0.0000000000000000
0.0000000000000000
0.0000000000000000
0.0000000000000000
0.0000000000000000
0.0000000000000000
0.0000000000000000
0.0000000000000000
0.0000000000000000
0.0000000000000000
0.0000000000000000
0.0148169633020572
0.0609345699103068
0.0962557182743425
0.1185449566032817
0.1274961775854647
0.1233168555204399
0.1069744487430185
0.0802810375765424
0.0000000000000000
0.0000000000000000
0.0000000000000000
0.0000000000000000
0.0000000000000000
0.0000000000000000
0.0000000000000000
0.0000000000000000
0.0000000000000000
0.0000000000000000
0.0000000000000000
0.0000000000000000
0.0000000000000000
0.0000000000000000
0.0000000000000000
0.0000000000000000
0.0142001833368250
0.0608125031564001
0.0964523543993287
0.1189283098437793
0.1280005089638363
0.1238989243429446
0.1075996085362463
0.0809189038556429
0.0000000000000000
0.0000000000000000
0.0000000000000000
0.0000000000000000
0.0000000000000000
0.0000000000000000
0.0000000000000000
0.0000000000000000
0.0000000000000000
0.0000000000000000
0.0000000000000000
0.0000000000000000
0.0000000000000000
0.0000000000000000
0.0000000000000000
0.0000000000000000
0.0135693685288678
0.0606879807003694
0.0966552921049074
0.1193199015628079
0.1285125266440370
0.1244871420035196
0.1082290916907999
0.0815594065562255
0.0000000000000000
0.0000000000000000
0.0000000000000000
0.0000000000000000
0.0000000000000000
0.0000000000000000
0.0000000000000000
0.0000000000000000
0.0000000000000000
0.0000000000000000
0.0000000000000000
0.0000000000000000
0.0000000000000000
0.0000000000000000
0.0000000000000000
0.0000000000000000
0.0129251669136757
0.0605603740251967
0.0968640885557599
0.1197192786851494
0.1290317392658195
0.1250809910816889
0.1088623777432918
0.0822020474125888
0.0000000000000000
0.0000000000000000
0.0000000000000000
0.0000000000000000
0.0000000000000000
0.0000000000000000
0.0000000000000000
0.0000000000000000
0.0000000000000000
0.0000000000000000
0.0000000000000000
0.0000000000000000
0.0000000000000000
0.0000000000000000
0.0000000000000000
0.0000000000000000
0.0122684639441616
0.0604290246887445
0.0970782796190066
0.1201259730330697
0.1295576470639026
0.1256799527583115
0.1094989514989728
0.0828463391052048
0.0000000000000000
0.0000000000000000
0.0000000000000000
0.0000000000000000
0.0000000000000000
0.0000000000000000
0.0000000000000000
0.0000000000000000
0.0000000000000000
0.0000000000000000
0.0000000000000000
0.0000000000000000
0.0000000000000000
0.0000000000000000
0.0000000000000000
0.0000000000000000
0.0116004135882871
0.0602932456542915
0.0972973818472005
0.1205395035939599
0.1300897441293839
0.1262835088893035
0.1101383047893313
0.0834918066497606
0.0000000000000000
0.0000000000000000
0.0000000000000000
0.0000000000000000
0.0000000000000000
0.0000000000000000
0.0000000000000000
0.0000000000000000
0.0000000000000000
0.0000000000000000
0.0000000000000000
0.0000000000000000
0.0000000000000000
0.0000000000000000
0.0000000000000000
0.0000000000000000
0.0109224706219571
0.0601523231229168
0.0975208948986646
0.1209593790008994
0.1306275206537777
0.1268911438244332
0.1107799377760760
0.0841379881436998
0.0000000000000000
0.0000000000000000
0.0000000000000000
0.0000000000000000
0.0000000000000000
0.0000000000000000
0.0000000000000000
0.0000000000000000
0.0000000000000000
0.0000000000000000
0.0000000000000000
0.0000000000000000
0.0000000000000000
0.0000000000000000
0.0000000000000000
0.0000000000000000
0.0102364236295654
0.0600055187248413
0.0977483038198710
0.1213850995743120
0.1311704644833065
0.1275023453629643
0.1114233592616873
0.0847844344894729
0.0000000000000000
0.0000000000000000
0.0000000000000000
0.0000000000000000
0.0000000000000000
0.0000000000000000
0.0000000000000000
0.0000000000000000
0.0000000000000000
0.0000000000000000
0.0000000000000000
0.0000000000000000
