0.0000000000000000
0.0000000000000000
0.0000000000000000
0.0000000000000000
0.0878722114551100
0.1438491839353982
0.1552806875164608
0.1426949043398999
0.1149128808353378
0.0775480195914125
0.0371092493330491
0.0370450850362427
0.0000000000000000
0.0000000000000000
0.0267566660718894
0.0206230936270580
0.0135619582262339
0.0056145668743456
0.0000000000000000
0.0000000000000000
0.0000000000000000
0.0000000000000000
0.0000000000000000
0.0000000000000000
0.0000000000000000
0.0000000000000000
0.0000000000000000
0.0000000000000000
0.0866905500026793
0.1434581557967128
0.1552198066696246
0.1428003080776921
0.1151065940769809
0.0777787005934512
0.0370869152874176
0.0370366658804004
0.0000000000000000
0.0000000000000000
0.0267770058615939
0.0206468114861232
0.0135857954341123
0.0056355001956339
0.0000000000000000
0.0000000000000000
0.0000000000000000
0.0000000000000000
0.0000000000000000
0.0000000000000000
0.0000000000000000
0.0000000000000000
0.0000000000000000
0.0000000000000000
0.0854589934891865
0.1430469198424137
0.1551468036259467
0.1428950013463894
0.1152888893173397
0.0779965732486094
0.0370626052374200
0.0370261076896243
0.0000000000000000
0.0000000000000000
0.0267943518262403
0.0206671484667597
0.0136057499010608
0.0056517315461908
0.0000000000000000
0.0000000000000000
0.0000000000000000
0.0000000000000000
0.0000000000000000
0.0000000000000000
0.0000000000000000
0.0000000000000000
0.0000000000000000
0.0000000000000000
0.0841770834920145
0.1426152634252419
0.1550614998461801
0.1429787576035144
0.1154595053155710
0.0782013703983361
0.0370363159677012
0.0370133953371295
0.0000000000000000
0.0000000000000000
0.0134043338120047
0.0206840672064802
0.0136217869929771
0.0056632300258647
0.0000000000000000
0.0000000000000000
0.0000000000000000
0.0000000000000000
0.0000000000000000
0.0000000000000000
0.0000000000000000
0.0000000000000000
0.0000000000000000
0.0000000000000000
0.0828443672505277
0.1421629642622785
0.1549637147308480
0.1430513518652476
0.1156181856592516
0.0783928328687778
0.0370080435861915
0.0369985133175279
0.0000000000000000
0.0000000000000000
0.0134099585583513
0.0206975315971839
0.0136338735451610
0.0056699664431287
0.0000000000000000
0.0000000000000000
0.0000000000000000
0.0000000000000000
0.0000000000000000
0.0000000000000000
0.0000000000000000
0.0000000000000000
0.0000000000000000
0.0000000000000000
0.0814604077148671
0.1416897915928194
0.1548532656079301
0.1431125599581799
0.1157646775507664
0.0785707079343364
0.0369777835407627
0.0369814457045511
0.0000000000000000
0.0000000000000000
0.0134140327361318
0.0207075065370948
0.0136419775687755
0.0056719129470036
0.0000000000000000
0.0000000000000000
0.0000000000000000
0.0000000000000000
0.0000000000000000
0.0000000000000000
0.0000000000000000
0.0000000000000000
0.0000000000000000
0.0000000000000000
0.0800247931203474
0.1411955069198875
0.1547299678281805
0.1431621582284900
0.1158987312363321
0.0787347485951104
0.0369455306310006
0.0369621761369744
0.0000000000000000
0.0000000000000000
0.0134165390996313
0.0207139578158262
0.0136460681114962
0.0056690428359961
0.0000000000000000
0.0000000000000000
0.0000000000000000
0.0000000000000000
0.0000000000000000
0.0000000000000000
0.0000000000000000
0.0000000000000000
0.0000000000000000
0.0000000000000000
0.0785371465064347
0.1406798644276325
0.1545936349627479
0.1431999236177195
0.1160201000356986
0.0788847135386712
0.0369112790204761
0.0369406878323823
0.0000000000000000
0.0000000000000000
0.0134174606877879
0.0207168521203860
0.0136461152489072
0.0056613305357567
0.0000000000000000
0.0000000000000000
0.0000000000000000
0.0000000000000000
0.0000000000000000
0.0000000000000000
0.0000000000000000
0.0000000000000000
0.0000000000000000
0.0000000000000000
0.0769971358392044
0.1401426112403550
0.1544440791072525
0.1432256340349806
0.1161285407535578
0.0790203675999343
0.0368750222604910
0.0369169636293046
0.0000000000000000
0.0000000000000000
0.0134167808662557
0.0207161571223546
0.0136420901764249
0.0056487516953563
0.0000000000000000
0.0000000000000000
0.0000000000000000
0.0000000000000000
0.0000000000000000
0.0000000000000000
0.0000000000000000
0.0000000000000000
0.0000000000000000
0.0000000000000000
0.0754044857025823
0.1395834877733439
0.1542811112903392
0.1432390688667812
0.1162238143001624
0.0791414824251332
0.0368367533315705
0.0368909860511520
0.0000000000000000
0.0000000000000000
0.0134144833860731
0.0207118416082194
0.0136339653383393
0.0056312833468958
0.0000000000000000
0.0000000000000000
0.0000000000000000
0.0000000000000000
0.0000000000000000
0.0000000000000000
0.0000000000000000
0.0000000000000000
0.0000000000000000
0.0000000000000000
0.0737589913539582
0.1390022283979007
0.1541045419731066
0.1432400094715049
0.1163056862059577
0.0792478370277987
0.0369011961755075
0.0368627373836613
0.0000000000000000
0.0000000000000000
0.0134105524344023
0.0207038755805511
0.0136217145338817
0.0056089040421970
0.0000000000000000
0.0000000000000000
0.0000000000000000
0.0000000000000000
0.0000000000000000
0.0000000000000000
0.0000000000000000
0.0000000000000000
0.0000000000000000
0.0000000000000000
0.0720605362909286
0.1383985626978241
0.1539141816284689
0.1432282394733350
0.1163739267757905
0.0793392178406466
0.0369760663137403
0.0368321997541193
0.0000000000000000
0.0000000000000000
0.0134049726514060
0.0206922302815459
0.0136053129221378
0.0055815938949082
0.0000000000000000
0.0000000000000000
0.0000000000000000
0.0000000000000000
0.0000000000000000
0.0000000000000000
0.0000000000000000
0.0000000000000000
0.0000000000000000
0.0000000000000000
0.0703091139817353
0.1377722175112942
0.1537098414090377
0.1432035447687958
0.1164283107084279
0.0794154181313197
0.0370346684039312
0.0367993552085984
0.0000000000000000
0.0000000000000000
0.0133977291056226
0.0206768781091009
0.0135847369129649
0.0055493344994589
0.0000000000000000
0.0000000000000000
0.0000000000000000
0.0000000000000000
0.0000000000000000
0.0000000000000000
0.0000000000000000
0.0000000000000000
0.0000000000000000
0.0000000000000000
0.0685048543131035
0.1371229198761717
0.1534913339610949
0.1431657132979077
0.1164686162758902
0.0794762368219409
0.0370768502920723
0.0367641857960759
0.0000000000000000
0.0000000000000000
0.0000000000000000
0.0206577924655829
0.0135599639773106
0.0055121087878270
0.0000000000000000
0.0000000000000000
0.0000000000000000
0.0000000000000000
0.0000000000000000
0.0000000000000000
0.0000000000000000
0.0000000000000000
0.0000000000000000
0.0000000000000000
0.0666480547987451
0.1364504008709913
0.1532584744922323
0.1431145348008644
0.1164946243334361
0.0795214771229196
0.0371024662303885
0.0367266736814501
0.0000000000000000
0.0000000000000000
0.0000000000000000
0.0206349476087493
0.0135309724673702
0.0054699009153988
0.0000000000000000
0.0000000000000000
0.0000000000000000
0.0000000000000000
0.0000000000000000
0.0000000000000000
0.0000000000000000
0.0000000000000000
0.0000000000000000
0.0000000000000000
0.0647392165314151
0.1357544003514250
0.1530110821881501
0.1430498007496244
0.1165061174868642
0.0795509452896802
0.0371113755443770
0.0366868013036016
0.0000000000000000
0.0000000000000000
0.0000000000000000
0.0206083185626455
0.0134977415028351
0.0054226962570819
0.0000000000000000
0.0000000000000000
0.0000000000000000
0.0000000000000000
0.0000000000000000
0.0000000000000000
0.0000000000000000
0.0000000000000000
0.0000000000000000
0.0000000000000000
0.0627790841818238
0.1350346722718578
0.1527489819310125
0.1429713045471011
0.1165028794980476
0.0795644496680398
0.0371034415591614
0.0366445515646060
0.0000000000000000
0.0000000000000000
0.0000000000000000
0.0205778810757081
0.0134602509086698
0.0053704814705454
0.0000000000000000
0.0000000000000000
0.0000000000000000
0.0000000000000000
0.0000000000000000
0.0000000000000000
0.0000000000000000
0.0000000000000000
0.0000000000000000
0.0000000000000000
0.0607686880550406
0.1342909898672518
0.1524720060156813
0.1428788418408680
0.1164846949153603
0.0795617999389203
0.0370785307021558
0.0365999079919642
0.0000000000000000
0.0000000000000000
0.0000000000000000
0.0205436115688744
0.0134184811214166
0.0053132445345258
0.0000000000000000
0.0000000000000000
0.0000000000000000
0.0000000000000000
0.0000000000000000
0.0000000000000000
0.0000000000000000
0.0000000000000000
0.0000000000000000
0.0000000000000000
0.0587093843794711
0.1335231492850025
0.1521799953530683
0.1427722108161049
0.1164513488582253
0.0795428065988166
0.0370365117508843
0.0365528547995959
0.0000000000000000
0.0000000000000000
0.0000000000000000
0.0205054870248221
0.0133724130211462
0.0052509746878022
0.0000000000000000
0.0000000000000000
0.0000000000000000
0.0000000000000000
0.0000000000000000
0.0000000000000000
0.0000000000000000
0.0000000000000000
0.0000000000000000
0.0000000000000000
0.0566028898203686
0.1327309701388481
0.1518727997060364
0.1426512124623031
0.1164026272675052
0.0795072810475176
0.0369772556815978
0.0365033768079045
0.0000000000000000
0.0000000000000000
0.0000000000000000
0.0204634848890077
0.0133220277566580
0.0051836623736955
0.0000000000000000
0.0000000000000000
0.0000000000000000
0.0000000000000000
0.0000000000000000
0.0000000000000000
0.0000000000000000
0.0000000000000000
0.0000000000000000
0.0000000000000000
0.0544513081631174
0.1319142923130285
0.1515502769149552
0.1425156511358489
0.1163383181307819
0.0794550370405830
0.0369006369425281
0.0364514592699383
0.0000000000000000
0.0000000000000000
0.0000000000000000
0.0204175831425407
0.0132673067830415
0.0051112994556736
0.0000000000000000
0.0000000000000000
0.0000000000000000
0.0000000000000000
0.0000000000000000
0.0000000000000000
0.0000000000000000
0.0000000000000000
0.0000000000000000
0.0000000000000000
0.0522571518286706
0.1310729698103842
0.1512122916263334
0.1423653358628798
0.1162582142175390
0.0793858940765301
0.0368065369395497
0.0363970877266396
0.0000000000000000
0.0000000000000000
0.0000000000000000
0.0203677607424758
0.0132082323235838
0.0050338800049098
0.0000000000000000
0.0000000000000000
0.0000000000000000
0.0000000000000000
0.0000000000000000
0.0000000000000000
0.0000000000000000
0.0000000000000000
0.0000000000000000
0.0000000000000000
0.0500233643281779
0.1302068639164632
0.1508587143609582
0.1422000826644888
0.1161621173442183
0.0792996827481171
0.0366948496996005
0.0363402480228583
0.0000000000000000
0.0000000000000000
0.0000000000000000
0.0203139984813196
0.0131447883371201
0.0049514017643311
0.0000000000000000
0.0000000000000000
0.0000000000000000
0.0000000000000000
0.0000000000000000
0.0000000000000000
0.0000000000000000
0.0000000000000000
0.0000000000000000
0.0000000000000000
0.0477533503804524
0.1293158379579012
0.1504894215349101
0.1420197176980934
0.1160498435316030
0.0791962510948012
0.0365654887823491
0.0362809265303802
0.0000000000000000
0.0000000000000000
0.0000000000000000
0.0202562801211757
0.0130769618016624
0.0048638680922038
0.0000000000000000
0.0000000000000000
0.0000000000000000
0.0000000000000000
0.0000000000000000
0.0000000000000000
0.0000000000000000
0.0000000000000000
0.0000000000000000
0.0000000000000000
0.0454510164576468
0.1283997547557476
0.1501042963868500
0.1418240805439135
0.1159212279034560
0.0790754705630712
0.0364183937162650
0.0362191104985093
0.0000000000000000
0.0000000000000000
0.0000000000000000
0.0201945934898229
0.0130047439512195
0.0047712899327376
0.0000000000000000
0.0000000000000000
0.0000000000000000
0.0000000000000000
0.0000000000000000
0.0000000000000000
0.0000000000000000
0.0000000000000000
0.0000000000000000
0.0000000000000000
0.0431208195283968
0.1274584760186327
0.1497032301276948
0.1416130267488921
0.1157761282436564
0.0789372401849229
0.0362535344869839
0.0361547883716887
0.0000000000000000
0.0000000000000000
0.0000000000000000
0.0201289312222988
0.0129281310931814
0.0046736873850299
0.0000000000000000
0.0000000000000000
0.0000000000000000
0.0000000000000000
0.0000000000000000
0.0000000000000000
0.0000000000000000
0.0000000000000000
0.0000000000000000
0.0000000000000000
0.0407678187575189
0.1264918620404246
0.1492861224759245
0.1413864290319128
0.1156144265859492
0.0787814883637224
0.0360709132977036
0.0360879499377950
0.0000000000000000
0.0000000000000000
0.0000000000000000
0.0200592909950132
0.0128471248299821
0.0045710906541139
0.0000000000000000
0.0000000000000000
0.0000000000000000
0.0000000000000000
0.0000000000000000
0.0000000000000000
0.0000000000000000
0.0000000000000000
0.0000000000000000
0.0000000000000000
0.0383977259721787
0.1254997705213033
0.1488528811973212
0.1411441770823454
0.1154360289910694
0.0786081724520228
0.0358705638964354
0.0360185862756351
0.0000000000000000
0.0000000000000000
0.0000000000000000
0.0199856753013713
0.0127617317557978
0.0044635405122511
0.0000000000000000
0.0000000000000000
0.0000000000000000
0.0000000000000000
0.0000000000000000
0.0000000000000000
0.0000000000000000
0.0000000000000000
0.0000000000000000
0.0000000000000000
0.0360169535647680
0.1244820546982292
0.1484034209213304
0.1408861763810896
0.1152408640662217
0.0784172768913287
0.0357177947976482
0.0359466895806216
0.0000000000000000
0.0000000000000000
0.0000000000000000
0.0199080909693506
0.0126719628627788
0.0043510885751017
0.0000000000000000
0.0000000000000000
0.0000000000000000
0.0000000000000000
0.0000000000000000
0.0000000000000000
0.0000000000000000
0.0000000000000000
0.0000000000000000
0.0000000000000000
0.0336326605203504
0.1234385618513649
0.1479376618899432
0.1406123466685292
0.1150288809462863
0.0782088107054858
0.0356378970692621
0.0358722529826522
0.0000000000000000
0.0000000000000000
0.0000000000000000
0.0198265486178925
0.0125778328907243
0.0042337977114882
0.0000000000000000
0.0000000000000000
0.0000000000000000
0.0000000000000000
0.0000000000000000
0.0000000000000000
0.0000000000000000
0.0000000000000000
0.0000000000000000
0.0000000000000000
0.0312527955883853
0.1223691332005148
0.1474555291499480
0.1403226204896230
0.1148000472234997
0.0779828049216943
0.0355558692706277
0.0357952704293518
0.0000000000000000
0.0000000000000000
0.0000000000000000
0.0197410621662309
0.0124793597420639
0.0041117427600619
0.0000000000000000
0.0000000000000000
0.0000000000000000
0.0000000000000000
0.0000000000000000
0.0000000000000000
