0.0000000000000000
0.0000000000000000
0.0000000000000000
0.0000000000000000
0.0255082564483381
0.0642141086992454
0.0942843198277845
0.1128720193529376
0.1190141715925332
0.1127276305537754
0.0949455370414031
0.0674892957826120
0.0000000000000000
0.0000000000000000
0.0000000000000000
0.0000000000000000
0.0000000000000000
0.0000000000000000
0.0000000000000000
0.0000000000000000
0.0000000000000000
0.0000000000000000
0.0000000000000000
0.0000000000000000
0.0000000000000000
0.0000000000000000
0.0000000000000000
0.0000000000000000
0.0251411202600572
0.0640185693997871
0.0942443425104326
0.1129671577153928
0.1192278785173903
0.1130415337156336
0.0953373265039192
0.0679324337190623
0.0000000000000000
0.0000000000000000
0.0000000000000000
0.0000000000000000
0.0000000000000000
0.0000000000000000
0.0000000000000000
0.0000000000000000
0.0000000000000000
0.0000000000000000
0.0000000000000000
0.0000000000000000
0.0000000000000000
0.0000000000000000
0.0000000000000000
0.0000000000000000
0.0247688269697494
0.0638299394999790
0.0942172613939165
0.1130777528210225
0.1194577675453082
0.1133712171711197
0.0957437733290936
0.0683886901589475
0.0000000000000000
0.0000000000000000
0.0000000000000000
0.0000000000000000
0.0000000000000000
0.0000000000000000
0.0000000000000000
0.0000000000000000
0.0000000000000000
0.0000000000000000
0.0000000000000000
0.0000000000000000
0.0000000000000000
0.0000000000000000
0.0000000000000000
0.0000000000000000
0.0243909495337116
0.0636480324658624
0.0942029451150672
0.1132036325874003
0.1197036018446240
0.1137163813137333
0.0961645292549320
0.0688576889961109
0.0000000000000000
0.0000000000000000
0.0000000000000000
0.0000000000000000
0.0000000000000000
0.0000000000000000
0.0000000000000000
0.0000000000000000
0.0000000000000000
0.0000000000000000
0.0000000000000000
0.0000000000000000
0.0000000000000000
0.0000000000000000
0.0000000000000000
0.0000000000000000
0.0240070249784729
0.0634726362534432
0.0942012440561443
0.1133446095245126
0.1199651314527911
0.1140767158939326
0.0965992381206950
0.0693390490797231
0.0000000000000000
0.0000000000000000
0.0000000000000000
0.0000000000000000
0.0000000000000000
0.0000000000000000
0.0000000000000000
0.0000000000000000
0.0000000000000000
0.0000000000000000
0.0000000000000000
0.0000000000000000
0.0000000000000000
0.0000000000000000
0.0000000000000000
0.0000000000000000
0.0236165576120789
0.0633035150166835
0.0942119918641640
0.1135004818641677
0.1202420939576949
0.1144519002601595
0.0970475357181941
0.0698323837230129
0.0000000000000000
0.0000000000000000
0.0000000000000000
0.0000000000000000
0.0000000000000000
0.0000000000000000
0.0000000000000000
0.0000000000000000
0.0000000000000000
0.0000000000000000
0.0000000000000000
0.0000000000000000
0.0000000000000000
0.0000000000000000
0.0000000000000000
0.0000000000000000
0.0232190218007906
0.0631404101177507
0.0942350064547973
0.1136710343686981
0.1205342150938729
0.1148416037393889
0.0975090499614638
0.0703373007192332
0.0000000000000000
0.0000000000000000
0.0000000000000000
0.0000000000000000
0.0000000000000000
0.0000000000000000
0.0000000000000000
0.0000000000000000
0.0000000000000000
0.0000000000000000
0.0000000000000000
0.0000000000000000
0.0000000000000000
0.0000000000000000
0.0000000000000000
0.0000000000000000
0.0228138644967734
0.0629830405190508
0.0942700905072703
0.1138560388109621
0.1208412091805118
0.1152454860366524
0.0979834012578751
0.0708534026505190
0.0000000000000000
0.0000000000000000
0.0000000000000000
0.0000000000000000
0.0000000000000000
0.0000000000000000
0.0000000000000000
0.0000000000000000
0.0000000000000000
0.0000000000000000
0.0000000000000000
0.0000000000000000
0.0000000000000000
0.0000000000000000
0.0000000000000000
0.0000000000000000
0.0224005077849923
0.0628311026888364
0.0943170315436918
0.1140552541097173
0.1211627793311559
0.1156631975197924
0.0984702028481433
0.0713802872967124
0.0000000000000000
0.0000000000000000
0.0000000000000000
0.0000000000000000
0.0000000000000000
0.0000000000000000
0.0000000000000000
0.0000000000000000
0.0000000000000000
0.0000000000000000
0.0000000000000000
0.0000000000000000
0.0000000000000000
0.0000000000000000
0.0000000000000000
0.0000000000000000
0.0219783518653532
0.0626842702920473
0.0943756017286114
0.1142684262083364
0.1214986174217524
0.1160943792884523
0.0989690609802545
0.0719175478663441
0.0000000000000000
0.0000000000000000
0.0000000000000000
0.0000000000000000
0.0000000000000000
0.0000000000000000
0.0000000000000000
0.0000000000000000
0.0000000000000000
0.0000000000000000
0.0000000000000000
0.0000000000000000
0.0000000000000000
0.0000000000000000
0.0000000000000000
0.0000000000000000
0.0215467788371870
0.0625421939554753
0.0944455576580879
0.1144952878333269
0.1218484038667289
0.1165386629878066
0.0994795747517780
0.0724647728816140
0.0000000000000000
0.0000000000000000
0.0000000000000000
0.0000000000000000
0.0000000000000000
0.0000000000000000
0.0000000000000000
0.0000000000000000
0.0000000000000000
0.0000000000000000
0.0000000000000000
0.0000000000000000
0.0000000000000000
0.0000000000000000
0.0000000000000000
0.0000000000000000
0.0211051578034591
0.0624045014786880
0.0945266403770636
0.1147355583247861
0.1222118072886355
0.1169956703416091
0.1000013355376135
0.0730215455050212
0.0000000000000000
0.0000000000000000
0.0000000000000000
0.0000000000000000
0.0000000000000000
0.0000000000000000
0.0000000000000000
0.0000000000000000
0.0000000000000000
0.0000000000000000
0.0000000000000000
0.0000000000000000
0.0000000000000000
0.0000000000000000
0.0000000000000000
0.0000000000000000
0.0206528515869245
0.0622707987263816
0.0946185758580337
0.1149889436624209
0.1225884841480887
0.1174650124296077
0.1005339259497054
0.0735874422552478
0.0000000000000000
0.0000000000000000
0.0000000000000000
0.0000000000000000
0.0000000000000000
0.0000000000000000
0.0000000000000000
0.0000000000000000
0.0000000000000000
0.0000000000000000
0.0000000000000000
0.0000000000000000
0.0000000000000000
0.0000000000000000
0.0000000000000000
0.0000000000000000
0.0201892252588563
0.0621406712282025
0.0947210758780866
0.1152551366607254
0.1229780783043036
0.1179462886752290
0.1010769183418272
0.0741620311224476
0.0000000000000000
0.0000000000000000
0.0000000000000000
0.0000000000000000
0.0000000000000000
0.0000000000000000
0.0000000000000000
0.0000000000000000
0.0000000000000000
0.0000000000000000
0.0000000000000000
0.0000000000000000
0.0000000000000000
0.0000000000000000
0.0000000000000000
0.0000000000000000
0.0197136564282335
0.0620136862301076
0.0948338390855504
0.1155338171198492
0.1233802203675179
0.1184390854952669
0.1016298728588719
0.0747448691764720
0.0000000000000000
0.0000000000000000
0.0000000000000000
0.0000000000000000
0.0000000000000000
0.0000000000000000
0.0000000000000000
0.0000000000000000
0.0000000000000000
0.0000000000000000
0.0000000000000000
0.0000000000000000
0.0000000000000000
0.0000000000000000
0.0000000000000000
0.0000000000000000
0.0192255472580634
0.0618893949753711
0.0949565519776422
0.1158246517561192
0.1237945267363004
0.1189429745849558
0.1021923351229994
0.0753354997986863
0.0000000000000000
0.0000000000000000
0.0000000000000000
0.0000000000000000
0.0000000000000000
0.0000000000000000
0.0000000000000000
0.0000000000000000
0.0000000000000000
0.0000000000000000
0.0000000000000000
0.0000000000000000
0.0000000000000000
0.0000000000000000
0.0000000000000000
0.0000000000000000
0.0187243381011161
0.0617673350399255
0.0950888897830247
0.1161272939784356
0.1242205985088439
0.1194575111227768
0.1027638338787007
0.0759334499518999
0.0000000000000000
0.0000000000000000
0.0000000000000000
0.0000000000000000
0.0000000000000000
0.0000000000000000
0.0000000000000000
0.0000000000000000
0.0000000000000000
0.0000000000000000
0.0000000000000000
0.0000000000000000
0.0000000000000000
0.0000000000000000
0.0000000000000000
0.0000000000000000
0.0182095224225598
0.0616470327504125
0.0952305175046600
0.1164413840040783
0.1246580208871504
0.1199822326168642
0.1033438794096717
0.0765382282754008
0.0000000000000000
0.0000000000000000
0.0000000000000000
0.0000000000000000
0.0000000000000000
0.0000000000000000
0.0000000000000000
0.0000000000000000
0.0000000000000000
0.0000000000000000
0.0000000000000000
0.0000000000000000
0.0000000000000000
0.0000000000000000
0.0000000000000000
0.0000000000000000
0.0176806621212657
0.0615280054441398
0.0953810914079547
0.1167665498800203
0.1251063638908390
0.1205166593753422
0.1039319638015745
0.0771493251902417
0.0000000000000000
0.0000000000000000
0.0000000000000000
0.0000000000000000
0.0000000000000000
0.0000000000000000
0.0000000000000000
0.0000000000000000
0.0000000000000000
0.0000000000000000
0.0000000000000000
0.0000000000000000
0.0000000000000000
0.0000000000000000
0.0000000000000000
0.0000000000000000
0.0171374021214445
0.0614097629307189
0.0955402607739097
0.1171024095912830
0.1255651847913280
0.1210602972054497
0.1045275638215438
0.0777662158296397
0.0000000000000000
0.0000000000000000
0.0000000000000000
0.0000000000000000
0.0000000000000000
0.0000000000000000
0.0000000000000000
0.0000000000000000
0.0000000000000000
0.0000000000000000
0.0000000000000000
0.0000000000000000
0.0000000000000000
0.0000000000000000
0.0000000000000000
0.0000000000000000
0.0165794833775270
0.0612918072878884
0.0957076691832344
0.1174485735985219
0.1260340317467599
0.1216126419579511
0.1051301461365917
0.0783883656901007
0.0000000000000000
0.0000000000000000
0.0000000000000000
0.0000000000000000
0.0000000000000000
0.0000000000000000
0.0000000000000000
0.0000000000000000
0.0000000000000000
0.0000000000000000
0.0000000000000000
0.0000000000000000
0.0000000000000000
0.0000000000000000
0.0000000000000000
0.0000000000000000
0.0160067547585815
0.0611736303065171
0.0958829542539055
0.1178046465401156
0.1265124472324972
0.1221731844428861
0.1057391734287305
0.0790152375540197
0.0000000000000000
0.0000000000000000
0.0000000000000000
0.0000000000000000
0.0000000000000000
0.0000000000000000
0.0000000000000000
0.0000000000000000
0.0000000000000000
0.0000000000000000
0.0000000000000000
0.0000000000000000
0.0000000000000000
0.0000000000000000
0.0000000000000000
0.0000000000000000
0.0154191854974806
0.0610547088575195
0.0960657452622936
0.1181702269557304
0.1269999697548935
0.1227414139506862
0.1063541094244218
0.0796462976692707
0.0000000000000000
0.0000000000000000
0.0000000000000000
0.0000000000000000
0.0000000000000000
0.0000000000000000
0.0000000000000000
0.0000000000000000
0.0000000000000000
0.0000000000000000
0.0000000000000000
0.0000000000000000
0.0000000000000000
0.0000000000000000
0.0000000000000000
0.0000000000000000
0.0148168805573298
0.0609344992552938
0.0962556590017912
0.1185449048700346
0.1274961332334549
0.1233168193757830
0.1069744215882372
0.0802810196747478
0.0000000000000000
0.0000000000000000
0.0000000000000000
0.0000000000000000
0.0000000000000000
0.0000000000000000
0.0000000000000000
0.0000000000000000
0.0000000000000000
0.0000000000000000
0.0000000000000000
0.0000000000000000
0.0000000000000000
0.0000000000000000
0.0000000000000000
0.0000000000000000
0.0142001004510858
0.0608124322004557
0.0964522951806563
0.1189282582688783
0.1280004648058055
0.1238988884078472
0.1075995816008836
0.0809188861811772
0.0000000000000000
0.0000000000000000
0.0000000000000000
0.0000000000000000
0.0000000000000000
0.0000000000000000
0.0000000000000000
0.0000000000000000
0.0000000000000000
0.0000000000000000
0.0000000000000000
0.0000000000000000
0.0000000000000000
0.0000000000000000
0.0000000000000000
0.0000000000000000
0.0135692855989124
0.0606879094320479
0.0966552329438475
0.1193198501537970
0.1285124826887488
0.1244871062872338
0.1082290649842671
0.0815593891183877
0.0000000000000000
0.0000000000000000
0.0000000000000000
0.0000000000000000
0.0000000000000000
0.0000000000000000
0.0000000000000000
0.0000000000000000
0.0000000000000000
0.0000000000000000
0.0000000000000000
0.0000000000000000
0.0000000000000000
0.0000000000000000
0.0000000000000000
0.0000000000000000
0.0129250840548881
0.0605603024328773
0.0968640294561273
0.1197192274496466
0.1290316955220807
0.1250809555934833
0.1088623512749932
0.0822020302206498
0.0000000000000000
0.0000000000000000
0.0000000000000000
0.0000000000000000
0.0000000000000000
0.0000000000000000
0.0000000000000000
0.0000000000000000
0.0000000000000000
0.0000000000000000
0.0000000000000000
0.0000000000000000
0.0000000000000000
0.0000000000000000
0.0000000000000000
0.0000000000000000
0.0122683812925321
0.0604289527606451
0.0970782205846982
0.1201259219787647
0.1295576035405576
0.1256799175074644
0.1094989252782981
0.0828463221683979
0.0000000000000000
0.0000000000000000
0.0000000000000000
0.0000000000000000
0.0000000000000000
0.0000000000000000
0.0000000000000000
0.0000000000000000
0.0000000000000000
0.0000000000000000
0.0000000000000000
0.0000000000000000
0.0000000000000000
0.0000000000000000
0.0000000000000000
0.0000000000000000
0.0116003313024463
0.0602931733784841
0.0972973228821990
0.1205394527286117
0.1300897008353098
0.1262834738850954
0.1101382788256475
0.0834917899772750
0.0000000000000000
0.0000000000000000
0.0000000000000000
0.0000000000000000
0.0000000000000000
0.0000000000000000
0.0000000000000000
0.0000000000000000
0.0000000000000000
0.0000000000000000
0.0000000000000000
0.0000000000000000
0.0000000000000000
0.0000000000000000
0.0000000000000000
0.0000000000000000
0.0109223888851519
0.0601522504873438
0.0975208360070409
0.1209593283323345
0.1306274775978803
0.1268911090761426
0.1107799120787224
0.0841379717446737
0.0000000000000000
0.0000000000000000
0.0000000000000000
0.0000000000000000
0.0000000000000000
0.0000000000000000
0.0000000000000000
0.0000000000000000
0.0000000000000000
0.0000000000000000
0.0000000000000000
0.0000000000000000
0.0000000000000000
0.0000000000000000
0.0000000000000000
0.0000000000000000
0.0102363426514741
0.0600054457173323
0.0977482450057872
0.1213850491104235
0.1311704216745172
0.1275023108798627
0.1114233338399698
0.0847844183729888
0.0000000000000000
0.0000000000000000
0.0000000000000000
0.0000000000000000
0.0000000000000000
0.0000000000000000
0.0000000000000000
0.0000000000000000
0.0000000000000000
0.0000000000000000
0.0000000000000000
0.0000000000000000
