0.0000000000000000
0.0000000000000000
0.0000000000000000
0.0000000000000000
0.0878717907235580
0.1438490536684653
0.1552806998706788
0.1426950025453995
0.1149130347118350
0.0000000000000000
0.0000000000000000
0.0000000000000000
0.0352070779243488
0.0317081781518438
0.0267566915455561
0.0206231236833402
0.0135619919489473
0.0056146046849535
0.0000000000000000
0.0000000000000000
0.0000000000000000
0.0000000000000000
0.0000000000000000
0.0000000000000000
0.0000000000000000
0.0000000000000000
0.0000000000000000
0.0000000000000000
0.0866901239739755
0.1434580233212263
0.1552198179965661
0.1428004057311998
0.1151067476764900
0.0000000000000000
0.0000000000000000
0.0000000000000000
0.0352108966717960
0.0317217801386463
0.0267770313141657
0.0206468415367997
0.0135858291650356
0.0056355380346537
0.0000000000000000
0.0000000000000000
0.0000000000000000
0.0000000000000000
0.0000000000000000
0.0000000000000000
0.0000000000000000
0.0000000000000000
0.0000000000000000
0.0000000000000000
0.0854585619784931
0.1430467850895444
0.1551468139100931
0.1428950984481012
0.1152890426453262
0.0000000000000000
0.0000000000000000
0.0000000000000000
0.0352123447956566
0.0317327233907114
0.0267943772594479
0.0206671785138565
0.0136057836430909
0.0056517694174785
0.0000000000000000
0.0000000000000000
0.0000000000000000
0.0000000000000000
0.0000000000000000
0.0000000000000000
0.0000000000000000
0.0000000000000000
0.0000000000000000
0.0000000000000000
0.0841766463191976
0.1426151263253932
0.1550615090721961
0.1429788541538441
0.1154596583775992
0.0000000000000000
0.0000000000000000
0.0000000000000000
0.0352113972357609
0.0317409755458750
0.0268086928230455
0.0206840972520172
0.0136218207489893
0.0056632679332966
0.0000000000000000
0.0000000000000000
0.0000000000000000
0.0000000000000000
0.0000000000000000
0.0000000000000000
0.0000000000000000
0.0000000000000000
0.0000000000000000
0.0000000000000000
0.0828439242412689
0.1421628247450250
0.1549637228835622
0.1430514478648112
0.1156183384609696
0.0000000000000000
0.0000000000000000
0.0000000000000000
0.0352080289264692
0.0317465046595283
0.0268199423034337
0.0206975616431738
0.0136339073180088
0.0056700043905865
0.0000000000000000
0.0000000000000000
0.0000000000000000
0.0000000000000000
0.0000000000000000
0.0000000000000000
0.0000000000000000
0.0000000000000000
0.0000000000000000
0.0000000000000000
0.0814599587019749
0.1416896495868540
0.1548532726723198
0.1431126554077831
0.1157648300978930
0.0000000000000000
0.0000000000000000
0.0000000000000000
0.0352022146966504
0.0317492790492462
0.0268280906485498
0.0207075365855414
0.0136420113612908
0.0056719509383612
0.0000000000000000
0.0000000000000000
0.0000000000000000
0.0000000000000000
0.0000000000000000
0.0000000000000000
0.0000000000000000
0.0000000000000000
0.0000000000000000
0.0000000000000000
0.0800243379452912
0.1411953623529699
0.1547299737893586
0.1431622531291171
0.1158988835346434
0.0000000000000000
0.0000000000000000
0.0000000000000000
0.0351939292284213
0.0317492672275624
0.0268331033669667
0.0207139878687230
0.0136461019264897
0.0056690808751057
0.0000000000000000
0.0000000000000000
0.0000000000000000
0.0000000000000000
0.0000000000000000
0.0000000000000000
0.0000000000000000
0.0000000000000000
0.0000000000000000
0.0000000000000000
0.0785366850211222
0.1406797172265418
0.1545936398059503
0.1432000179705224
0.1160202520910179
0.0000000000000000
0.0000000000000000
0.0000000000000000
0.0351831470717148
0.0317464379160901
0.0268349465365605
0.0207168821797153
0.0136461490891686
0.0056613686264349
0.0000000000000000
0.0000000000000000
0.0000000000000000
0.0000000000000000
0.0000000000000000
0.0000000000000000
0.0000000000000000
0.0000000000000000
0.0000000000000000
0.0000000000000000
0.0769966679080319
0.1401424613308409
0.1544440828178261
0.1432257278412682
0.1161286925717423
0.0000000000000000
0.0000000000000000
0.0000000000000000
0.0351698427026699
0.0317407601167361
0.0268335868886390
0.0207161871900857
0.0136421240447238
0.0056487898413701
0.0000000000000000
0.0000000000000000
0.0000000000000000
0.0000000000000000
0.0000000000000000
0.0000000000000000
0.0000000000000000
0.0000000000000000
0.0000000000000000
0.0000000000000000
0.0754040112047969
0.1395833350800783
0.1542811138537284
0.1432391621280081
0.1162239658870911
0.0000000000000000
0.0000000000000000
0.0000000000000000
0.0351539906091703
0.0317322032168645
0.0268289919252758
0.0207118716863079
0.0136339992374250
0.0056313215519476
0.0000000000000000
0.0000000000000000
0.0000000000000000
0.0000000000000000
0.0000000000000000
0.0000000000000000
0.0000000000000000
0.0000000000000000
0.0000000000000000
0.0000000000000000
0.0737585101863694
0.1390020728444325
0.1541045433748409
0.1432401021892597
0.1163058375675193
0.0000000000000000
0.0000000000000000
0.0000000000000000
0.0351355653775742
0.0317207370830205
0.0268211300207909
0.0207039056709372
0.0136217484664844
0.0056089423099079
0.0000000000000000
0.0000000000000000
0.0000000000000000
0.0000000000000000
0.0000000000000000
0.0000000000000000
0.0000000000000000
0.0000000000000000
0.0000000000000000
0.0000000000000000
0.0720600483710258
0.1383984042065380
0.1539141818541517
0.1432283316493295
0.1163740779178708
0.0000000000000000
0.0000000000000000
0.0000000000000000
0.0351145417580348
0.0317063321114997
0.0268099704555033
0.0206922603861535
0.0136053468909683
0.0055816322288005
0.0000000000000000
0.0000000000000000
0.0000000000000000
0.0000000000000000
0.0000000000000000
0.0000000000000000
0.0000000000000000
0.0000000000000000
0.0000000000000000
0.0000000000000000
0.0703086192512646
0.1377720560033803
0.1537098404443400
0.1432036364048567
0.1164284616368989
0.0000000000000000
0.0000000000000000
0.0000000000000000
0.0350908946945262
0.0316889592149413
0.0267954833664824
0.0206769082298361
0.0135847709207159
0.0055493729029358
0.0000000000000000
0.0000000000000000
0.0000000000000000
0.0000000000000000
0.0000000000000000
0.0000000000000000
0.0000000000000000
0.0000000000000000
0.0000000000000000
0.0000000000000000
0.0685043527421536
0.1371227552716111
0.1534913317917545
0.1431658043959713
0.1164687669966012
0.0000000000000000
0.0000000000000000
0.0000000000000000
0.0350645993382615
0.0316685897695459
0.0267776396368398
0.0206578226043331
0.0135599980266572
0.0055121472641509
0.0000000000000000
0.0000000000000000
0.0000000000000000
0.0000000000000000
0.0000000000000000
0.0000000000000000
0.0000000000000000
0.0000000000000000
0.0000000000000000
0.0000000000000000
0.0666475463904136
0.1364502330885604
0.1532584711040621
0.1431146253629760
0.1164947748522073
0.0000000000000000
0.0000000000000000
0.0000000000000000
0.0350356310756151
0.0316451955695592
0.0267564107930085
0.0206349777673824
0.0135310065609706
0.0054699394676658
0.0000000000000000
0.0000000000000000
0.0000000000000000
0.0000000000000000
0.0000000000000000
0.0000000000000000
0.0000000000000000
0.0000000000000000
0.0000000000000000
0.0000000000000000
0.0647387013271001
0.1357542293087270
0.1530110775670551
0.1430498907779426
0.1165062678094829
0.0000000000000000
0.0000000000000000
0.0000000000000000
0.0350039656031756
0.0316187488302497
0.0267317689499138
0.0206083487430091
0.0134977756433320
0.0054227348881929
0.0000000000000000
0.0000000000000000
0.0000000000000000
0.0000000000000000
0.0000000000000000
0.0000000000000000
0.0000000000000000
0.0000000000000000
0.0000000000000000
0.0000000000000000
0.0627785622671963
0.1350344978853789
0.1527489760630173
0.1429713940439066
0.1165030296302669
0.0000000000000000
0.0000000000000000
0.0000000000000000
0.0349695790382257
0.0315892222325508
0.0267036868065348
0.0205779112796292
0.0134602850986910
0.0053705201831731
0.0000000000000000
0.0000000000000000
0.0000000000000000
0.0000000000000000
0.0000000000000000
0.0000000000000000
0.0000000000000000
0.0000000000000000
0.0000000000000000
0.0000000000000000
0.0607681595667343
0.1342908120524466
0.1524719988869667
0.1428789308085772
0.1164848448629003
0.0000000000000000
0.0000000000000000
0.0000000000000000
0.0349324480150206
0.0315565889595218
0.0266721376315330
0.0205436417981583
0.0134185153635767
0.0053132833310763
0.0000000000000000
0.0000000000000000
0.0000000000000000
0.0000000000000000
0.0000000000000000
0.0000000000000000
0.0000000000000000
0.0000000000000000
0.0000000000000000
0.0000000000000000
0.0587088495125030
0.1335229679563973
0.1521799869500136
0.1427722992572859
0.1164514986267754
0.0000000000000000
0.0000000000000000
0.0000000000000000
0.0348925497064644
0.0315208226779325
0.0266370952025488
0.0205055172812528
0.0133724473180477
0.0052510135703713
0.0000000000000000
0.0000000000000000
0.0000000000000000
0.0000000000000000
0.0000000000000000
0.0000000000000000
0.0000000000000000
0.0000000000000000
0.0000000000000000
0.0000000000000000
0.0566023488362957
0.1327307852101497
0.1518727900152614
0.1426513003796918
0.1164027768627281
0.0000000000000000
0.0000000000000000
0.0000000000000000
0.0348498617640027
0.0314818974827557
0.0265985337383639
0.0204635151743475
0.0133220621108938
0.0051837013440182
0.0000000000000000
0.0000000000000000
0.0000000000000000
0.0000000000000000
0.0000000000000000
0.0000000000000000
0.0000000000000000
0.0000000000000000
0.0000000000000000
0.0000000000000000
0.0544507613989104
0.1319141036972190
0.1515502659233546
0.1425157385323612
0.1163384675583152
0.0000000000000000
0.0000000000000000
0.0000000000000000
0.0348043622503499
0.0314397879129912
0.0265564279643903
0.0204176134585306
0.0132673411971970
0.0051113385150655
0.0000000000000000
0.0000000000000000
0.0000000000000000
0.0000000000000000
0.0000000000000000
0.0000000000000000
0.0000000000000000
0.0000000000000000
0.0000000000000000
0.0000000000000000
0.0522565997063157
0.1310727774197861
0.1512122793210945
0.1423654227416141
0.1162583634829922
0.0000000000000000
0.0000000000000000
0.0000000000000000
0.0347560296975882
0.0313944691790395
0.0265107534701017
0.0203677910908353
0.0132082668002398
0.0050339191541997
0.0000000000000000
0.0000000000000000
0.0000000000000000
0.0000000000000000
0.0000000000000000
0.0000000000000000
0.0000000000000000
0.0000000000000000
0.0000000000000000
0.0000000000000000
0.0500228073650025
0.1302066676627664
0.1508587007295599
0.1422001690287192
0.1161622664531642
0.0000000000000000
0.0000000000000000
0.0000000000000000
0.0347048433878175
0.0313459176819115
0.0264614874220288
0.0203140288637465
0.0131448228788551
0.0049514410037811
0.0000000000000000
0.0000000000000000
0.0000000000000000
0.0000000000000000
0.0000000000000000
0.0000000000000000
0.0000000000000000
0.0000000000000000
0.0000000000000000
0.0000000000000000
0.0477527892001809
0.1293156377521606
0.1504894065651041
0.1420198035512500
0.1160499924895610
0.0000000000000000
0.0000000000000000
0.0000000000000000
0.0346507838475452
0.0312941117532409
0.0264086095207622
0.0202563105393449
0.0130769964110541
0.0048639074214160
0.0000000000000000
0.0000000000000000
0.0000000000000000
0.0000000000000000
0.0000000000000000
0.0000000000000000
0.0000000000000000
0.0000000000000000
0.0000000000000000
0.0000000000000000
0.0454504518021485
0.1283995505083642
0.1501042800666291
0.1418241658895542
0.1159213767158703
0.0000000000000000
0.0000000000000000
0.0000000000000000
0.0345938334123650
0.0312390324235481
0.0263521029445403
0.0201946239453847
0.0130047786308461
0.0047713293505434
0.0000000000000000
0.0000000000000000
0.0000000000000000
0.0000000000000000
0.0000000000000000
0.0000000000000000
0.0000000000000000
0.0000000000000000
0.0000000000000000
0.0000000000000000
0.0431202522700106
0.1274582676393280
0.1497032124452532
0.1416131115906695
0.1157762769158684
0.0000000000000000
0.0000000000000000
0.0000000000000000
0.0345339766721256
0.0311806639812902
0.0262919550104568
0.0201289617168765
0.0129281658456213
0.0046737268893624
0.0000000000000000
0.0000000000000000
0.0000000000000000
0.0000000000000000
0.0000000000000000
0.0000000000000000
0.0000000000000000
0.0000000000000000
0.0000000000000000
0.0000000000000000
0.0407672499117570
0.1264916494382148
0.1492861034196145
0.1413865133735369
0.1156145751231704
0.0000000000000000
0.0000000000000000
0.0000000000000000
0.0344712006579438
0.0311189941899745
0.0262281574043986
0.0200593215302010
0.0128471596578153
0.0045711302418576
0.0000000000000000
0.0000000000000000
0.0000000000000000
0.0000000000000000
0.0000000000000000
0.0000000000000000
0.0000000000000000
0.0000000000000000
0.0000000000000000
0.0000000000000000
0.0383971567105127
0.1254995536044703
0.1488528607556072
0.1411442609275468
0.1154361773983523
0.0000000000000000
0.0000000000000000
0.0000000000000000
0.0344054947659181
0.0310540141736164
0.0261607060202390
0.0199857058787320
0.0127617666616058
0.0044635801790691
0.0000000000000000
0.0000000000000000
0.0000000000000000
0.0000000000000000
0.0000000000000000
0.0000000000000000
0.0000000000000000
0.0000000000000000
0.0000000000000000
0.0000000000000000
0.0360163852270709
0.1244818333742924
0.1484033990827421
0.1408862597335836
0.1152410123484348
0.0000000000000000
0.0000000000000000
0.0000000000000000
0.0343368505199943
0.0309857181063212
0.0260896005645730
0.0199081215904144
0.0126719978491462
0.0043511283152336
0.0000000000000000
0.0000000000000000
0.0000000000000000
0.0000000000000000
0.0000000000000000
0.0000000000000000
0.0000000000000000
0.0000000000000000
0.0000000000000000
0.0000000000000000
0.0336320946264344
0.1234383360270499
0.1479376386430282
0.1406124295319811
0.1150290291080881
0.0000000000000000
0.0000000000000000
0.0000000000000000
0.0342652613066544
0.0309141028556123
0.0260148441098810
0.0198265792841554
0.0125778679602407
0.0042338375175161
0.0000000000000000
0.0000000000000000
0.0000000000000000
0.0000000000000000
0.0000000000000000
0.0000000000000000
0.0000000000000000
0.0000000000000000
0.0000000000000000
0.0000000000000000
0.0312522338478631
0.1223689027817350
0.1474555044832283
0.1403227028676170
0.1148001952693186
0.0000000000000000
0.0000000000000000
0.0000000000000000
0.0341907221606594
0.0308391676715867
0.0259364426879771
0.0197410928791541
0.0124793948973259
0.0041117826226369
0.0000000000000000
0.0000000000000000
0.0000000000000000
0.0000000000000000
0.0000000000000000
0.0000000000000000
