0.0000000000000000
0.0000000000000000
0.0000000000000000
0.0000000000000000
0.0878719475387907
0.1438491029414352
0.1552806958026113
0.1426949662217702
0.1149129774337197
0.0775481366365660
0.0000000000000000
0.0000000000000000
0.0000000000000000
0.0158540853955201
0.0267566818169854
0.0206231120614359
0.0135619787571372
0.0056145897080705
0.0000000000000000
0.0000000000000000
0.0000000000000000
0.0000000000000000
0.0000000000000000
0.0000000000000000
0.0000000000000000
0.0000000000000000
0.0000000000000000
0.0000000000000000
0.0866902827625756
0.1434580734263322
0.1552198143175757
0.1428003696168403
0.1151066905032615
0.0777788175929471
0.0000000000000000
0.0000000000000000
0.0000000000000000
0.0158608863952421
0.0267770215959113
0.0206468299193928
0.0135858159725762
0.0056355230496297
0.0000000000000000
0.0000000000000000
0.0000000000000000
0.0000000000000000
0.0000000000000000
0.0000000000000000
0.0000000000000000
0.0000000000000000
0.0000000000000000
0.0000000000000000
0.0854587228109121
0.1430468360533695
0.1551468106263811
0.1428950625431024
0.1152889855749819
0.0779966902066573
0.0000000000000000
0.0000000000000000
0.0000000000000000
0.0158663580272896
0.0267943675509432
0.0206671669002603
0.0136057704489493
0.0056517544228977
0.0000000000000000
0.0000000000000000
0.0000000000000000
0.0000000000000000
0.0000000000000000
0.0000000000000000
0.0000000000000000
0.0000000000000000
0.0000000000000000
0.0000000000000000
0.0841768092641987
0.1426151781748343
0.1550615061899039
0.1429788184582184
0.1154596014081008
0.0782014873191211
0.0000000000000000
0.0000000000000000
0.0000000000000000
0.0158704841105762
0.0268086831237185
0.0206840856415456
0.0136218075521397
0.0056632529277335
0.0000000000000000
0.0000000000000000
0.0000000000000000
0.0000000000000000
0.0000000000000000
0.0000000000000000
0.0000000000000000
0.0000000000000000
0.0000000000000000
0.0000000000000000
0.0828440893655172
0.1421628775073167
0.1549637204087790
0.1430514123784984
0.1156182815902488
0.0783929497564519
0.0000000000000000
0.0000000000000000
0.0000000000000000
0.0158732486727935
0.0268199326127079
0.0206975500351420
0.0136338941174323
0.0056699893726119
0.0000000000000000
0.0000000000000000
0.0000000000000000
0.0000000000000000
0.0000000000000000
0.0000000000000000
0.0000000000000000
0.0000000000000000
0.0000000000000000
0.0000000000000000
0.0814601260695489
0.1416897032895901
0.1548532706110886
0.1431126201306550
0.1157647733238558
0.0785708247930102
0.0000000000000000
0.0000000000000000
0.0000000000000000
0.0158746358727254
0.0268280809658447
0.0207075249792666
0.0136419981559756
0.0056719359065473
0.0000000000000000
0.0000000000000000
0.0000000000000000
0.0000000000000000
0.0000000000000000
0.0000000000000000
0.0000000000000000
0.0000000000000000
0.0000000000000000
0.0000000000000000
0.0800245076171159
0.1411954170241236
0.1547299721476813
0.1431622180609822
0.1158988268551759
0.0787348654288455
0.0000000000000000
0.0000000000000000
0.0000000000000000
0.0158746299666354
0.0268330936916985
0.0207139762635247
0.0136460887154306
0.0056690658280319
0.0000000000000000
0.0000000000000000
0.0000000000000000
0.0000000000000000
0.0000000000000000
0.0000000000000000
0.0000000000000000
0.0000000000000000
0.0000000000000000
0.0000000000000000
0.0785368570543081
0.1406797728944853
0.1545936385897928
0.1431999831111298
0.1160201955039896
0.0788848303514721
0.0000000000000000
0.0000000000000000
0.0000000000000000
0.0158732153153271
0.0268349368681428
0.0207168705749156
0.0136461358713671
0.0056613535626930
0.0000000000000000
0.0000000000000000
0.0000000000000000
0.0000000000000000
0.0000000000000000
0.0000000000000000
0.0000000000000000
0.0000000000000000
0.0000000000000000
0.0000000000000000
0.0769968423551107
0.1401425180243656
0.1544440820331230
0.1432256931903113
0.1161286360750110
0.0790204843957414
0.0000000000000000
0.0000000000000000
0.0000000000000000
0.0158703764197511
0.0268335772264834
0.0207161755850104
0.0136421108191878
0.0056487747595700
0.0000000000000000
0.0000000000000000
0.0000000000000000
0.0000000000000000
0.0000000000000000
0.0000000000000000
0.0000000000000000
0.0000000000000000
0.0000000000000000
0.0000000000000000
0.0754041881128452
0.1395833928284129
0.1542811135063884
0.1432391276851286
0.1162239094785077
0.0791415992078153
0.0000000000000000
0.0000000000000000
0.0000000000000000
0.0158660979735874
0.0268289822687924
0.0207118600802863
0.0136339860031690
0.0056313064507233
0.0000000000000000
0.0000000000000000
0.0000000000000000
0.0000000000000000
0.0000000000000000
0.0000000000000000
0.0000000000000000
0.0000000000000000
0.0000000000000000
0.0000000000000000
0.0737586895959941
0.1390021316772631
0.1541045434707515
0.1432400679540532
0.1163057812449319
0.0792479538011446
0.0000000000000000
0.0000000000000000
0.0000000000000000
0.0158603649101064
0.0268211203693890
0.0207038940633031
0.0136217352225286
0.0056089271879242
0.0000000000000000
0.0000000000000000
0.0000000000000000
0.0000000000000000
0.0000000000000000
0.0000000000000000
0.0000000000000000
0.0000000000000000
0.0000000000000000
0.0000000000000000
0.0720602303152033
0.1383984641540235
0.1539141823991839
0.1432282976213484
0.1163740216791296
0.0793393346083580
0.0000000000000000
0.0000000000000000
0.0000000000000000
0.0158531624274542
0.0268099608085921
0.0206922487762452
0.0136053336363392
0.0055816170847597
0.0000000000000000
0.0000000000000000
0.0000000000000000
0.0000000000000000
0.0000000000000000
0.0000000000000000
0.0000000000000000
0.0000000000000000
0.0000000000000000
0.0000000000000000
0.0703088037540035
0.1377721170961663
0.1537098414443505
0.1432036025836136
0.1164284054798604
0.0794155348970033
0.0000000000000000
0.0000000000000000
0.0000000000000000
0.0158444759819492
0.0267954737234714
0.0206768966169972
0.0135847576544455
0.0055493577355858
0.0000000000000000
0.0000000000000000
0.0000000000000000
0.0000000000000000
0.0000000000000000
0.0000000000000000
0.0000000000000000
0.0000000000000000
0.0000000000000000
0.0000000000000000
0.0685045398169665
0.1371228175408364
0.1534913332525866
0.1431657707809409
0.1164687109191314
0.0794763535891026
0.0000000000000000
0.0000000000000000
0.0000000000000000
0.0158342912616905
0.0267776299971397
0.0206578109879127
0.0135599847477828
0.0055121320722937
0.0000000000000000
0.0000000000000000
0.0000000000000000
0.0000000000000000
0.0000000000000000
0.0000000000000000
0.0000000000000000
0.0000000000000000
0.0000000000000000
0.0000000000000000
0.0666477360385730
0.1364502965658569
0.1532584730315422
0.1431145919535954
0.1164947188521836
0.0795215938949579
0.0000000000000000
0.0000000000000000
0.0000000000000000
0.0158225941638002
0.0267564011560311
0.0206349661467354
0.0135309932685348
0.0054699242501674
0.0000000000000000
0.0000000000000000
0.0000000000000000
0.0000000000000000
0.0000000000000000
0.0000000000000000
0.0000000000000000
0.0000000000000000
0.0000000000000000
0.0000000000000000
0.0647388935356559
0.1357542940262085
0.1530110799669870
0.1430498575736096
0.1165062118847959
0.0795510620698816
0.0000000000000000
0.0000000000000000
0.0000000000000000
0.0158093707959115
0.0267317593150725
0.0206083371174966
0.0134977623363816
0.0054227196439948
0.0000000000000000
0.0000000000000000
0.0000000000000000
0.0000000000000000
0.0000000000000000
0.0000000000000000
0.0000000000000000
0.0000000000000000
0.0000000000000000
0.0000000000000000
0.0627787570067365
0.1350345638756223
0.1527489789411713
0.1429713610439763
0.1165029737788207
0.0795645664595736
0.0000000000000000
0.0000000000000000
0.0000000000000000
0.0157946074984907
0.0267036771732448
0.0205778996486182
0.0134602717762773
0.0053705049113050
0.0000000000000000
0.0000000000000000
0.0000000000000000
0.0000000000000000
0.0000000000000000
0.0000000000000000
0.0000000000000000
0.0000000000000000
0.0000000000000000
0.0000000000000000
0.0607683567888792
0.1342908793484606
0.1524720022490662
0.1428788980123564
0.1164847890826115
0.0795619167448354
0.0000000000000000
0.0000000000000000
0.0000000000000000
0.0157782908630668
0.0266721279992115
0.0205436301610222
0.0134185020247541
0.0053132680306711
0.0000000000000000
0.0000000000000000
0.0000000000000000
0.0000000000000000
0.0000000000000000
0.0000000000000000
0.0000000000000000
0.0000000000000000
0.0000000000000000
0.0000000000000000
0.0587090491471162
0.1335230365915847
0.1521799908017188
0.1427722666640269
0.1164514429155731
0.0795429234220380
0.0000000000000000
0.0000000000000000
0.0000000000000000
0.0157604077230242
0.0266370855706147
0.0205055056373713
0.0133724339618738
0.0052509982406822
0.0000000000000000
0.0000000000000000
0.0000000000000000
0.0000000000000000
0.0000000000000000
0.0000000000000000
0.0000000000000000
0.0000000000000000
0.0000000000000000
0.0000000000000000
0.0566025507884218
0.1327308552182683
0.1518727943621540
0.1426512679885868
0.1164027212185511
0.0795073978908446
0.0000000000000000
0.0000000000000000
0.0000000000000000
0.0000000000000000
0.0265985241062384
0.0204635035231066
0.0133220487364279
0.0051836859844381
0.0000000000000000
0.0000000000000000
0.0000000000000000
0.0000000000000000
0.0000000000000000
0.0000000000000000
0.0000000000000000
0.0000000000000000
0.0000000000000000
0.0000000000000000
0.0544509655454376
0.1319141751123462
0.1515502707709241
0.1425157063425369
0.1163384119791122
0.0794551539066867
0.0000000000000000
0.0000000000000000
0.0000000000000000
0.0000000000000000
0.0265564183314964
0.0204176017993223
0.0132673278034998
0.0051113231251503
0.0000000000000000
0.0000000000000000
0.0000000000000000
0.0000000000000000
0.0000000000000000
0.0000000000000000
0.0000000000000000
0.0000000000000000
0.0000000000000000
0.0000000000000000
0.0522568058923625
0.1310728502762968
0.1512122846747322
0.1423653907521308
0.1162583079667223
0.0793860109679506
0.0000000000000000
0.0000000000000000
0.0000000000000000
0.0000000000000000
0.0265107438358648
0.0203677794230578
0.0132082533863716
0.0050339037336946
0.0000000000000000
0.0000000000000000
0.0000000000000000
0.0000000000000000
0.0000000000000000
0.0000000000000000
0.0000000000000000
0.0000000000000000
0.0000000000000000
0.0000000000000000
0.0500230154000272
0.1302067419953232
0.1508587065945587
0.1422001372385731
0.1161622109977999
0.0792997996672583
0.0000000000000000
0.0000000000000000
0.0000000000000000
0.0000000000000000
0.0264614777858772
0.0203140171868042
0.0131448094438756
0.0049514255526517
0.0000000000000000
0.0000000000000000
0.0000000000000000
0.0000000000000000
0.0000000000000000
0.0000000000000000
0.0000000000000000
0.0000000000000000
0.0000000000000000
0.0000000000000000
0.0477529988538092
0.1293157135957165
0.1504894129466661
0.1420197719593813
0.1160499370930949
0.0791963680439251
0.0000000000000000
0.0000000000000000
0.0000000000000000
0.0000000000000000
0.0264085998821278
0.0202562988526491
0.0130769829540215
0.0048638919398848
0.0000000000000000
0.0000000000000000
0.0000000000000000
0.0000000000000000
0.0000000000000000
0.0000000000000000
0.0000000000000000
0.0000000000000000
0.0000000000000000
0.0000000000000000
0.0454506627997375
0.1283996278981705
0.1501042869698770
0.1418241344948564
0.1159213213763229
0.0790755875442871
0.0000000000000000
0.0000000000000000
0.0000000000000000
0.0000000000000000
0.0263520933028600
0.0201946122483541
0.0130047651508169
0.0047713138391335
0.0000000000000000
0.0000000000000000
0.0000000000000000
0.0000000000000000
0.0000000000000000
0.0000000000000000
0.0000000000000000
0.0000000000000000
0.0000000000000000
0.0000000000000000
0.0431204642879855
0.1274583466109443
0.1497032198752455
0.1416130803920021
0.1157762216312985
0.0789373572001770
0.0000000000000000
0.0000000000000000
0.0000000000000000
0.0000000000000000
0.0262919453651737
0.0201289500089383
0.0129281523416503
0.0046737113489469
0.0000000000000000
0.0000000000000000
0.0000000000000000
0.0000000000000000
0.0000000000000000
0.0000000000000000
0.0000000000000000
0.0000000000000000
0.0000000000000000
0.0000000000000000
0.0407674625728005
0.1264917300275191
0.1492861113813613
0.1413864823697398
0.1156145198916851
0.0787816054147862
0.0000000000000000
0.0000000000000000
0.0000000000000000
0.0000000000000000
0.0262281477549635
0.0200593098107916
0.0128471461289554
0.0045711146737186
0.0000000000000000
0.0000000000000000
0.0000000000000000
0.0000000000000000
0.0000000000000000
0.0000000000000000
0.0000000000000000
0.0000000000000000
0.0000000000000000
0.0000000000000000
0.0383973695787073
0.1254996358476712
0.1488528692540875
0.1411442301174535
0.1154361222181178
0.0786082895404820
0.0000000000000000
0.0000000000000000
0.0000000000000000
0.0000000000000000
0.0261606963661118
0.0199856941472982
0.0127617531069077
0.0044635645849653
0.0000000000000000
0.0000000000000000
0.0000000000000000
0.0000000000000000
0.0000000000000000
0.0000000000000000
0.0000000000000000
0.0000000000000000
0.0000000000000000
0.0000000000000000
0.0360165978031687
0.1244819173079389
0.1484034081229210
0.1408862291160344
0.1152409572176860
0.0784173940185734
0.0000000000000000
0.0000000000000000
0.0000000000000000
0.0000000000000000
0.0260895909052238
0.0199081098464135
0.0126719842676583
0.0043511126974788
0.0000000000000000
0.0000000000000000
0.0000000000000000
0.0000000000000000
0.0000000000000000
0.0000000000000000
0.0000000000000000
0.0000000000000000
0.0000000000000000
0.0000000000000000
0.0336323063434477
0.1234384216880451
0.1479376482298750
0.1406123991058363
0.1150289740251380
0.0782089278727015
0.0000000000000000
0.0000000000000000
0.0000000000000000
0.0000000000000000
0.0260148344447910
0.0198265675270564
0.0125778543510083
0.0042338218790708
0.0000000000000000
0.0000000000000000
0.0000000000000000
0.0000000000000000
0.0000000000000000
0.0000000000000000
0.0000000000000000
0.0000000000000000
0.0000000000000000
0.0000000000000000
0.0312524440672750
0.1223689902073430
0.1474555146217326
0.1403226726317687
0.1148001402325662
0.0779829221298542
0.0000000000000000
0.0000000000000000
0.0000000000000000
0.0000000000000000
0.0259364330166398
0.0197410811084376
0.0124793812593904
0.0041117669672147
0.0000000000000000
0.0000000000000000
0.0000000000000000
0.0000000000000000
0.0000000000000000
0.0000000000000000
