0.0000000000000000
0.0000000000000000
0.0000000000000000
0.0000000000000000
0.0878720558353665
0.1438491349633416
0.1552806915053551
0.1426949403717612
0.1149129376871809
0.0775480887250369
0.0371092476972634
0.0000000000000000
0.0000000000000000
0.0000000000000000
0.0267566757524894
0.0206231052072656
0.0135619713871031
0.0056145818358923
0.0000000000000000
0.0000000000000000
0.0000000000000000
0.0000000000000000
0.0000000000000000
0.0000000000000000
0.0000000000000000
0.0000000000000000
0.0000000000000000
0.0000000000000000
0.0866903924247101
0.1434581059978509
0.1552198102717245
0.1428003439015169
0.1151066508246093
0.0777787696997520
0.0370869136255451
0.0000000000000000
0.0000000000000000
0.0000000000000000
0.0267770155316821
0.0206468230615986
0.0135858085953568
0.0056355151649861
0.0000000000000000
0.0000000000000000
0.0000000000000000
0.0000000000000000
0.0000000000000000
0.0000000000000000
0.0000000000000000
0.0000000000000000
0.0000000000000000
0.0000000000000000
0.0854588338829049
0.1430468691902657
0.1551468068350563
0.1428950369620745
0.1152889459627419
0.0779966423301353
0.0370626035495987
0.0000000000000000
0.0000000000000000
0.0000000000000000
0.0267943614863702
0.0206671600381769
0.0136057630637000
0.0056517465247511
0.0000000000000000
0.0000000000000000
0.0000000000000000
0.0000000000000000
0.0000000000000000
0.0000000000000000
0.0000000000000000
0.0000000000000000
0.0000000000000000
0.0000000000000000
0.0841769217890012
0.1426152118930126
0.1550615026561619
0.1429787930110339
0.1154595618607716
0.0782014394576206
0.0370363142540914
0.0000000000000000
0.0000000000000000
0.0000000000000000
0.0268086770581922
0.0206840787745125
0.0136218001580241
0.0056632450150455
0.0000000000000000
0.0000000000000000
0.0000000000000000
0.0000000000000000
0.0000000000000000
0.0000000000000000
0.0000000000000000
0.0000000000000000
0.0000000000000000
0.0000000000000000
0.0828442033844390
0.1421629118228344
0.1549637171356152
0.1430513870646475
0.1156182421063043
0.0783929019083334
0.0370080418469758
0.0000000000000000
0.0000000000000000
0.0000000000000000
0.0268199265456197
0.0206975431625035
0.0136338867136218
0.0056699814443464
0.0000000000000000
0.0000000000000000
0.0000000000000000
0.0000000000000000
0.0000000000000000
0.0000000000000000
0.0000000000000000
0.0000000000000000
0.0000000000000000
0.0000000000000000
0.0814602416219167
0.1416897382186670
0.1548532676014409
0.1431125949495731
0.1157647339017501
0.0785707769566502
0.0369777817761453
0.0000000000000000
0.0000000000000000
0.0000000000000000
0.0268280748965883
0.0207075181003723
0.0136419907416494
0.0056719279616733
0.0000000000000000
0.0000000000000000
0.0000000000000000
0.0000000000000000
0.0000000000000000
0.0000000000000000
0.0000000000000000
0.0000000000000000
0.0000000000000000
0.0000000000000000
0.0800246247398703
0.1411954525831530
0.1547299694044324
0.1431621930120520
0.1158987874933456
0.0787348176026394
0.0369455288412071
0.0000000000000000
0.0000000000000000
0.0000000000000000
0.0268330876196698
0.0207139693777299
0.0136460812897761
0.0056690578655260
0.0000000000000000
0.0000000000000000
0.0000000000000000
0.0000000000000000
0.0000000000000000
0.0000000000000000
0.0000000000000000
0.0000000000000000
0.0000000000000000
0.0000000000000000
0.0785369757815440
0.1406798091000424
0.1545936361157733
0.1431999581936848
0.1160201562008569
0.0788847825338374
0.0369112772057533
0.0000000000000000
0.0000000000000000
0.0000000000000000
0.0268349307927403
0.0207168636815817
0.0136461284335791
0.0056613455815427
0.0000000000000000
0.0000000000000000
0.0000000000000000
0.0000000000000000
0.0000000000000000
0.0000000000000000
0.0000000000000000
0.0000000000000000
0.0000000000000000
0.0000000000000000
0.0769969627175457
0.1401425548932163
0.1544440798311136
0.1432256684036379
0.1161285968289871
0.0790204365851210
0.0368750204211068
0.0000000000000000
0.0000000000000000
0.0000000000000000
0.0268335711471088
0.0207161686835048
0.0136421033684690
0.0056487667587761
0.0000000000000000
0.0000000000000000
0.0000000000000000
0.0000000000000000
0.0000000000000000
0.0000000000000000
0.0000000000000000
0.0000000000000000
0.0000000000000000
0.0000000000000000
0.0754043101372079
0.1395834303775247
0.1542811115791226
0.1432391030284700
0.1162238702879960
0.0791415514026799
0.0368367514678133
0.0000000000000000
0.0000000000000000
0.0000000000000000
0.0268289761848510
0.0207118531699831
0.0136339785387293
0.0056312984293035
0.0000000000000000
0.0000000000000000
0.0000000000000000
0.0000000000000000
0.0000000000000000
0.0000000000000000
0.0000000000000000
0.0000000000000000
0.0000000000000000
0.0000000000000000
0.0737588133043307
0.1390021699238116
0.1541045418209188
0.1432400434266107
0.1163057421083310
0.0792479059999974
0.0369012703351359
0.0000000000000000
0.0000000000000000
0.0000000000000000
0.0268211142802902
0.0207038871435832
0.0136217277435857
0.0056089191449161
0.0000000000000000
0.0000000000000000
0.0000000000000000
0.0000000000000000
0.0000000000000000
0.0000000000000000
0.0000000000000000
0.0000000000000000
0.0000000000000000
0.0000000000000000
0.0720603557240743
0.1383985031154012
0.1539141810294315
0.1432282732222856
0.1163739825948367
0.0793392868097364
0.0369761405289548
0.0000000000000000
0.0000000000000000
0.0000000000000000
0.0268099547137496
0.0206922418464968
0.0136053261421177
0.0055816090192248
0.0000000000000000
0.0000000000000000
0.0000000000000000
0.0000000000000000
0.0000000000000000
0.0000000000000000
0.0000000000000000
0.0000000000000000
0.0000000000000000
0.0000000000000000
0.0703089308735722
0.1377721567899864
0.1537098403572849
0.1432035783120577
0.1164283664462739
0.0794154870994826
0.0370347426762085
0.0000000000000000
0.0000000000000000
0.0000000000000000
0.0267954676223041
0.0206768896766160
0.0135847501441774
0.0055493496466136
0.0000000000000000
0.0000000000000000
0.0000000000000000
0.0000000000000000
0.0000000000000000
0.0000000000000000
0.0000000000000000
0.0000000000000000
0.0000000000000000
0.0000000000000000
0.0685046686499559
0.1371228579849337
0.1534913324507734
0.1431657466359850
0.1164686719346538
0.0794763057912989
0.0370769246227845
0.0000000000000000
0.0000000000000000
0.0000000000000000
0.0267776238890716
0.0206578040363022
0.0135599772207071
0.0055121239590068
0.0000000000000000
0.0000000000000000
0.0000000000000000
0.0000000000000000
0.0000000000000000
0.0000000000000000
0.0000000000000000
0.0000000000000000
0.0000000000000000
0.0000000000000000
0.0666478665790783
0.1364503377782836
0.1532584725175036
0.1431145679342976
0.1164946799152226
0.0795215460955302
0.0371025406207995
0.0000000000000000
0.0000000000000000
0.0000000000000000
0.0267563950404919
0.0206349591833073
0.0135309857238973
0.0054699161117267
0.0000000000000000
0.0000000000000000
0.0000000000000000
0.0000000000000000
0.0000000000000000
0.0000000000000000
0.0000000000000000
0.0000000000000000
0.0000000000000000
0.0000000000000000
0.0647390257678018
0.1357543360252239
0.1530110797431973
0.1430498336789931
0.1165061729937661
0.0795510142675339
0.0371114499956380
0.0000000000000000
0.0000000000000000
0.0000000000000000
0.0267317531914979
0.0206083301416707
0.0134977547734349
0.0054227114796058
0.0000000000000000
0.0000000000000000
0.0000000000000000
0.0000000000000000
0.0000000000000000
0.0000000000000000
0.0000000000000000
0.0000000000000000
0.0000000000000000
0.0000000000000000
0.0627788909031664
0.1350346066796754
0.1527489790100503
0.1429713372730268
0.1165029349321441
0.0795645186530577
0.0371035160723082
0.0000000000000000
0.0000000000000000
0.0000000000000000
0.0267036710410772
0.0205778926598234
0.0134602641942806
0.0053704967202253
0.0000000000000000
0.0000000000000000
0.0000000000000000
0.0000000000000000
0.0000000000000000
0.0000000000000000
0.0000000000000000
0.0000000000000000
0.0000000000000000
0.0000000000000000
0.0607684923090642
0.1342909229761660
0.1524720026129697
0.1428788743640199
0.1164847502787173
0.0795618689329513
0.0370786052781033
0.0000000000000000
0.0000000000000000
0.0000000000000000
0.0266721218578996
0.0205436231586962
0.0134184944229734
0.0053132598122189
0.0000000000000000
0.0000000000000000
0.0000000000000000
0.0000000000000000
0.0000000000000000
0.0000000000000000
0.0000000000000000
0.0000000000000000
0.0000000000000000
0.0000000000000000
0.0587091862354883
0.1335230810616948
0.1521799914629286
0.1427722431372052
0.1164514041528968
0.0795428756036365
0.0370365863904246
0.0000000000000000
0.0000000000000000
0.0000000000000000
0.0266370794196145
0.0205054986209612
0.0133724263395812
0.0052509899942459
0.0000000000000000
0.0000000000000000
0.0000000000000000
0.0000000000000000
0.0000000000000000
0.0000000000000000
0.0000000000000000
0.0000000000000000
0.0000000000000000
0.0000000000000000
0.0566026893723241
0.1327309005496421
0.1518727953228667
0.1426512445821343
0.1164026824955354
0.0795073500648270
0.0369773303853967
0.0000000000000000
0.0000000000000000
0.0000000000000000
0.0265985179450129
0.0204634964920686
0.0133220410929018
0.0051836777094875
0.0000000000000000
0.0000000000000000
0.0000000000000000
0.0000000000000000
0.0000000000000000
0.0000000000000000
0.0000000000000000
0.0000000000000000
0.0000000000000000
0.0000000000000000
0.0544511055329018
0.1319142213239245
0.1515502720332436
0.1425156830552576
0.1163383732942047
0.0794551060720071
0.0369007117111225
0.0000000000000000
0.0000000000000000
0.0000000000000000
0.0265564121595163
0.0204175947531222
0.0132673201380238
0.0051113148212495
0.0000000000000000
0.0000000000000000
0.0000000000000000
0.0000000000000000
0.0000000000000000
0.0000000000000000
0.0000000000000000
0.0000000000000000
0.0000000000000000
0.0000000000000000
0.0522569471697119
0.1310728973870818
0.1512122862406644
0.1423653675827782
0.1162582693183783
0.0793859631236163
0.0368066117733464
0.0000000000000000
0.0000000000000000
0.0000000000000000
0.0265107376526080
0.0203677723611707
0.0132082456982343
0.0050338954005165
0.0000000000000000
0.0000000000000000
0.0000000000000000
0.0000000000000000
0.0000000000000000
0.0000000000000000
0.0000000000000000
0.0000000000000000
0.0000000000000000
0.0000000000000000
0.0500231578293051
0.1302067900243702
0.1508587084660122
0.1422001141858523
0.1161621723844839
0.0792997518123325
0.0366949245988745
0.0000000000000000
0.0000000000000000
0.0000000000000000
0.0264614715908296
0.0203140101087148
0.0131448017323698
0.0049514171899957
0.0000000000000000
0.0000000000000000
0.0000000000000000
0.0000000000000000
0.0000000000000000
0.0000000000000000
0.0000000000000000
0.0000000000000000
0.0000000000000000
0.0000000000000000
0.0477531422700423
0.1293157625621314
0.1504894151254570
0.1420197490219535
0.1160498985132852
0.0791963201775291
0.0365655637472422
0.0000000000000000
0.0000000000000000
0.0000000000000000
0.0264085936747834
0.0202562917578515
0.0130769752184438
0.0048638835476970
0.0000000000000000
0.0000000000000000
0.0000000000000000
0.0000000000000000
0.0000000000000000
0.0000000000000000
0.0000000000000000
0.0000000000000000
0.0000000000000000
0.0000000000000000
0.0454508070080326
0.1283996778211124
0.1501042894577365
0.1418241116713472
0.1159212828285171
0.0790755396656046
0.0364184687467824
0.0000000000000000
0.0000000000000000
0.0000000000000000
0.0263520870827219
0.0201946051363523
0.0130047573904670
0.0047713054175306
0.0000000000000000
0.0000000000000000
0.0000000000000000
0.0000000000000000
0.0000000000000000
0.0000000000000000
0.0000000000000000
0.0000000000000000
0.0000000000000000
0.0000000000000000
0.0431206090605034
0.1274583975096314
0.1497032226738305
0.1416130576810095
0.1157761831140207
0.0789373093084587
0.0362536095829922
0.0000000000000000
0.0000000000000000
0.0000000000000000
0.0262919391317546
0.0201289428792468
0.0129281445558310
0.0046737028982446
0.0000000000000000
0.0000000000000000
0.0000000000000000
0.0000000000000000
0.0000000000000000
0.0000000000000000
0.0000000000000000
0.0000000000000000
0.0000000000000000
0.0000000000000000
0.0407676076456476
0.1264917819212337
0.1492861144922656
0.1413864597698438
0.1156144814034929
0.0787815575093544
0.0360709884589281
0.0000000000000000
0.0000000000000000
0.0000000000000000
0.0262281415077866
0.0200593026629356
0.0128471383169724
0.0045711061944644
0.0000000000000000
0.0000000000000000
0.0000000000000000
0.0000000000000000
0.0000000000000000
0.0000000000000000
0.0000000000000000
0.0000000000000000
0.0000000000000000
0.0000000000000000
0.0383975146488333
0.1254996887557655
0.1488528726788535
0.1411442076272258
0.1154360837576097
0.0786082416207350
0.0358706391224567
0.0000000000000000
0.0000000000000000
0.0000000000000000
0.0130803450960272
0.0199856869808139
0.0127617452680692
0.0044635560779763
0.0000000000000000
0.0000000000000000
0.0000000000000000
0.0000000000000000
0.0000000000000000
0.0000000000000000
0.0000000000000000
0.0000000000000000
0.0000000000000000
0.0000000000000000
0.0360167425253653
0.1244819712498417
0.1484034118630518
0.1408862067340482
0.1152409187835079
0.0784173460839896
0.0357177925523502
0.0000000000000000
0.0000000000000000
0.0000000000000000
0.0130447923554456
0.0199081026608487
0.0126719764012744
0.0043511041638866
0.0000000000000000
0.0000000000000000
0.0000000000000000
0.0000000000000000
0.0000000000000000
0.0000000000000000
0.0000000000000000
0.0000000000000000
0.0000000000000000
0.0000000000000000
0.0336324503276036
0.1234384766832678
0.1479376522868466
0.1406123768306743
0.1150289356159895
0.0782088799228429
0.0356378948095311
0.0000000000000000
0.0000000000000000
0.0000000000000000
0.0130074141148470
0.0198265603219701
0.0125778464563904
0.0042338133203729
0.0000000000000000
0.0000000000000000
0.0000000000000000
0.0000000000000000
0.0000000000000000
0.0000000000000000
0.0000000000000000
0.0000000000000000
0.0000000000000000
0.0000000000000000
0.0312525868760797
0.1223690462754831
0.1474555189970044
0.1403226504620318
0.1148001018472066
0.0779828741643699
0.0355558669971315
0.0000000000000000
0.0000000000000000
0.0000000000000000
0.0129682133901520
0.0197410738834007
0.0124793733358508
0.0041117583853353
0.0000000000000000
0.0000000000000000
0.0000000000000000
0.0000000000000000
0.0000000000000000
0.0000000000000000
