0.0000000000000000
0.0000000000000000
0.0000000000000000
0.0000000000000000
0.0255084081334669
0.0642142415360826
0.0942844174650794
0.1128720772216202
0.1190141880139588
0.1127276066115380
0.0949454767140238
0.0674892059463470
0.0000000000000000
0.0000000000000000
0.0000000000000000
0.0000000000000000
0.0000000000000000
0.0000000000000000
0.0000000000000000
0.0000000000000000
0.0000000000000000
0.0000000000000000
0.0000000000000000
0.0000000000000000
0.0000000000000000
0.0000000000000000
0.0000000000000000
0.0000000000000000
0.0251412724368890
0.0640187027976003
0.0942444405984172
0.1129672159724754
0.1192278952732745
0.1130415100454327
0.0953372663724572
0.0679323439887175
0.0000000000000000
0.0000000000000000
0.0000000000000000
0.0000000000000000
0.0000000000000000
0.0000000000000000
0.0000000000000000
0.0000000000000000
0.0000000000000000
0.0000000000000000
0.0000000000000000
0.0000000000000000
0.0000000000000000
0.0000000000000000
0.0000000000000000
0.0000000000000000
0.0247689796849753
0.0638300734875478
0.0942173599434397
0.1130778114688738
0.1194577846332219
0.1133711937674999
0.0957437133862058
0.0683886005262571
0.0000000000000000
0.0000000000000000
0.0000000000000000
0.0000000000000000
0.0000000000000000
0.0000000000000000
0.0000000000000000
0.0000000000000000
0.0000000000000000
0.0000000000000000
0.0000000000000000
0.0000000000000000
0.0000000000000000
0.0000000000000000
0.0000000000000000
0.0000000000000000
0.0243911028339230
0.0636481670725432
0.0942030441369508
0.1132036916281940
0.1197036192619145
0.1137163581710430
0.0961644694931356
0.0688575994527428
0.0000000000000000
0.0000000000000000
0.0000000000000000
0.0000000000000000
0.0000000000000000
0.0000000000000000
0.0000000000000000
0.0000000000000000
0.0000000000000000
0.0000000000000000
0.0000000000000000
0.0000000000000000
0.0000000000000000
0.0000000000000000
0.0000000000000000
0.0000000000000000
0.0240071789099824
0.0634727715092092
0.0942013435611926
0.1133446689602341
0.1199651491965896
0.1140766930063325
0.0965991785323775
0.0693389596172881
0.0000000000000000
0.0000000000000000
0.0000000000000000
0.0000000000000000
0.0000000000000000
0.0000000000000000
0.0000000000000000
0.0000000000000000
0.0000000000000000
0.0000000000000000
0.0000000000000000
0.0000000000000000
0.0000000000000000
0.0000000000000000
0.0000000000000000
0.0000000000000000
0.0236167122206994
0.0633036509521668
0.0942120918631746
0.1135005416966193
0.1202421120249217
0.1144518776216295
0.0970474762956203
0.0698322943330743
0.0000000000000000
0.0000000000000000
0.0000000000000000
0.0000000000000000
0.0000000000000000
0.0000000000000000
0.0000000000000000
0.0000000000000000
0.0000000000000000
0.0000000000000000
0.0000000000000000
0.0000000000000000
0.0000000000000000
0.0000000000000000
0.0000000000000000
0.0000000000000000
0.0232191771315639
0.0631405467642842
0.0942351069585704
0.1136710945995023
0.1205342334812421
0.1148415813437347
0.0975089906967840
0.0703372113933134
0.0000000000000000
0.0000000000000000
0.0000000000000000
0.0000000000000000
0.0000000000000000
0.0000000000000000
0.0000000000000000
0.0000000000000000
0.0000000000000000
0.0000000000000000
0.0000000000000000
0.0000000000000000
0.0000000000000000
0.0000000000000000
0.0000000000000000
0.0000000000000000
0.0228140205936407
0.0629831779087103
0.0942701915266185
0.1138560994415665
0.1208412278845362
0.1152454638775106
0.0979833421431317
0.0708533133801086
0.0000000000000000
0.0000000000000000
0.0000000000000000
0.0000000000000000
0.0000000000000000
0.0000000000000000
0.0000000000000000
0.0000000000000000
0.0000000000000000
0.0000000000000000
0.0000000000000000
0.0000000000000000
0.0000000000000000
0.0000000000000000
0.0000000000000000
0.0000000000000000
0.0224006646903964
0.0628312408544851
0.0943171330894490
0.1140553151413990
0.1211627983481514
0.1156631755906377
0.0984701438752790
0.0713801980732769
0.0000000000000000
0.0000000000000000
0.0000000000000000
0.0000000000000000
0.0000000000000000
0.0000000000000000
0.0000000000000000
0.0000000000000000
0.0000000000000000
0.0000000000000000
0.0000000000000000
0.0000000000000000
0.0000000000000000
0.0000000000000000
0.0000000000000000
0.0000000000000000
0.0219785096197599
0.0626844092673791
0.0943757038116435
0.1142684876422061
0.1214986367478438
0.1160943575826036
0.0989690021411189
0.0719174586813333
0.0000000000000000
0.0000000000000000
0.0000000000000000
0.0000000000000000
0.0000000000000000
0.0000000000000000
0.0000000000000000
0.0000000000000000
0.0000000000000000
0.0000000000000000
0.0000000000000000
0.0000000000000000
0.0000000000000000
0.0000000000000000
0.0000000000000000
0.0000000000000000
0.0215469374785158
0.0625423337750595
0.0944456602893022
0.1144953496703343
0.1218484234978552
0.1165386414984345
0.0994795160381372
0.0724646837264697
0.0000000000000000
0.0000000000000000
0.0000000000000000
0.0000000000000000
0.0000000000000000
0.0000000000000000
0.0000000000000000
0.0000000000000000
0.0000000000000000
0.0000000000000000
0.0000000000000000
0.0000000000000000
0.0000000000000000
0.0000000000000000
0.0000000000000000
0.0000000000000000
0.0211053173664065
0.0624046421780132
0.0945267435674176
0.1147356205657237
0.1222118272205552
0.1169956490617424
0.1000012769411571
0.0730214563711862
0.0000000000000000
0.0000000000000000
0.0000000000000000
0.0000000000000000
0.0000000000000000
0.0000000000000000
0.0000000000000000
0.0000000000000000
0.0000000000000000
0.0000000000000000
0.0000000000000000
0.0000000000000000
0.0000000000000000
0.0000000000000000
0.0000000000000000
0.0000000000000000
0.0206530121021661
0.0622709403418965
0.0946186796185429
0.1149890063079274
0.1225885043763838
0.1174649913521391
0.1005338674620532
0.0735873531341735
0.0000000000000000
0.0000000000000000
0.0000000000000000
0.0000000000000000
0.0000000000000000
0.0000000000000000
0.0000000000000000
0.0000000000000000
0.0000000000000000
0.0000000000000000
0.0000000000000000
0.0000000000000000
0.0000000000000000
0.0000000000000000
0.0000000000000000
0.0000000000000000
0.0201893867521122
0.0621408137973562
0.0947211802198296
0.1152551997112858
0.1229780988243814
0.1179462677929193
0.1010768599545366
0.0741619420056009
0.0000000000000000
0.0000000000000000
0.0000000000000000
0.0000000000000000
0.0000000000000000
0.0000000000000000
0.0000000000000000
0.0000000000000000
0.0000000000000000
0.0000000000000000
0.0000000000000000
0.0000000000000000
0.0000000000000000
0.0000000000000000
0.0000000000000000
0.0000000000000000
0.0197138189191788
0.0620138297913847
0.0948339440196709
0.1155338805757940
0.1233802411746116
0.1184390648007475
0.1016298145634408
0.0747447800553413
0.0000000000000000
0.0000000000000000
0.0000000000000000
0.0000000000000000
0.0000000000000000
0.0000000000000000
0.0000000000000000
0.0000000000000000
0.0000000000000000
0.0000000000000000
0.0000000000000000
0.0000000000000000
0.0000000000000000
0.0000000000000000
0.0000000000000000
0.0000000000000000
0.0192257107590631
0.0618895395683209
0.0949566575153461
0.1158247156176185
0.1237945478254662
0.1189429540707289
0.1021922769108694
0.0753354106647867
0.0000000000000000
0.0000000000000000
0.0000000000000000
0.0000000000000000
0.0000000000000000
0.0000000000000000
0.0000000000000000
0.0000000000000000
0.0000000000000000
0.0000000000000000
0.0000000000000000
0.0000000000000000
0.0000000000000000
0.0000000000000000
0.0000000000000000
0.0000000000000000
0.0187245026157647
0.0617674807051857
0.0950889959355764
0.1161273582454928
0.1242206198749565
0.1194574907812134
0.1027637757412584
0.0759333607967773
0.0000000000000000
0.0000000000000000
0.0000000000000000
0.0000000000000000
0.0000000000000000
0.0000000000000000
0.0000000000000000
0.0000000000000000
0.0000000000000000
0.0000000000000000
0.0000000000000000
0.0000000000000000
0.0000000000000000
0.0000000000000000
0.0000000000000000
0.0000000000000000
0.0182096879440088
0.0616471795297265
0.0952306242833709
0.1164414486765191
0.1246580425248955
0.1199822124402012
0.1033438213382494
0.0765381390906350
0.0000000000000000
0.0000000000000000
0.0000000000000000
0.0000000000000000
0.0000000000000000
0.0000000000000000
0.0000000000000000
0.0000000000000000
0.0000000000000000
0.0000000000000000
0.0000000000000000
0.0000000000000000
0.0000000000000000
0.0000000000000000
0.0000000000000000
0.0000000000000000
0.0176808286303176
0.0615281533803692
0.0953811988241726
0.1167666149574816
0.1251063857947066
0.1205166393556785
0.1039319057874491
0.0771492359674489
0.0000000000000000
0.0000000000000000
0.0000000000000000
0.0000000000000000
0.0000000000000000
0.0000000000000000
0.0000000000000000
0.0000000000000000
0.0000000000000000
0.0000000000000000
0.0000000000000000
0.0000000000000000
0.0000000000000000
0.0000000000000000
0.0000000000000000
0.0000000000000000
0.0171375695844039
0.0614099120678563
0.0955403688390084
0.1171024750732021
0.1255652069556044
0.1210602773347421
0.1045275058559359
0.0777661265604746
0.0000000000000000
0.0000000000000000
0.0000000000000000
0.0000000000000000
0.0000000000000000
0.0000000000000000
0.0000000000000000
0.0000000000000000
0.0000000000000000
0.0000000000000000
0.0000000000000000
0.0000000000000000
0.0000000000000000
0.0000000000000000
0.0000000000000000
0.0000000000000000
0.0165796517437854
0.0612919576710743
0.0957077779086077
0.1174486394841297
0.1260340541655239
0.1216126222280127
0.1051300882106662
0.0783882763662584
0.0000000000000000
0.0000000000000000
0.0000000000000000
0.0000000000000000
0.0000000000000000
0.0000000000000000
0.0000000000000000
0.0000000000000000
0.0000000000000000
0.0000000000000000
0.0000000000000000
0.0000000000000000
0.0000000000000000
0.0000000000000000
0.0000000000000000
0.0000000000000000
0.0160069239579167
0.0611737819820659
0.0958830636509658
0.1178047128284352
0.1265124698996203
0.1221731648453882
0.1057391155335998
0.0790151481672400
0.0000000000000000
0.0000000000000000
0.0000000000000000
0.0000000000000000
0.0000000000000000
0.0000000000000000
0.0000000000000000
0.0000000000000000
0.0000000000000000
0.0000000000000000
0.0000000000000000
0.0000000000000000
0.0000000000000000
0.0000000000000000
0.0000000000000000
0.0000000000000000
0.0154193554370462
0.0610548618729519
0.0960658553424811
0.1181702936455824
0.1269999926640471
0.1227413944771672
0.1063540515511543
0.0796462082113452
0.0000000000000000
0.0000000000000000
0.0000000000000000
0.0000000000000000
0.0000000000000000
0.0000000000000000
0.0000000000000000
0.0000000000000000
0.0000000000000000
0.0000000000000000
0.0000000000000000
0.0000000000000000
0.0000000000000000
0.0000000000000000
0.0000000000000000
0.0000000000000000
0.0148170511183109
0.0609346536593729
0.0962557697765863
0.1185449719600492
0.1274961563781240
0.1233168000176619
0.1069743637278706
0.0802809301375310
0.0000000000000000
0.0000000000000000
0.0000000000000000
0.0000000000000000
0.0000000000000000
0.0000000000000000
0.0000000000000000
0.0000000000000000
0.0000000000000000
0.0000000000000000
0.0000000000000000
0.0000000000000000
0.0000000000000000
0.0000000000000000
0.0000000000000000
0.0000000000000000
0.0142002714850174
0.0608125880432223
0.0964524066615961
0.1189283257575111
0.1280004881793071
0.1238988691564434
0.1075995237444430
0.0809187965566025
0.0000000000000000
0.0000000000000000
0.0000000000000000
0.0000000000000000
0.0000000000000000
0.0000000000000000
0.0000000000000000
0.0000000000000000
0.0000000000000000
0.0000000000000000
0.0000000000000000
0.0000000000000000
0.0000000000000000
0.0000000000000000
0.0000000000000000
0.0000000000000000
0.0135694569236699
0.0606880667648506
0.0966553451425433
0.1193199180393479
0.1285125062842533
0.1244870871337893
0.1082290071227867
0.0815592993984856
0.0000000000000000
0.0000000000000000
0.0000000000000000
0.0000000000000000
0.0000000000000000
0.0000000000000000
0.0000000000000000
0.0000000000000000
0.0000000000000000
0.0000000000000000
0.0000000000000000
0.0000000000000000
0.0000000000000000
0.0000000000000000
0.0000000000000000
0.0000000000000000
0.0129252554503893
0.0605604613084003
0.0968641423842818
0.1197192957302801
0.1290317193326354
0.1250809365291873
0.1088622933995388
0.0822019403975660
0.0000000000000000
0.0000000000000000
0.0000000000000000
0.0000000000000000
0.0000000000000000
0.0000000000000000
0.0000000000000000
0.0000000000000000
0.0000000000000000
0.0000000000000000
0.0000000000000000
0.0000000000000000
0.0000000000000000
0.0000000000000000
0.0000000000000000
0.0000000000000000
0.0122685524962131
0.0604291132329353
0.0970783342541253
0.1201259906525298
0.1295576275591098
0.1256798985234763
0.1094988673799893
0.0828462322344128
0.0000000000000000
0.0000000000000000
0.0000000000000000
0.0000000000000000
0.0000000000000000
0.0000000000000000
0.0000000000000000
0.0000000000000000
0.0000000000000000
0.0000000000000000
0.0000000000000000
0.0000000000000000
0.0000000000000000
0.0000000000000000
0.0000000000000000
0.0000000000000000
0.0116005020046091
0.0602933355029784
0.0972974373048432
0.1205395217934625
0.1300897250547295
0.1262834549725685
0.1101382208956783
0.0834916999248197
0.0000000000000000
0.0000000000000000
0.0000000000000000
0.0000000000000000
0.0000000000000000
0.0000000000000000
0.0000000000000000
0.0000000000000000
0.0000000000000000
0.0000000000000000
0.0000000000000000
0.0000000000000000
0.0000000000000000
0.0000000000000000
0.0000000000000000
0.0000000000000000
0.0109225587243193
0.0601524143208983
0.0975209511949981
0.1209593977861508
0.1306275020109815
0.1268910902262445
0.1107798541083799
0.0841378815663452
0.0000000000000000
0.0000000000000000
0.0000000000000000
0.0000000000000000
0.0000000000000000
0.0000000000000000
0.0000000000000000
0.0000000000000000
0.0000000000000000
0.0000000000000000
0.0000000000000000
0.0000000000000000
0.0000000000000000
0.0000000000000000
0.0000000000000000
0.0000000000000000
0.0102365112099529
0.0600056113182489
0.0977483609713259
0.1213851189510289
0.1311704462740769
0.1275022920837939
0.1114232758206510
0.0847843280615622
0.0000000000000000
0.0000000000000000
0.0000000000000000
0.0000000000000000
0.0000000000000000
0.0000000000000000
0.0000000000000000
0.0000000000000000
0.0000000000000000
0.0000000000000000
0.0000000000000000
0.0000000000000000
