0.0000000000000000
0.0000000000000000
0.0000000000000000
0.0000000000000000
0.0255083693815381
0.0642142082579709
0.0942843984224619
0.1128720749985519
0.1190142030548037
0.1127276378297613
0.0949455217087854
0.0674892611613040
0.0000000000000000
0.0000000000000000
0.0000000000000000
0.0000000000000000
0.0000000000000000
0.0000000000000000
0.0000000000000000
0.0000000000000000
0.0000000000000000
0.0000000000000000
0.0000000000000000
0.0000000000000000
0.0000000000000000
0.0000000000000000
0.0000000000000000
0.0000000000000000
0.0251412335614313
0.0640186692935095
0.0942444213408575
0.1129672135533080
0.1192279101426593
0.1130415411232728
0.0953373112639664
0.0679323991425350
0.0000000000000000
0.0000000000000000
0.0000000000000000
0.0000000000000000
0.0000000000000000
0.0000000000000000
0.0000000000000000
0.0000000000000000
0.0000000000000000
0.0000000000000000
0.0000000000000000
0.0000000000000000
0.0000000000000000
0.0000000000000000
0.0000000000000000
0.0000000000000000
0.0247689406728164
0.0638300397457024
0.0942173404639213
0.1130778088493593
0.1194577993286477
0.1133712247036102
0.0957437581738377
0.0683886556186616
0.0000000000000000
0.0000000000000000
0.0000000000000000
0.0000000000000000
0.0000000000000000
0.0000000000000000
0.0000000000000000
0.0000000000000000
0.0000000000000000
0.0000000000000000
0.0000000000000000
0.0000000000000000
0.0000000000000000
0.0000000000000000
0.0000000000000000
0.0000000000000000
0.0243910636719467
0.0636481330810119
0.0942030244284798
0.1132036888041625
0.1197036337809671
0.1137163889641467
0.0961645141763078
0.0688576544834701
0.0000000000000000
0.0000000000000000
0.0000000000000000
0.0000000000000000
0.0000000000000000
0.0000000000000000
0.0000000000000000
0.0000000000000000
0.0000000000000000
0.0000000000000000
0.0000000000000000
0.0000000000000000
0.0000000000000000
0.0000000000000000
0.0000000000000000
0.0000000000000000
0.0240071395851627
0.0634727372558877
0.0942013236167914
0.1133446659275896
0.1199651635369359
0.1140767236552182
0.0965992231105460
0.0693390145860795
0.0000000000000000
0.0000000000000000
0.0000000000000000
0.0000000000000000
0.0000000000000000
0.0000000000000000
0.0000000000000000
0.0000000000000000
0.0000000000000000
0.0000000000000000
0.0000000000000000
0.0000000000000000
0.0000000000000000
0.0000000000000000
0.0000000000000000
0.0000000000000000
0.0236166727201441
0.0633036164247594
0.0942120716758757
0.1135005384513358
0.1202421261843062
0.1144519081251483
0.0970475207682766
0.0698323492396731
0.0000000000000000
0.0000000000000000
0.0000000000000000
0.0000000000000000
0.0000000000000000
0.0000000000000000
0.0000000000000000
0.0000000000000000
0.0000000000000000
0.0000000000000000
0.0000000000000000
0.0000000000000000
0.0000000000000000
0.0000000000000000
0.0000000000000000
0.0000000000000000
0.0232191374425706
0.0631405119502863
0.0942350865214103
0.1136710911376214
0.1205342474574847
0.1148416117007968
0.0975090350634515
0.0703372662374623
0.0000000000000000
0.0000000000000000
0.0000000000000000
0.0000000000000000
0.0000000000000000
0.0000000000000000
0.0000000000000000
0.0000000000000000
0.0000000000000000
0.0000000000000000
0.0000000000000000
0.0000000000000000
0.0000000000000000
0.0000000000000000
0.0000000000000000
0.0000000000000000
0.0228139807037658
0.0629831427953890
0.0942701708326313
0.1138560957591937
0.1208412416755285
0.1152454940870829
0.0979833864033628
0.0708533681615459
0.0000000000000000
0.0000000000000000
0.0000000000000000
0.0000000000000000
0.0000000000000000
0.0000000000000000
0.0000000000000000
0.0000000000000000
0.0000000000000000
0.0000000000000000
0.0000000000000000
0.0000000000000000
0.0000000000000000
0.0000000000000000
0.0000000000000000
0.0000000000000000
0.0224006245875414
0.0628312054288594
0.0943171121316603
0.1140553112346998
0.1211628119518543
0.1156632056517400
0.0984701880286515
0.0713802527917343
0.0000000000000000
0.0000000000000000
0.0000000000000000
0.0000000000000000
0.0000000000000000
0.0000000000000000
0.0000000000000000
0.0000000000000000
0.0000000000000000
0.0000000000000000
0.0000000000000000
0.0000000000000000
0.0000000000000000
0.0000000000000000
0.0000000000000000
0.0000000000000000
0.0219784692922772
0.0626843735162010
0.0943756825830636
0.1142684835074034
0.1214986501622845
0.1160943874943059
0.0989690461872334
0.0719175133365317
0.0000000000000000
0.0000000000000000
0.0000000000000000
0.0000000000000000
0.0000000000000000
0.0000000000000000
0.0000000000000000
0.0000000000000000
0.0000000000000000
0.0000000000000000
0.0000000000000000
0.0000000000000000
0.0000000000000000
0.0000000000000000
0.0000000000000000
0.0000000000000000
0.0215468969153374
0.0625422976847927
0.0944456387829196
0.1144953453037044
0.1218484367211239
0.1165386712598536
0.0994795599766132
0.0724647383181170
0.0000000000000000
0.0000000000000000
0.0000000000000000
0.0000000000000000
0.0000000000000000
0.0000000000000000
0.0000000000000000
0.0000000000000000
0.0000000000000000
0.0000000000000000
0.0000000000000000
0.0000000000000000
0.0000000000000000
0.0000000000000000
0.0000000000000000
0.0000000000000000
0.0211052765571990
0.0624046057348135
0.0945267217761933
0.1147356159635934
0.1222118402508024
0.1169956786720392
0.1000013207716303
0.0730215108989742
0.0000000000000000
0.0000000000000000
0.0000000000000000
0.0000000000000000
0.0000000000000000
0.0000000000000000
0.0000000000000000
0.0000000000000000
0.0000000000000000
0.0000000000000000
0.0000000000000000
0.0000000000000000
0.0000000000000000
0.0000000000000000
0.0000000000000000
0.0000000000000000
0.0206529710375164
0.0622709035315920
0.0946186575354043
0.1149890014666713
0.1225885172118179
0.1174650208105159
0.1005339111841730
0.0735874075977745
0.0000000000000000
0.0000000000000000
0.0000000000000000
0.0000000000000000
0.0000000000000000
0.0000000000000000
0.0000000000000000
0.0000000000000000
0.0000000000000000
0.0000000000000000
0.0000000000000000
0.0000000000000000
0.0000000000000000
0.0000000000000000
0.0000000000000000
0.0000000000000000
0.0201893454237487
0.0621407766054274
0.0947211578376664
0.1152551946273253
0.1229781114632681
0.1179462970986185
0.1010769035679637
0.0741619964046669
0.0000000000000000
0.0000000000000000
0.0000000000000000
0.0000000000000000
0.0000000000000000
0.0000000000000000
0.0000000000000000
0.0000000000000000
0.0000000000000000
0.0000000000000000
0.0000000000000000
0.0000000000000000
0.0000000000000000
0.0000000000000000
0.0000000000000000
0.0000000000000000
0.0197137773202302
0.0620137922029467
0.0948339213313313
0.1155338752455968
0.1233802536152734
0.1184390939530508
0.1016298580678464
0.0747448343895013
0.0000000000000000
0.0000000000000000
0.0000000000000000
0.0000000000000000
0.0000000000000000
0.0000000000000000
0.0000000000000000
0.0000000000000000
0.0000000000000000
0.0000000000000000
0.0000000000000000
0.0000000000000000
0.0000000000000000
0.0000000000000000
0.0000000000000000
0.0000000000000000
0.0192256688843639
0.0618895015681068
0.0949566345136367
0.1158247100377002
0.1237945600662837
0.1189429830689580
0.1021923203059349
0.0753354649336462
0.0000000000000000
0.0000000000000000
0.0000000000000000
0.0000000000000000
0.0000000000000000
0.0000000000000000
0.0000000000000000
0.0000000000000000
0.0000000000000000
0.0000000000000000
0.0000000000000000
0.0000000000000000
0.0000000000000000
0.0000000000000000
0.0000000000000000
0.0000000000000000
0.0187244604622126
0.0617674422775323
0.0950889726132608
0.1161273524124194
0.1242206319143710
0.1194575196247317
0.1027638190266760
0.0759334149999178
0.0000000000000000
0.0000000000000000
0.0000000000000000
0.0000000000000000
0.0000000000000000
0.0000000000000000
0.0000000000000000
0.0000000000000000
0.0000000000000000
0.0000000000000000
0.0000000000000000
0.0000000000000000
0.0000000000000000
0.0000000000000000
0.0000000000000000
0.0000000000000000
0.0182096455109742
0.0616471406585608
0.0952306006331730
0.1164414425869119
0.1246580543614131
0.1199822411284163
0.1033438645137235
0.0765381932276143
0.0000000000000000
0.0000000000000000
0.0000000000000000
0.0000000000000000
0.0000000000000000
0.0000000000000000
0.0000000000000000
0.0000000000000000
0.0000000000000000
0.0000000000000000
0.0000000000000000
0.0000000000000000
0.0000000000000000
0.0000000000000000
0.0000000000000000
0.0000000000000000
0.0176807859201198
0.0615281140491974
0.0953811748387784
0.1167666086080215
0.1251063974269019
0.1205166678880451
0.1039319488526978
0.0771492900378018
0.0000000000000000
0.0000000000000000
0.0000000000000000
0.0000000000000000
0.0000000000000000
0.0000000000000000
0.0000000000000000
0.0000000000000000
0.0000000000000000
0.0000000000000000
0.0000000000000000
0.0000000000000000
0.0000000000000000
0.0000000000000000
0.0000000000000000
0.0000000000000000
0.0171375266028495
0.0614098722597498
0.0955403445110686
0.1171024684606341
0.1255652183821244
0.1210603057107649
0.1045275488106930
0.0777661805637129
0.0000000000000000
0.0000000000000000
0.0000000000000000
0.0000000000000000
0.0000000000000000
0.0000000000000000
0.0000000000000000
0.0000000000000000
0.0000000000000000
0.0000000000000000
0.0000000000000000
0.0000000000000000
0.0000000000000000
0.0000000000000000
0.0000000000000000
0.0000000000000000
0.0165796085007814
0.0612919173686559
0.0957077532307362
0.1174486326052652
0.1260340653850902
0.1216126504472475
0.1051301310546814
0.0783883303018716
0.0000000000000000
0.0000000000000000
0.0000000000000000
0.0000000000000000
0.0000000000000000
0.0000000000000000
0.0000000000000000
0.0000000000000000
0.0000000000000000
0.0000000000000000
0.0000000000000000
0.0000000000000000
0.0000000000000000
0.0000000000000000
0.0000000000000000
0.0000000000000000
0.0160068804681634
0.0611737411674900
0.0958830386157378
0.1178047056801514
0.1265124809110285
0.1221731929074418
0.1057391582666384
0.0790152020346939
0.0000000000000000
0.0000000000000000
0.0000000000000000
0.0000000000000000
0.0000000000000000
0.0000000000000000
0.0000000000000000
0.0000000000000000
0.0000000000000000
0.0000000000000000
0.0000000000000000
0.0000000000000000
0.0000000000000000
0.0000000000000000
0.0000000000000000
0.0000000000000000
0.0154193117208174
0.0610548205278823
0.0960658299424251
0.1181702862248179
0.1270000034661634
0.1227414223816928
0.1063540941729933
0.0796462620100796
0.0000000000000000
0.0000000000000000
0.0000000000000000
0.0000000000000000
0.0000000000000000
0.0000000000000000
0.0000000000000000
0.0000000000000000
0.0000000000000000
0.0000000000000000
0.0000000000000000
0.0000000000000000
0.0000000000000000
0.0000000000000000
0.0000000000000000
0.0000000000000000
0.0148170072023331
0.0609346117649593
0.0962557440041748
0.1185449642637982
0.1274961669698788
0.1233168277643548
0.1069744062382945
0.0802809838669567
0.0000000000000000
0.0000000000000000
0.0000000000000000
0.0000000000000000
0.0000000000000000
0.0000000000000000
0.0000000000000000
0.0000000000000000
0.0000000000000000
0.0000000000000000
0.0000000000000000
0.0000000000000000
0.0000000000000000
0.0000000000000000
0.0000000000000000
0.0000000000000000
0.0142002274034485
0.0608125455800763
0.0964523805092357
0.1189283177828155
0.1280004985596879
0.1238988967450331
0.1075995661432378
0.0809188502160961
0.0000000000000000
0.0000000000000000
0.0000000000000000
0.0000000000000000
0.0000000000000000
0.0000000000000000
0.0000000000000000
0.0000000000000000
0.0000000000000000
0.0000000000000000
0.0000000000000000
0.0000000000000000
0.0000000000000000
0.0000000000000000
0.0000000000000000
0.0000000000000000
0.0135694127191786
0.0606880237130252
0.0966553186025647
0.1193199097832887
0.1285125164522964
0.1244871145640321
0.1082290494097329
0.0815593529873854
0.0000000000000000
0.0000000000000000
0.0000000000000000
0.0000000000000000
0.0000000000000000
0.0000000000000000
0.0000000000000000
0.0000000000000000
0.0000000000000000
0.0000000000000000
0.0000000000000000
0.0000000000000000
0.0000000000000000
0.0000000000000000
0.0000000000000000
0.0000000000000000
0.0129252111753283
0.0605604176473682
0.0968641154489292
0.1197192871899690
0.1290317292874169
0.1250809638008574
0.1088623355744045
0.0822019939151666
0.0000000000000000
0.0000000000000000
0.0000000000000000
0.0000000000000000
0.0000000000000000
0.0000000000000000
0.0000000000000000
0.0000000000000000
0.0000000000000000
0.0000000000000000
0.0000000000000000
0.0000000000000000
0.0000000000000000
0.0000000000000000
0.0000000000000000
0.0000000000000000
0.0122685082138717
0.0604290689415687
0.0970783069155464
0.1201259818251006
0.1295576372997370
0.1256799256363581
0.1094989094425231
0.0828462856799601
0.0000000000000000
0.0000000000000000
0.0000000000000000
0.0000000000000000
0.0000000000000000
0.0000000000000000
0.0000000000000000
0.0000000000000000
0.0000000000000000
0.0000000000000000
0.0000000000000000
0.0000000000000000
0.0000000000000000
0.0000000000000000
0.0000000000000000
0.0000000000000000
0.0116004577905223
0.0602932905595271
0.0972974095550775
0.1205395126760617
0.1300897345803320
0.1262834819264484
0.1101382628456027
0.0834917532975065
0.0000000000000000
0.0000000000000000
0.0000000000000000
0.0000000000000000
0.0000000000000000
0.0000000000000000
0.0000000000000000
0.0000000000000000
0.0000000000000000
0.0000000000000000
0.0000000000000000
0.0000000000000000
0.0000000000000000
0.0000000000000000
0.0000000000000000
0.0000000000000000
0.0109225146676025
0.0601523687029674
0.0975209230259654
0.1209593883759283
0.1306275113207026
0.1268911170209026
0.1107798959453847
0.0841379348653065
0.0000000000000000
0.0000000000000000
0.0000000000000000
0.0000000000000000
0.0000000000000000
0.0000000000000000
0.0000000000000000
0.0000000000000000
0.0000000000000000
0.0000000000000000
0.0000000000000000
0.0000000000000000
0.0000000000000000
0.0000000000000000
0.0000000000000000
0.0000000000000000
0.0102364674146124
0.0600055650027773
0.0977483323748139
0.1213851092451294
0.1311704553670656
0.1275023187189973
0.1114233175443878
0.0847843812858720
0.0000000000000000
0.0000000000000000
0.0000000000000000
0.0000000000000000
0.0000000000000000
0.0000000000000000
0.0000000000000000
0.0000000000000000
0.0000000000000000
0.0000000000000000
0.0000000000000000
0.0000000000000000
