0.0000000000000000
0.0000000000000000
0.0000000000000000
0.0000000000000000
0.0878718990207220
0.1438490856982064
0.1552806955892737
0.1426949767173066
0.1149129949903181
0.0775481583892267
0.0000000000000000
0.0000000000000000
0.0176035371585111
0.0317081732406379
0.0267566854810621
0.0206231168291711
0.0135619845789141
0.0056145968127757
0.0000000000000000
0.0000000000000000
0.0000000000000000
0.0000000000000000
0.0000000000000000
0.0000000000000000
0.0000000000000000
0.0000000000000000
0.0000000000000000
0.0000000000000000
0.0866902336366923
0.1434580559005668
0.1552198139665787
0.1428003800378374
0.1151067080229367
0.0777788393364671
0.0000000000000000
0.0000000000000000
0.0176054465344937
0.0317217752315525
0.0267770252499385
0.0206468346790068
0.0135858217878172
0.0056355301500105
0.0000000000000000
0.0000000000000000
0.0000000000000000
0.0000000000000000
0.0000000000000000
0.0000000000000000
0.0000000000000000
0.0000000000000000
0.0000000000000000
0.0000000000000000
0.0854586730510649
0.1430468182342545
0.1551468101346512
0.1428950728890864
0.1152890030582695
0.0779967119419424
0.0000000000000000
0.0000000000000000
0.0176061705983459
0.0317327184871526
0.0267943711948769
0.0206671716517744
0.0136057762578426
0.0056517615193323
0.0000000000000000
0.0000000000000000
0.0000000000000000
0.0000000000000000
0.0000000000000000
0.0000000000000000
0.0000000000000000
0.0000000000000000
0.0000000000000000
0.0000000000000000
0.0841767588445778
0.1426151600513822
0.1550615055543625
0.1429788287287319
0.1154596188555448
0.0782015090470704
0.0000000000000000
0.0000000000000000
0.0176056968199810
0.0317409706452712
0.0268086867575211
0.0206840903849854
0.0136218133548747
0.0056632600206090
0.0000000000000000
0.0000000000000000
0.0000000000000000
0.0000000000000000
0.0000000000000000
0.0000000000000000
0.0000000000000000
0.0000000000000000
0.0000000000000000
0.0000000000000000
0.0828440382607708
0.1421628590683549
0.1549637196263384
0.1430514225730986
0.1156182990023990
0.0783929714779556
0.0000000000000000
0.0000000000000000
0.0176040126665774
0.0317464997612974
0.0268199362363476
0.0206975547705366
0.0136338999141992
0.0056699964623215
0.0000000000000000
0.0000000000000000
0.0000000000000000
0.0000000000000000
0.0000000000000000
0.0000000000000000
0.0000000000000000
0.0000000000000000
0.0000000000000000
0.0000000000000000
0.0814600742549265
0.1416896845237495
0.1548532696786499
0.1431126302489122
0.1157647907012671
0.0785708465089490
0.0000000000000000
0.0000000000000000
0.0176011055525681
0.0317492741528043
0.0268280845792954
0.0207075297066484
0.0136420039469656
0.0056719429934876
0.0000000000000000
0.0000000000000000
0.0000000000000000
0.0000000000000000
0.0000000000000000
0.0000000000000000
0.0000000000000000
0.0000000000000000
0.0000000000000000
0.0000000000000000
0.0800244550686369
0.1411953979198287
0.1547299710621314
0.1431622281024774
0.1158988441984060
0.0787348871400883
0.0000000000000000
0.0000000000000000
0.0175969628190101
0.0317492623323243
0.0268330972949399
0.0207139809829296
0.0136460945008362
0.0056690729126003
0.0000000000000000
0.0000000000000000
0.0000000000000000
0.0000000000000000
0.0000000000000000
0.0000000000000000
0.0000000000000000
0.0000000000000000
0.0000000000000000
0.0000000000000000
0.0785368037489578
0.1406797534399436
0.1545936373480024
0.1431999930754543
0.1160202128135981
0.0788848520588754
0.0000000000000000
0.0000000000000000
0.0175915717408690
0.0317464330214696
0.0268349404611599
0.0207168752863826
0.0136461416513816
0.0056613606452851
0.0000000000000000
0.0000000000000000
0.0000000000000000
0.0000000000000000
0.0000000000000000
0.0000000000000000
0.0000000000000000
0.0000000000000000
0.0000000000000000
0.0000000000000000
0.0769967882710772
0.1401424982075566
0.1544440806319441
0.1432257030770651
0.1161286533515583
0.0790205061001475
0.0000000000000000
0.0000000000000000
0.0175849195562134
0.0317407552221468
0.0268335808092664
0.0207161802885814
0.0136421165940059
0.0056487818405768
0.0000000000000000
0.0000000000000000
0.0000000000000000
0.0000000000000000
0.0000000000000000
0.0000000000000000
0.0000000000000000
0.0000000000000000
0.0000000000000000
0.0000000000000000
0.0754041332297818
0.1395833726370790
0.1542811119426519
0.1432391374939191
0.1162239267225530
0.0791416209100510
0.0000000000000000
0.0000000000000000
0.0175769935089847
0.0317321983217201
0.0268289858413364
0.0207118647760059
0.0136339917729864
0.0056313135305283
0.0000000000000000
0.0000000000000000
0.0000000000000000
0.0000000000000000
0.0000000000000000
0.0000000000000000
0.0000000000000000
0.0000000000000000
0.0000000000000000
0.0000000000000000
0.0737586338953411
0.1390021110988987
0.1541045417412649
0.1432400776844930
0.1163057984570323
0.0792479755020203
0.0000000000000000
0.0000000000000000
0.0175677808923617
0.0317207321867350
0.0268211239316941
0.0207038987512187
0.0136217409875425
0.0056089342669003
0.0000000000000000
0.0000000000000000
0.0000000000000000
0.0000000000000000
0.0000000000000000
0.0000000000000000
0.0000000000000000
0.0000000000000000
0.0000000000000000
0.0000000000000000
0.0720601737805471
0.1383984431758658
0.1539141805007294
0.1432283072730552
0.1163740388598385
0.0793393563086657
0.0000000000000000
0.0000000000000000
0.0175572690814209
0.0317063272134884
0.0268099643606629
0.0206922534564065
0.0136053393967479
0.0055816241632660
0.0000000000000000
0.0000000000000000
0.0000000000000000
0.0000000000000000
0.0000000000000000
0.0000000000000000
0.0000000000000000
0.0000000000000000
0.0000000000000000
0.0000000000000000
0.0703087463714985
0.1377720957051869
0.1537098393736833
0.1432036121562083
0.1164284226297264
0.0794155565975157
0.0000000000000000
0.0000000000000000
0.0175454455481498
0.0316889543146209
0.0267954772653171
0.0206769012894563
0.0135847634104489
0.0055493648139641
0.0000000000000000
0.0000000000000000
0.0000000000000000
0.0000000000000000
0.0000000000000000
0.0000000000000000
0.0000000000000000
0.0000000000000000
0.0000000000000000
0.0000000000000000
0.0685044815758232
0.1371227957237351
0.1534913310064347
0.1431657802740478
0.1164687280386972
0.0794763752905719
0.0000000000000000
0.0000000000000000
0.0175322978681551
0.0316685848663349
0.0267776335287737
0.0206578156527240
0.0135599904995825
0.0055121391508645
0.0000000000000000
0.0000000000000000
0.0000000000000000
0.0000000000000000
0.0000000000000000
0.0000000000000000
0.0000000000000000
0.0000000000000000
0.0000000000000000
0.0000000000000000
0.0666476769316136
0.1364502743090579
0.1532584706066066
0.1431146013668418
0.1164947359419859
0.0795216155981148
0.0000000000000000
0.0000000000000000
0.0175178137346247
0.0316451906628787
0.0267564046774713
0.0206349708039556
0.0135309990163342
0.0054699313292255
0.0000000000000000
0.0000000000000000
0.0000000000000000
0.0000000000000000
0.0000000000000000
0.0000000000000000
0.0000000000000000
0.0000000000000000
0.0000000000000000
0.0000000000000000
0.0647388335599556
0.1357542713158605
0.1530110773599436
0.1430498669066267
0.1165062289453647
0.0795510837754344
0.0000000000000000
0.0000000000000000
0.0175019809958539
0.0316187439195229
0.0267317628263412
0.0206083417671847
0.0134977680803863
0.0054227267238043
0.0000000000000000
0.0000000000000000
0.0000000000000000
0.0000000000000000
0.0000000000000000
0.0000000000000000
0.0000000000000000
0.0000000000000000
0.0000000000000000
0.0000000000000000
0.0627786961643484
0.1350345406976008
0.1527489761486747
0.1429713702964009
0.1165029908106798
0.0795645881682080
0.0000000000000000
0.0000000000000000
0.0174847877104848
0.0315892173172042
0.0267036806743692
0.0205779042908359
0.0134602775166955
0.0053705119920938
0.0000000000000000
0.0000000000000000
0.0000000000000000
0.0000000000000000
0.0000000000000000
0.0000000000000000
0.0000000000000000
0.0000000000000000
0.0000000000000000
0.0000000000000000
0.0607682950876543
0.1342908556883746
0.1524719992677540
0.1428789071838334
0.1164848060862791
0.0795619384572129
0.0000000000000000
0.0000000000000000
0.0174662221956462
0.0315565840389848
0.0266721314902232
0.0205436347958338
0.0134185077617970
0.0053132751126245
0.0000000000000000
0.0000000000000000
0.0000000000000000
0.0000000000000000
0.0000000000000000
0.0000000000000000
0.0000000000000000
0.0000000000000000
0.0000000000000000
0.0000000000000000
0.0587089866016204
0.1335230124347865
0.1521799876282172
0.1427722757542112
0.1164514598915618
0.0795429451387968
0.0000000000000000
0.0000000000000000
0.0174462730377915
0.0315208177516380
0.0266370890515506
0.0205055102648441
0.0133724396957562
0.0052510053239354
0.0000000000000000
0.0000000000000000
0.0000000000000000
0.0000000000000000
0.0000000000000000
0.0000000000000000
0.0000000000000000
0.0000000000000000
0.0000000000000000
0.0000000000000000
0.0566024874209508
0.1327308305498626
0.1518727909930829
0.1426512769971461
0.1164027381673697
0.0795074196125984
0.0000000000000000
0.0000000000000000
0.0174249290626447
0.0314818925501401
0.0265985275771405
0.0204635081433109
0.0133220544673688
0.0051836930690679
0.0000000000000000
0.0000000000000000
0.0000000000000000
0.0000000000000000
0.0000000000000000
0.0000000000000000
0.0000000000000000
0.0000000000000000
0.0000000000000000
0.0000000000000000
0.0544509013871321
0.1319141499171987
0.1515502672029025
0.1425157152691539
0.1163384289012654
0.0794551756340251
0.0000000000000000
0.0000000000000000
0.0174021793015645
0.0314397829734945
0.0265564217924123
0.0204176064123319
0.0132673335317222
0.0051113302111649
0.0000000000000000
0.0000000000000000
0.0000000000000000
0.0000000000000000
0.0000000000000000
0.0000000000000000
0.0000000000000000
0.0000000000000000
0.0000000000000000
0.0000000000000000
0.0522567409844227
0.1310728245390373
0.1512122809043793
0.1423653995965040
0.1162583248627116
0.0793860327014384
0.0000000000000000
0.0000000000000000
0.0173780130205937
0.0313944642321058
0.0265107472868470
0.0203677840289497
0.0132082591121037
0.0050339108210218
0.0000000000000000
0.0000000000000000
0.0000000000000000
0.0000000000000000
0.0000000000000000
0.0000000000000000
0.0000000000000000
0.0000000000000000
0.0000000000000000
0.0000000000000000
0.0500229497950359
0.1302067157003463
0.1508587026184946
0.1422001460004161
0.1161622278681220
0.0792998214074354
0.0000000000000000
0.0000000000000000
0.0173524198607839
0.0313459127269891
0.0264614812269833
0.0203140217856585
0.0131448151673506
0.0049514326411252
0.0000000000000000
0.0000000000000000
0.0000000000000000
0.0000000000000000
0.0000000000000000
0.0000000000000000
0.0000000000000000
0.0000000000000000
0.0000000000000000
0.0000000000000000
0.0477529326171626
0.1293156867271770
0.1504894087615089
0.1420197806384204
0.1160499539382404
0.0791963897913046
0.0000000000000000
0.0000000000000000
0.0173253900853911
0.0312941067897829
0.0264086033134199
0.0202563034445487
0.0130769886754776
0.0048638990292281
0.0000000000000000
0.0000000000000000
0.0000000000000000
0.0000000000000000
0.0000000000000000
0.0000000000000000
0.0000000000000000
0.0000000000000000
0.0000000000000000
0.0000000000000000
0.0454505960111801
0.1283996004399784
0.1501042825722393
0.1418241430908283
0.1159213381967737
0.0790756092993540
0.0000000000000000
0.0000000000000000
0.0172969148622146
0.0312390274510137
0.0263520967244043
0.0201946168333844
0.0130047708704974
0.0047713209289404
0.0000000000000000
0.0000000000000000
0.0000000000000000
0.0000000000000000
0.0000000000000000
0.0000000000000000
0.0000000000000000
0.0000000000000000
0.0000000000000000
0.0000000000000000
0.0431203970432460
0.1274583185467599
0.1497032152617297
0.1416130889046498
0.1157762384275245
0.0789373789633860
0.0000000000000000
0.0000000000000000
0.0172669864861822
0.0311806589991453
0.0262919487770398
0.0201289545871865
0.0129281580598033
0.0046737184386598
0.0000000000000000
0.0000000000000000
0.0000000000000000
0.0000000000000000
0.0000000000000000
0.0000000000000000
0.0000000000000000
0.0000000000000000
0.0000000000000000
0.0000000000000000
0.0407673949852982
0.1264917013407475
0.1492861065485547
0.1413864907988079
0.1156145366641410
0.0787816271865596
0.0000000000000000
0.0000000000000000
0.0172355984728558
0.0311189891976926
0.0262281511572238
0.0200593143823464
0.0128471518458336
0.0045711217626029
0.0000000000000000
0.0000000000000000
0.0000000000000000
0.0000000000000000
0.0000000000000000
0.0000000000000000
0.0000000000000000
0.0000000000000000
0.0000000000000000
0.0000000000000000
0.0383973017813011
0.1254996065214576
0.1488528641985573
0.1411442384626848
0.1154361389672403
0.0786083113212075
0.0000000000000000
0.0000000000000000
0.0172027455202892
0.0310540091706800
0.0261606997588407
0.0199856987122492
0.0127617588227685
0.0044635716720794
0.0000000000000000
0.0000000000000000
0.0000000000000000
0.0000000000000000
0.0000000000000000
0.0000000000000000
0.0000000000000000
0.0000000000000000
0.0000000000000000
0.0000000000000000
0.0360165299498919
0.1244818873251636
0.1484034028412085
0.1408862373771654
0.1152409739438898
0.0784174158086023
0.0000000000000000
0.0000000000000000
0.0171684233904599
0.0309857130922224
0.0260895942884975
0.0199081144048510
0.0126719899827636
0.0043511197816406
0.0000000000000000
0.0000000000000000
0.0000000000000000
0.0000000000000000
0.0000000000000000
0.0000000000000000
0.0000000000000000
0.0000000000000000
0.0000000000000000
0.0000000000000000
0.0336322386111697
0.1234383910313172
0.1479376427184901
0.1406124072825936
0.1150289907288141
0.0782089496723472
0.0000000000000000
0.0000000000000000
0.0171326287766144
0.0309140978298537
0.0260148378186868
0.0198265720790706
0.0125778600656242
0.0042338289588172
0.0000000000000000
0.0000000000000000
0.0000000000000000
0.0000000000000000
0.0000000000000000
0.0000000000000000
0.0000000000000000
0.0000000000000000
0.0000000000000000
0.0000000000000000
0.0312523766571943
0.1223689588589965
0.1474555088771480
0.1403226807238648
0.1148001569140782
0.0779829439393906
0.0000000000000000
0.0000000000000000
0.0170953591961388
0.0308391626336820
0.0259364363812354
0.0197410856541188
0.0124793869737877
0.0041117740407562
0.0000000000000000
0.0000000000000000
0.0000000000000000
0.0000000000000000
0.0000000000000000
0.0000000000000000
