0.0000000000000000
0.0000000000000000
0.0000000000000000
0.0000000000000000
0.0878720930918865
0.1438491546518484
0.1552806964034183
0.1426949346808995
0.1149129247019496
0.0775480713171658
0.0371092516187316
0.0370450886468425
0.0000000000000000
0.0000000000000000
0.0000000000000000
0.0103115491025541
0.0135619612917995
0.0056145683939465
0.0000000000000000
0.0000000000000000
0.0000000000000000
0.0000000000000000
0.0000000000000000
0.0000000000000000
0.0000000000000000
0.0000000000000000
0.0000000000000000
0.0000000000000000
0.0866904301391341
0.1434581259843884
0.1552198153313300
0.1428003382994767
0.1151066378820708
0.0777787523007057
0.0370869175753092
0.0370366694973242
0.0000000000000000
0.0000000000000000
0.0000000000000000
0.0103234080420590
0.0135857985268460
0.0056355017484790
0.0000000000000000
0.0000000000000000
0.0000000000000000
0.0000000000000000
0.0000000000000000
0.0000000000000000
0.0000000000000000
0.0000000000000000
0.0000000000000000
0.0000000000000000
0.0854588720893742
0.1430468894914964
0.1551468120622868
0.1428950314506496
0.1152889330627448
0.0779966249388389
0.0370626075288526
0.0370261113142217
0.0000000000000000
0.0000000000000000
0.0000000000000000
0.0103335765429349
0.0136057530222620
0.0056517331335858
0.0000000000000000
0.0000000000000000
0.0000000000000000
0.0000000000000000
0.0000000000000000
0.0000000000000000
0.0000000000000000
0.0000000000000000
0.0000000000000000
0.0000000000000000
0.0841769605219865
0.1426152325259816
0.1550615080571820
0.1429787875920309
0.1154595490031681
0.0782014220730112
0.0370363182640076
0.0370133989707471
0.0000000000000000
0.0000000000000000
0.0000000000000000
0.0103420359239309
0.0136217901439276
0.0056632316490990
0.0000000000000000
0.0000000000000000
0.0000000000000000
0.0000000000000000
0.0000000000000000
0.0000000000000000
0.0000000000000000
0.0000000000000000
0.0000000000000000
0.0000000000000000
0.0828442426786774
0.1421629328049906
0.1549637227166766
0.1430513817398877
0.1156182292909523
0.0783928845293611
0.0370080458887051
0.0369985169615089
0.0000000000000000
0.0000000000000000
0.0000000000000000
0.0103487681309890
0.0136338767271246
0.0056699681034750
0.0000000000000000
0.0000000000000000
0.0000000000000000
0.0000000000000000
0.0000000000000000
0.0000000000000000
0.0000000000000000
0.0000000000000000
0.0000000000000000
0.0000000000000000
0.0814602815123270
0.1416897595678862
0.1548532733688877
0.1431125897208943
0.1157647211285142
0.0785707595822799
0.0369777858508163
0.0369814493602341
0.0000000000000000
0.0000000000000000
0.0000000000000000
0.0000000000000000
0.0136419807829983
0.0056719146457182
0.0000000000000000
0.0000000000000000
0.0000000000000000
0.0000000000000000
0.0000000000000000
0.0000000000000000
0.0000000000000000
0.0000000000000000
0.0000000000000000
0.0000000000000000
0.0800246652614496
0.1411954743177575
0.1547299753647057
0.1431621878813104
0.1158987747620983
0.0787348002318513
0.0369455329499261
0.0369621798056931
0.0000000000000000
0.0000000000000000
0.0000000000000000
0.0000000000000000
0.0136460713592068
0.0056690445743182
0.0000000000000000
0.0000000000000000
0.0000000000000000
0.0000000000000000
0.0000000000000000
0.0000000000000000
0.0000000000000000
0.0000000000000000
0.0000000000000000
0.0000000000000000
0.0785370169692323
0.1406798312388240
0.1545936422754156
0.1431999531627561
0.1160201435114793
0.0788847651656278
0.0369112813496035
0.0369406915154649
0.0000000000000000
0.0000000000000000
0.0000000000000000
0.0000000000000000
0.0136461185313165
0.0056613323149081
0.0000000000000000
0.0000000000000000
0.0000000000000000
0.0000000000000000
0.0000000000000000
0.0000000000000000
0.0000000000000000
0.0000000000000000
0.0000000000000000
0.0000000000000000
0.0769970046060629
0.1401425774554578
0.1544440861967735
0.1432256634744192
0.1161285841813705
0.0790204192185037
0.0368750246011482
0.0369169673280728
0.0000000000000000
0.0000000000000000
0.0000000000000000
0.0000000000000000
0.0136420934947265
0.0056487535165412
0.0000000000000000
0.0000000000000000
0.0000000000000000
0.0000000000000000
0.0000000000000000
0.0000000000000000
0.0000000000000000
0.0000000000000000
0.0000000000000000
0.0000000000000000
0.0754043527608530
0.1395834533830218
0.1542811181575592
0.1432390982028805
0.1162238576820420
0.0791415340366865
0.0368367556850822
0.0368909897669205
0.0000000000000000
0.0000000000000000
0.0000000000000000
0.0000000000000000
0.0136339686937095
0.0056312852113001
0.0000000000000000
0.0000000000000000
0.0000000000000000
0.0000000000000000
0.0000000000000000
0.0000000000000000
0.0000000000000000
0.0000000000000000
0.0000000000000000
0.0000000000000000
0.0737588566967378
0.1390021933928951
0.1541045486190057
0.1432400387065938
0.1163057295439538
0.0792478886336782
0.0369012509393354
0.0368627411177371
0.0000000000000000
0.0000000000000000
0.0000000000000000
0.0000000000000000
0.0136217179274798
0.0056089059509877
0.0000000000000000
0.0000000000000000
0.0000000000000000
0.0000000000000000
0.0000000000000000
0.0000000000000000
0.0000000000000000
0.0000000000000000
0.0000000000000000
0.0000000000000000
0.0720603999179207
0.1383985270689574
0.1539141880541611
0.1432282686098096
0.1163739700719625
0.0793392694421620
0.0369761211014281
0.0368322035078011
0.0000000000000000
0.0000000000000000
0.0000000000000000
0.0000000000000000
0.0136053163551058
0.0055815958492324
0.0000000000000000
0.0000000000000000
0.0000000000000000
0.0000000000000000
0.0000000000000000
0.0000000000000000
0.0000000000000000
0.0000000000000000
0.0000000000000000
0.0000000000000000
0.0703089759002261
0.1377721812494775
0.1537098476157709
0.1432035738091166
0.1164283539648425
0.0794154697297441
0.0370347232157648
0.0367993589831754
0.0000000000000000
0.0000000000000000
0.0000000000000000
0.0000000000000000
0.0135847403864279
0.0055493365004424
0.0000000000000000
0.0000000000000000
0.0000000000000000
0.0000000000000000
0.0000000000000000
0.0000000000000000
0.0000000000000000
0.0000000000000000
0.0000000000000000
0.0000000000000000
0.0685047145390642
0.1371228829724159
0.1534913399502532
0.1431657422445982
0.1164686594946185
0.0794762884185085
0.0370769051282650
0.0367641895928276
0.0000000000000000
0.0000000000000000
0.0000000000000000
0.0000000000000000
0.0135599674923765
0.0055121108365729
0.0000000000000000
0.0000000000000000
0.0000000000000000
0.0000000000000000
0.0000000000000000
0.0000000000000000
0.0000000000000000
0.0000000000000000
0.0000000000000000
0.0000000000000000
0.0666479133580761
0.1364503633164222
0.1532584802653384
0.1431145636565100
0.1164946675165508
0.0795215287188218
0.0371025210910782
0.0367266775016453
0.0000000000000000
0.0000000000000000
0.0000000000000000
0.0000000000000000
0.0135309760251295
0.0054699030129850
0.0000000000000000
0.0000000000000000
0.0000000000000000
0.0000000000000000
0.0000000000000000
0.0000000000000000
0.0000000000000000
0.0000000000000000
0.0000000000000000
0.0000000000000000
0.0647390734613392
0.1357543621373060
0.1530110877468714
0.1430498295168725
0.1165061606364376
0.0795509968860640
0.0371114304296224
0.0366868051484974
0.0000000000000000
0.0000000000000000
0.0000000000000000
0.0000000000000000
0.0134977451043604
0.0054226984045583
0.0000000000000000
0.0000000000000000
0.0000000000000000
0.0000000000000000
0.0000000000000000
0.0000000000000000
0.0000000000000000
0.0000000000000000
0.0000000000000000
0.0000000000000000
0.0627789395324425
0.1350346333896174
0.1527489872771678
0.1429713332286622
0.1165029226161509
0.0795645012660042
0.0371034964689399
0.0366445554354471
0.0000000000000000
0.0000000000000000
0.0000000000000000
0.0000000000000000
0.0134602545550155
0.0053704836689307
0.0000000000000000
0.0000000000000000
0.0000000000000000
0.0000000000000000
0.0000000000000000
0.0000000000000000
0.0000000000000000
0.0000000000000000
0.0000000000000000
0.0000000000000000
0.0607685418910560
0.1342909503085177
0.1524720111512495
0.1428788704395174
0.1164847380040622
0.0795618515395150
0.0370785856363596
0.0365999118899822
0.0000000000000000
0.0000000000000000
0.0000000000000000
0.0000000000000000
0.0134184848136180
0.0053132467848031
0.0000000000000000
0.0000000000000000
0.0000000000000000
0.0000000000000000
0.0000000000000000
0.0000000000000000
0.0000000000000000
0.0000000000000000
0.0000000000000000
0.0000000000000000
0.0587092367820687
0.1335231090416405
0.1521800002801985
0.1427722393346842
0.1164513919195912
0.0795428582030395
0.0370365667093185
0.0365528587260084
0.0000000000000000
0.0000000000000000
0.0000000000000000
0.0000000000000000
0.0133724167602190
0.0052509769909147
0.0000000000000000
0.0000000000000000
0.0000000000000000
0.0000000000000000
0.0000000000000000
0.0000000000000000
0.0000000000000000
0.0000000000000000
0.0000000000000000
0.0000000000000000
0.0566027408892670
0.1327309292030012
0.1518728044270574
0.1426512409037233
0.1164026703035973
0.0795073326563134
0.0369773106639779
0.0365033807639142
0.0000000000000000
0.0000000000000000
0.0000000000000000
0.0000000000000000
0.0133220315435981
0.0051836647305410
0.0000000000000000
0.0000000000000000
0.0000000000000000
0.0000000000000000
0.0000000000000000
0.0000000000000000
0.0000000000000000
0.0000000000000000
0.0000000000000000
0.0000000000000000
0.0544511580187591
0.1319142506771535
0.1515502814323839
0.1425156795030912
0.1163383611436582
0.0794550886548417
0.0369006919484772
0.0364514632567328
0.0000000000000000
0.0000000000000000
0.0000000000000000
0.0000000000000000
0.0132673106188251
0.0051113018670991
0.0000000000000000
0.0000000000000000
0.0000000000000000
0.0000000000000000
0.0000000000000000
0.0000000000000000
0.0000000000000000
0.0000000000000000
0.0000000000000000
0.0000000000000000
0.0522570006145643
0.1310729274672821
0.1512122959428787
0.1423653641589949
0.1162582572092514
0.0793859456970849
0.0368065919685973
0.0363970917453908
0.0000000000000000
0.0000000000000000
0.0000000000000000
0.0000000000000000
0.0132082362091678
0.0050338824717056
0.0000000000000000
0.0000000000000000
0.0000000000000000
0.0000000000000000
0.0000000000000000
0.0000000000000000
0.0000000000000000
0.0000000000000000
0.0000000000000000
0.0000000000000000
0.0500232122133656
0.1302068208592981
0.1508587184795214
0.1422001108925940
0.1161621603168093
0.0792997343757413
0.0366949047511809
0.0363402520747219
0.0000000000000000
0.0000000000000000
0.0000000000000000
0.0000000000000000
0.0131447922734431
0.0049514042872238
0.0000000000000000
0.0000000000000000
0.0000000000000000
0.0000000000000000
0.0000000000000000
0.0000000000000000
0.0000000000000000
0.0000000000000000
0.0000000000000000
0.0000000000000000
0.0477531975621064
0.1293157941802117
0.1504894254585801
0.1420197458613668
0.1160498864871007
0.0791963027302062
0.0365655438557996
0.0362809306164952
0.0000000000000000
0.0000000000000000
0.0000000000000000
0.0000000000000000
0.0130769657896457
0.0048638706718481
0.0000000000000000
0.0000000000000000
0.0000000000000000
0.0000000000000000
0.0000000000000000
0.0000000000000000
0.0000000000000000
0.0000000000000000
0.0000000000000000
0.0000000000000000
0.0454508631637664
0.1283997102514507
0.1501043001188946
0.1418241086455853
0.1159212708438682
0.0790755222069005
0.0364184488108230
0.0362191146199968
0.0000000000000000
0.0000000000000000
0.0000000000000000
0.0000000000000000
0.0130047479917680
0.0047712925697061
0.0000000000000000
0.0000000000000000
0.0000000000000000
0.0000000000000000
0.0000000000000000
0.0000000000000000
0.0000000000000000
0.0000000000000000
0.0000000000000000
0.0000000000000000
0.0431206660205706
0.1274584307820257
0.1497032336715496
0.1416130547922348
0.1157761711709621
0.0789372918377483
0.0362535896017859
0.0361547925296508
0.0000000000000000
0.0000000000000000
0.0000000000000000
0.0000000000000000
0.0129281351871839
0.0046736900798018
0.0000000000000000
0.0000000000000000
0.0000000000000000
0.0000000000000000
0.0000000000000000
0.0000000000000000
0.0000000000000000
0.0000000000000000
0.0000000000000000
0.0000000000000000
0.0407676653336923
0.1264918160661828
0.1492861258351804
0.1413864570202306
0.1156144695020918
0.0787815400260387
0.0360709684317823
0.0360879541333133
0.0000000000000000
0.0000000000000000
0.0000000000000000
0.0000000000000000
0.0128471289783131
0.0045710934070600
0.0000000000000000
0.0000000000000000
0.0000000000000000
0.0000000000000000
0.0000000000000000
0.0000000000000000
0.0000000000000000
0.0000000000000000
0.0000000000000000
0.0000000000000000
0.0383975729693439
0.1254997238044784
0.1488528843757112
0.1411442050189633
0.1154360718979476
0.0786082241242432
0.0358706190487184
0.0360185905097698
0.0000000000000000
0.0000000000000000
0.0000000000000000
0.0000000000000000
0.0127617359593175
0.0044635433236172
0.0000000000000000
0.0000000000000000
0.0000000000000000
0.0000000000000000
0.0000000000000000
0.0000000000000000
0.0000000000000000
0.0000000000000000
0.0000000000000000
0.0000000000000000
0.0360168013614595
0.1244820072342478
0.1484034239227170
0.1408862042693435
0.1152409069656840
0.0784173285737802
0.0357177976378031
0.0359466938544103
0.0000000000000000
0.0000000000000000
0.0000000000000000
0.0000000000000000
0.0063359838581535
0.0043510914449883
0.0000000000000000
0.0000000000000000
0.0000000000000000
0.0000000000000000
0.0000000000000000
0.0000000000000000
0.0000000000000000
0.0000000000000000
0.0000000000000000
0.0000000000000000
0.0336325095387945
0.1234385136360258
0.1479376647183061
0.1406123745117557
0.1150289238401228
0.0782088623984055
0.0356378999470123
0.0358722572971089
0.0000000000000000
0.0000000000000000
0.0000000000000000
0.0000000000000000
0.0062889188981281
0.0042338006398268
0.0000000000000000
0.0000000000000000
0.0000000000000000
0.0000000000000000
0.0000000000000000
0.0000000000000000
0.0000000000000000
0.0000000000000000
0.0000000000000000
0.0000000000000000
0.0312526462961008
0.1223690842299928
0.1474555318093723
0.1403226482911513
0.1148000901134372
0.0779828566252260
0.0355558721870574
0.0357952747854667
0.0000000000000000
0.0000000000000000
0.0000000000000000
0.0000000000000000
0.0062396823502005
0.0041117457465863
0.0000000000000000
0.0000000000000000
0.0000000000000000
0.0000000000000000
0.0000000000000000
0.0000000000000000
