0.0000000000000000
0.0000000000000000
0.0000000000000000
0.0000000000000000
0.0255084629564677
0.0642142912047414
0.0942844675227723
0.1128721295546666
0.1190142420519939
0.1127276607205221
0.0949455288701459
0.0674892541357017
0.0000000000000000
0.0000000000000000
0.0000000000000000
0.0000000000000000
0.0000000000000000
0.0000000000000000
0.0000000000000000
0.0000000000000000
0.0000000000000000
0.0000000000000000
0.0000000000000000
0.0000000000000000
0.0000000000000000
0.0000000000000000
0.0000000000000000
0.0000000000000000
0.0251413274425391
0.0640187524622236
0.0942444905694462
0.1129672682037048
0.1192279492171605
0.1130415640755387
0.0953373184664017
0.0679323921311659
0.0000000000000000
0.0000000000000000
0.0000000000000000
0.0000000000000000
0.0000000000000000
0.0000000000000000
0.0000000000000000
0.0000000000000000
0.0000000000000000
0.0000000000000000
0.0000000000000000
0.0000000000000000
0.0000000000000000
0.0000000000000000
0.0000000000000000
0.0000000000000000
0.0247690348870247
0.0638301231474720
0.0942174098211094
0.1130778635900321
0.1194578384742792
0.1133712477099025
0.0957437654090633
0.0683886486128460
0.0000000000000000
0.0000000000000000
0.0000000000000000
0.0000000000000000
0.0000000000000000
0.0000000000000000
0.0000000000000000
0.0000000000000000
0.0000000000000000
0.0000000000000000
0.0000000000000000
0.0000000000000000
0.0000000000000000
0.0000000000000000
0.0000000000000000
0.0000000000000000
0.0243911582461617
0.0636482167272914
0.0942030939145948
0.1132037436310272
0.1197036729914521
0.1137164120168949
0.0961645214359639
0.0688576474744755
0.0000000000000000
0.0000000000000000
0.0000000000000000
0.0000000000000000
0.0000000000000000
0.0000000000000000
0.0000000000000000
0.0000000000000000
0.0000000000000000
0.0000000000000000
0.0000000000000000
0.0000000000000000
0.0000000000000000
0.0000000000000000
0.0000000000000000
0.0000000000000000
0.0240072345461474
0.0634728211584891
0.0942013932321684
0.1133447208364846
0.1199652028059024
0.1140767467467626
0.0965992303862002
0.0693390075651251
0.0000000000000000
0.0000000000000000
0.0000000000000000
0.0000000000000000
0.0000000000000000
0.0000000000000000
0.0000000000000000
0.0000000000000000
0.0000000000000000
0.0000000000000000
0.0000000000000000
0.0000000000000000
0.0000000000000000
0.0000000000000000
0.0000000000000000
0.0000000000000000
0.0236167680943626
0.0633037005958672
0.0942121414208579
0.1135005934380214
0.1202421655052883
0.1144519312477420
0.0970475280514273
0.0698323421979331
0.0000000000000000
0.0000000000000000
0.0000000000000000
0.0000000000000000
0.0000000000000000
0.0000000000000000
0.0000000000000000
0.0000000000000000
0.0000000000000000
0.0000000000000000
0.0000000000000000
0.0000000000000000
0.0000000000000000
0.0000000000000000
0.0000000000000000
0.0000000000000000
0.0232192332560002
0.0631405964024712
0.0942351563963493
0.1136711461977796
0.1205342868239226
0.1148416348466071
0.0975090423455302
0.0703372591660694
0.0000000000000000
0.0000000000000000
0.0000000000000000
0.0000000000000000
0.0000000000000000
0.0000000000000000
0.0000000000000000
0.0000000000000000
0.0000000000000000
0.0000000000000000
0.0000000000000000
0.0000000000000000
0.0000000000000000
0.0000000000000000
0.0000000000000000
0.0000000000000000
0.0228140769816713
0.0629832275416224
0.0942702408378875
0.1138561508884268
0.1208412810807693
0.1152455172481930
0.0979833936757367
0.0708533610515942
0.0000000000000000
0.0000000000000000
0.0000000000000000
0.0000000000000000
0.0000000000000000
0.0000000000000000
0.0000000000000000
0.0000000000000000
0.0000000000000000
0.0000000000000000
0.0000000000000000
0.0000000000000000
0.0000000000000000
0.0000000000000000
0.0000000000000000
0.0000000000000000
0.0224007213542074
0.0628312904825287
0.0943171822676028
0.1140553664285301
0.1211628513891523
0.1156632288201507
0.0984701952826263
0.0713802456342828
0.0000000000000000
0.0000000000000000
0.0000000000000000
0.0000000000000000
0.0000000000000000
0.0000000000000000
0.0000000000000000
0.0000000000000000
0.0000000000000000
0.0000000000000000
0.0000000000000000
0.0000000000000000
0.0000000000000000
0.0000000000000000
0.0000000000000000
0.0000000000000000
0.0219785665706874
0.0626844588911227
0.0943757528500703
0.1142685387612730
0.1214986896248014
0.1160944106619376
0.0989690534140558
0.0719175061226079
0.0000000000000000
0.0000000000000000
0.0000000000000000
0.0000000000000000
0.0000000000000000
0.0000000000000000
0.0000000000000000
0.0000000000000000
0.0000000000000000
0.0000000000000000
0.0000000000000000
0.0000000000000000
0.0000000000000000
0.0000000000000000
0.0000000000000000
0.0000000000000000
0.0215469947267986
0.0625423833952273
0.0944457091813775
0.1144954006129740
0.1218484762019306
0.1165386944185484
0.0994795671674745
0.0724647310387208
0.0000000000000000
0.0000000000000000
0.0000000000000000
0.0000000000000000
0.0000000000000000
0.0000000000000000
0.0000000000000000
0.0000000000000000
0.0000000000000000
0.0000000000000000
0.0000000000000000
0.0000000000000000
0.0000000000000000
0.0000000000000000
0.0000000000000000
0.0000000000000000
0.0211053749208968
0.0624046917954779
0.0945267923064976
0.1147356713235423
0.1222118797428795
0.1169957018135632
0.1000013279176698
0.0730215035450816
0.0000000000000000
0.0000000000000000
0.0000000000000000
0.0000000000000000
0.0000000000000000
0.0000000000000000
0.0000000000000000
0.0000000000000000
0.0000000000000000
0.0000000000000000
0.0000000000000000
0.0000000000000000
0.0000000000000000
0.0000000000000000
0.0000000000000000
0.0000000000000000
0.0206530699699964
0.0622709899576720
0.0946187281979584
0.1149890568724970
0.1225885567080566
0.1174650439265617
0.1005339182764807
0.0735874001603422
0.0000000000000000
0.0000000000000000
0.0000000000000000
0.0000000000000000
0.0000000000000000
0.0000000000000000
0.0000000000000000
0.0000000000000000
0.0000000000000000
0.0000000000000000
0.0000000000000000
0.0000000000000000
0.0000000000000000
0.0000000000000000
0.0000000000000000
0.0000000000000000
0.0201894449383125
0.0621408634125874
0.0947212286328795
0.1152552500741415
0.1229781509564708
0.1179463201808067
0.1010769105975841
0.0741619888746353
0.0000000000000000
0.0000000000000000
0.0000000000000000
0.0000000000000000
0.0000000000000000
0.0000000000000000
0.0000000000000000
0.0000000000000000
0.0000000000000000
0.0000000000000000
0.0000000000000000
0.0000000000000000
0.0000000000000000
0.0000000000000000
0.0000000000000000
0.0000000000000000
0.0197138774262356
0.0620138794073388
0.0948339922596164
0.1155339307284317
0.1233802930981532
0.1184391169929316
0.1016298650257801
0.0747448267577988
0.0000000000000000
0.0000000000000000
0.0000000000000000
0.0000000000000000
0.0000000000000000
0.0000000000000000
0.0000000000000000
0.0000000000000000
0.0000000000000000
0.0000000000000000
0.0000000000000000
0.0000000000000000
0.0000000000000000
0.0000000000000000
0.0000000000000000
0.0000000000000000
0.0192257695864187
0.0618895891863749
0.0949567055754059
0.1158247655514942
0.1237945995314641
0.1189430060580122
0.1021923271831417
0.0753354571911921
0.0000000000000000
0.0000000000000000
0.0000000000000000
0.0000000000000000
0.0000000000000000
0.0000000000000000
0.0000000000000000
0.0000000000000000
0.0000000000000000
0.0000000000000000
0.0000000000000000
0.0000000000000000
0.0000000000000000
0.0000000000000000
0.0000000000000000
0.0000000000000000
0.0187245617592465
0.0617675303268142
0.0950890438089202
0.1161274079520215
0.1242206713543850
0.1194575425543713
0.1027638258140772
0.0759334071376265
0.0000000000000000
0.0000000000000000
0.0000000000000000
0.0000000000000000
0.0000000000000000
0.0000000000000000
0.0000000000000000
0.0000000000000000
0.0000000000000000
0.0000000000000000
0.0000000000000000
0.0000000000000000
0.0000000000000000
0.0000000000000000
0.0000000000000000
0.0000000000000000
0.0182097473951858
0.0616472291564851
0.0952306719631160
0.1164414981470760
0.1246580937687018
0.1199822639899857
0.1033438712022037
0.0765381852363985
0.0000000000000000
0.0000000000000000
0.0000000000000000
0.0000000000000000
0.0000000000000000
0.0000000000000000
0.0000000000000000
0.0000000000000000
0.0000000000000000
0.0000000000000000
0.0000000000000000
0.0000000000000000
0.0000000000000000
0.0000000000000000
0.0000000000000000
0.0000000000000000
0.0176808883757817
0.0615282030138790
0.0953812463033785
0.1167666641834024
0.1251064367938133
0.1205166906728216
0.1039319554331072
0.0771492819085757
0.0000000000000000
0.0000000000000000
0.0000000000000000
0.0000000000000000
0.0000000000000000
0.0000000000000000
0.0000000000000000
0.0000000000000000
0.0000000000000000
0.0000000000000000
0.0000000000000000
0.0000000000000000
0.0000000000000000
0.0000000000000000
0.0000000000000000
0.0000000000000000
0.0171376296049675
0.0614099617097836
0.0955404161106716
0.1171025240457832
0.1255652577009118
0.1210603284099582
0.1045275552738488
0.0777661722873955
0.0000000000000000
0.0000000000000000
0.0000000000000000
0.0000000000000000
0.0000000000000000
0.0000000000000000
0.0000000000000000
0.0000000000000000
0.0000000000000000
0.0000000000000000
0.0000000000000000
0.0000000000000000
0.0000000000000000
0.0000000000000000
0.0000000000000000
0.0000000000000000
0.0165797120135999
0.0612920073231112
0.0957078249656536
0.1174486881946268
0.1260341046479109
0.1216126730520007
0.1051301373913695
0.0783883218693884
0.0000000000000000
0.0000000000000000
0.0000000000000000
0.0000000000000000
0.0000000000000000
0.0000000000000000
0.0000000000000000
0.0000000000000000
0.0000000000000000
0.0000000000000000
0.0000000000000000
0.0000000000000000
0.0000000000000000
0.0000000000000000
0.0000000000000000
0.0000000000000000
0.0160069844435032
0.0611738316459071
0.0958831104862408
0.1178047612680602
0.1265125201099435
0.1221732154088320
0.1057391644676146
0.0790151934369795
0.0000000000000000
0.0000000000000000
0.0000000000000000
0.0000000000000000
0.0000000000000000
0.0000000000000000
0.0000000000000000
0.0000000000000000
0.0000000000000000
0.0000000000000000
0.0000000000000000
0.0000000000000000
0.0000000000000000
0.0000000000000000
0.0000000000000000
0.0000000000000000
0.0154194160962373
0.0610549115502719
0.0960659019487426
0.1181703418054995
0.1270000425931395
0.1227414447707348
0.1063541002289878
0.0796462532380816
0.0000000000000000
0.0000000000000000
0.0000000000000000
0.0000000000000000
0.0000000000000000
0.0000000000000000
0.0000000000000000
0.0000000000000000
0.0000000000000000
0.0000000000000000
0.0000000000000000
0.0000000000000000
0.0000000000000000
0.0000000000000000
0.0000000000000000
0.0000000000000000
0.0148171118991029
0.0609347033518036
0.0962558161464924
0.1185450198313701
0.1274962060167928
0.1233168500320063
0.1069744121400179
0.0802809749116421
0.0000000000000000
0.0000000000000000
0.0000000000000000
0.0000000000000000
0.0000000000000000
0.0000000000000000
0.0000000000000000
0.0000000000000000
0.0000000000000000
0.0000000000000000
0.0000000000000000
0.0000000000000000
0.0000000000000000
0.0000000000000000
0.0000000000000000
0.0000000000000000
0.0142003323243356
0.0608126377523286
0.0964524527876967
0.1189283733312922
0.1280005375183343
0.1238989188822038
0.1075995718813904
0.0809188410684599
0.0000000000000000
0.0000000000000000
0.0000000000000000
0.0000000000000000
0.0000000000000000
0.0000000000000000
0.0000000000000000
0.0000000000000000
0.0000000000000000
0.0000000000000000
0.0000000000000000
0.0000000000000000
0.0000000000000000
0.0000000000000000
0.0000000000000000
0.0000000000000000
0.0135695177460590
0.0606881164921078
0.0966553910172725
0.1193199653065881
0.1285125553143958
0.1244871365615941
0.1082290549750156
0.0815593436384614
0.0000000000000000
0.0000000000000000
0.0000000000000000
0.0000000000000000
0.0000000000000000
0.0000000000000000
0.0000000000000000
0.0000000000000000
0.0000000000000000
0.0000000000000000
0.0000000000000000
0.0000000000000000
0.0000000000000000
0.0000000000000000
0.0000000000000000
0.0000000000000000
0.0129253161666475
0.0605605110551690
0.0968641879999494
0.1197193426819194
0.1290317680446270
0.1250809856496573
0.1088623409575313
0.0822019843560392
0.0000000000000000
0.0000000000000000
0.0000000000000000
0.0000000000000000
0.0000000000000000
0.0000000000000000
0.0000000000000000
0.0000000000000000
0.0000000000000000
0.0000000000000000
0.0000000000000000
0.0000000000000000
0.0000000000000000
0.0000000000000000
0.0000000000000000
0.0000000000000000
0.0122686130019997
0.0604291630004370
0.0970783796029103
0.1201260372794478
0.1295576759436622
0.1256799473272283
0.1094989146342326
0.0828462759017750
0.0000000000000000
0.0000000000000000
0.0000000000000000
0.0000000000000000
0.0000000000000000
0.0000000000000000
0.0000000000000000
0.0000000000000000
0.0000000000000000
0.0000000000000000
0.0000000000000000
0.0000000000000000
0.0000000000000000
0.0000000000000000
0.0000000000000000
0.0000000000000000
0.0116005621790655
0.0602933852922690
0.0972974823787851
0.1205395680864760
0.1300897731025328
0.1262835034502174
0.1101382678366689
0.0834917432914803
0.0000000000000000
0.0000000000000000
0.0000000000000000
0.0000000000000000
0.0000000000000000
0.0000000000000000
0.0000000000000000
0.0000000000000000
0.0000000000000000
0.0000000000000000
0.0000000000000000
0.0000000000000000
0.0000000000000000
0.0000000000000000
0.0000000000000000
0.0000000000000000
0.0109226184287603
0.0601524641328416
0.0975209959859885
0.1209594437360103
0.1306275497127039
0.1268911383684045
0.1107799007266258
0.0841379246227356
0.0000000000000000
0.0000000000000000
0.0000000000000000
0.0000000000000000
0.0000000000000000
0.0000000000000000
0.0000000000000000
0.0000000000000000
0.0000000000000000
0.0000000000000000
0.0000000000000000
0.0000000000000000
0.0000000000000000
0.0000000000000000
0.0000000000000000
0.0000000000000000
0.0102365702867065
0.0600056611534880
0.0977484054710984
0.1213851645484163
0.1311704936203640
0.1275023398810796
0.1114233221066743
0.0847843707981391
0.0000000000000000
0.0000000000000000
0.0000000000000000
0.0000000000000000
0.0000000000000000
0.0000000000000000
0.0000000000000000
0.0000000000000000
0.0000000000000000
0.0000000000000000
0.0000000000000000
0.0000000000000000
