0.0000000000000000
0.0000000000000000
0.0000000000000000
0.0000000000000000
0.0000000000000000
0.0000000000000000
0.0000000000000000
0.0000000000000000
0.0000000000000000
0.0353942438365699
0.0388922774625854
0.0815257065073899
0.1169726597002251
0.1415641660300172
0.1520764992258661
0.1454083173395771
0.1173044376285228
0.0582957196107525
0.0000000000000000
0.0000000000000000
0.0000000000000000
0.0000000000000000
0.0000000000000000
0.0000000000000000
0.0000000000000000
0.0000000000000000
0.0000000000000000
0.0000000000000000
0.0000000000000000
0.0000000000000000
0.0000000000000000
0.0000000000000000
0.0000000000000000
0.0353572021871519
0.0386204308354137
0.0813188544934928
0.1168548945417236
0.1415510013468553
0.1521739334580046
0.1456113583555552
0.1175927074285400
0.0586016590585909
0.0000000000000000
0.0000000000000000
0.0000000000000000
0.0000000000000000
0.0000000000000000
0.0000000000000000
0.0000000000000000
0.0000000000000000
0.0000000000000000
0.0000000000000000
0.0000000000000000
0.0000000000000000
0.0000000000000000
0.0000000000000000
0.0000000000000000
0.0353182685522444
0.0383588832699528
0.0811230831486578
0.1167482118078103
0.1415478339647696
0.1522787164124573
0.1458164782988083
0.1178720726990246
0.0588727545656372
0.0000000000000000
0.0000000000000000
0.0000000000000000
0.0000000000000000
0.0000000000000000
0.0000000000000000
0.0000000000000000
0.0000000000000000
0.0000000000000000
0.0000000000000000
0.0000000000000000
0.0000000000000000
0.0000000000000000
0.0000000000000000
0.0000000000000000
0.0352774528126562
0.0381078719122468
0.0809385559661215
0.1166526841280042
0.1415546362299247
0.1523907192104966
0.1460234546932773
0.1181422291470358
0.0591085488536897
0.0000000000000000
0.0000000000000000
0.0000000000000000
0.0000000000000000
0.0000000000000000
0.0000000000000000
0.0000000000000000
0.0000000000000000
0.0000000000000000
0.0000000000000000
0.0000000000000000
0.0000000000000000
0.0000000000000000
0.0000000000000000
0.0000000000000000
0.0352347639701080
0.0378676217687438
0.0807654226076490
0.1165683694275025
0.1415713656110434
0.1525097981900491
0.1462320490752332
0.1184028478251698
0.0593085308342318
0.0000000000000000
0.0000000000000000
0.0000000000000000
0.0000000000000000
0.0000000000000000
0.0000000000000000
0.0000000000000000
0.0000000000000000
0.0000000000000000
0.0000000000000000
0.0000000000000000
0.0000000000000000
0.0000000000000000
0.0000000000000000
0.0000000000000000
0.0351902102203110
0.0376383474036727
0.0806038205038762
0.1164953122476095
0.1415979656274245
0.1526357952981069
0.1464420066605581
0.1186535736773678
0.0594721317964061
0.0000000000000000
0.0000000000000000
0.0000000000000000
0.0000000000000000
0.0000000000000000
0.0000000000000000
0.0000000000000000
0.0000000000000000
0.0000000000000000
0.0000000000000000
0.0000000000000000
0.0000000000000000
0.0000000000000000
0.0000000000000000
0.0000000000000000
0.0351437989876757
0.0374202538005537
0.0804538756599070
0.1164335444709182
0.1416343664031988
0.1527685383929833
0.1466530562795459
0.1188940248427073
0.0595987231758106
0.0000000000000000
0.0000000000000000
0.0000000000000000
0.0000000000000000
0.0000000000000000
0.0000000000000000
0.0000000000000000
0.0000000000000000
0.0000000000000000
0.0000000000000000
0.0000000000000000
0.0000000000000000
0.0000000000000000
0.0000000000000000
0.0000000000000000
0.0350955369354529
0.0372135364467833
0.0803157028146789
0.1163830854915612
0.1416804848505007
0.1529078414213684
0.1468649104912235
0.1191237925254555
0.0596876157876900
0.0000000000000000
0.0000000000000000
0.0000000000000000
0.0000000000000000
0.0000000000000000
0.0000000000000000
0.0000000000000000
0.0000000000000000
0.0000000000000000
0.0000000000000000
0.0000000000000000
0.0000000000000000
0.0000000000000000
0.0000000000000000
0.0000000000000000
0.0350454299700029
0.0370183809450246
0.0801894050919946
0.1163439419886467
0.1417362245725588
0.1530535044507595
0.1470772657414677
0.1193424412262078
0.0597380600397348
0.0000000000000000
0.0000000000000000
0.0000000000000000
0.0000000000000000
0.0000000000000000
0.0000000000000000
0.0000000000000000
0.0000000000000000
0.0000000000000000
0.0000000000000000
0.0000000000000000
0.0000000000000000
0.0000000000000000
0.0000000000000000
0.0000000000000000
0.0349934832603807
0.0368351585486209
0.0800750734858767
0.1163161075086810
0.1418014755917573
0.1532053135821431
0.1472898024764236
0.1195495089938491
0.0597492466263290
0.0000000000000000
0.0000000000000000
0.0000000000000000
0.0000000000000000
0.0000000000000000
0.0000000000000000
0.0000000000000000
0.0000000000000000
0.0000000000000000
0.0000000000000000
0.0000000000000000
0.0000000000000000
0.0000000000000000
0.0000000000000000
0.0000000000000000
0.0349397012905617
0.0367948727579628
0.0799727864776736
0.1162995621631766
0.1418761141229660
0.1533630408015422
0.1475021850773544
0.1197445074137880
0.0597203069334022
0.0000000000000000
0.0000000000000000
0.0000000000000000
0.0000000000000000
0.0000000000000000
0.0000000000000000
0.0000000000000000
0.0000000000000000
0.0000000000000000
0.0000000000000000
0.0000000000000000
0.0000000000000000
0.0000000000000000
0.0000000000000000
0.0000000000000000
0.0348840879646697
0.0367525594786693
0.0798826101883039
0.1162942727062682
0.1419600025610706
0.1535264438443305
0.1477140615544743
0.1199269209580267
0.0596503125142831
0.0000000000000000
0.0000000000000000
0.0000000000000000
0.0000000000000000
0.0000000000000000
0.0000000000000000
0.0000000000000000
0.0000000000000000
0.0000000000000000
0.0000000000000000
0.0000000000000000
0.0000000000000000
0.0000000000000000
0.0000000000000000
0.0000000000000000
0.0348266467712727
0.0367082104851372
0.0798045992156804
0.1163001931746520
0.1420529898004474
0.1536952661081113
0.1479250629536068
0.1200962056421941
0.0595382733659303
0.0000000000000000
0.0000000000000000
0.0000000000000000
0.0000000000000000
0.0000000000000000
0.0000000000000000
0.0000000000000000
0.0000000000000000
0.0000000000000000
0.0000000000000000
0.0000000000000000
0.0000000000000000
0.0000000000000000
0.0000000000000000
0.0000000000000000
0.0347673810126388
0.0366618174200399
0.0797387980591503
0.1163172659331853
0.1421549117862567
0.1538692365799277
0.1481348025257641
0.1202517871068594
0.0593831355334331
0.0000000000000000
0.0000000000000000
0.0000000000000000
0.0000000000000000
0.0000000000000000
0.0000000000000000
0.0000000000000000
0.0000000000000000
0.0000000000000000
0.0000000000000000
0.0000000000000000
0.0000000000000000
0.0000000000000000
0.0000000000000000
0.0000000000000000
0.0347062940924105
0.0366133719958842
0.0796852427598495
0.1163454228720903
0.1422655920873789
0.1540480696758290
0.1483428747273207
0.1203930585020391
0.0591837788476645
0.0000000000000000
0.0000000000000000
0.0000000000000000
0.0000000000000000
0.0000000000000000
0.0000000000000000
0.0000000000000000
0.0000000000000000
0.0000000000000000
0.0000000000000000
0.0000000000000000
0.0000000000000000
0.0000000000000000
0.0000000000000000
0.0000000000000000
0.0346433898568740
0.0365628662437013
0.0796439624451659
0.1163845864438820
0.1423848423158816
0.1542314649524387
0.1485488541613429
0.1205193784582351
0.0589390156044251
0.0000000000000000
0.0000000000000000
0.0000000000000000
0.0000000000000000
0.0000000000000000
0.0000000000000000
0.0000000000000000
0.0000000000000000
0.0000000000000000
0.0000000000000000
0.0000000000000000
0.0000000000000000
0.0000000000000000
0.0000000000000000
0.0000000000000000
0.0345786729562428
0.0365102927874495
0.0796149806481885
0.1164346705597681
0.1425124624647952
0.1544191068252287
0.1487522946350998
0.1206300693068817
0.0586475899970288
0.0000000000000000
0.0000000000000000
0.0000000000000000
0.0000000000000000
0.0000000000000000
0.0000000000000000
0.0000000000000000
0.0000000000000000
0.0000000000000000
0.0000000000000000
0.0000000000000000
0.0000000000000000
0.0000000000000000
0.0000000000000000
0.0000000000000000
0.0345121491499866
0.0364556450772797
0.0795983165320370
0.1164955815055470
0.1426482414419329
0.1546106646365478
0.1489527286625776
0.1207244156209108
0.0583081778110098
0.0000000000000000
0.0000000000000000
0.0000000000000000
0.0000000000000000
0.0000000000000000
0.0000000000000000
0.0000000000000000
0.0000000000000000
0.0000000000000000
0.0000000000000000
0.0000000000000000
0.0000000000000000
0.0000000000000000
0.0000000000000000
0.0000000000000000
0.0344438254370932
0.0363989174867471
0.0795939858936391
0.1165672189690057
0.1427919580154073
0.1548057934095537
0.1491496677859952
0.1208016633796997
0.0579193860138837
0.0000000000000000
0.0000000000000000
0.0000000000000000
0.0000000000000000
0.0000000000000000
0.0000000000000000
0.0000000000000000
0.0000000000000000
0.0000000000000000
0.0000000000000000
0.0000000000000000
0.0000000000000000
0.0000000000000000
0.0000000000000000
0.0000000000000000
0.0343737099097652
0.0363401052030852
0.0796020015173310
0.1166494768071241
0.1429433819945500
0.1550041353160262
0.1493426040001653
0.1208610202436798
0.0574797533075967
0.0000000000000000
0.0000000000000000
0.0000000000000000
0.0000000000000000
0.0000000000000000
0.0000000000000000
0.0000000000000000
0.0000000000000000
0.0000000000000000
0.0000000000000000
0.0000000000000000
0.0000000000000000
0.0000000000000000
0.0000000000000000
0.0000000000000000
0.0343018113201425
0.0362792039286978
0.0796223719919091
0.1167422427915059
0.1431022749772808
0.1552053214006554
0.1495310121509054
0.1209016575791810
0.0569877538981776
0.0000000000000000
0.0000000000000000
0.0000000000000000
0.0000000000000000
0.0000000000000000
0.0000000000000000
0.0000000000000000
0.0000000000000000
0.0000000000000000
0.0000000000000000
0.0000000000000000
0.0000000000000000
0.0000000000000000
0.0000000000000000
0.0000000000000000
0.0342281384893297
0.0362162095154928
0.0796550983979064
0.1168453965556442
0.1432683898721180
0.1554089728079060
0.1497143528206719
0.1209227143797432
0.0564418069547554
0.0000000000000000
0.0000000000000000
0.0000000000000000
0.0000000000000000
0.0000000000000000
0.0000000000000000
0.0000000000000000
0.0000000000000000
0.0000000000000000
0.0000000000000000
0.0000000000000000
0.0000000000000000
0.0000000000000000
0.0000000000000000
0.0000000000000000
0.0341526997629938
0.0361511177010765
0.0797001689501111
0.1169588056608603
0.1434414688087902
0.1556147009294505
0.1498920750072842
0.1209233026967497
0.0558402926023567
0.0000000000000000
0.0000000000000000
0.0000000000000000
0.0000000000000000
0.0000000000000000
0.0000000000000000
0.0000000000000000
0.0000000000000000
0.0000000000000000
0.0000000000000000
0.0000000000000000
0.0000000000000000
0.0000000000000000
0.0000000000000000
0.0000000000000000
0.0340755026886371
0.0360839240537856
0.0797575526728827
0.1170823205261638
0.1436212399018678
0.1558221064905469
0.1500636181394436
0.1209025134827343
0.0551815728920758
0.0000000000000000
0.0000000000000000
0.0000000000000000
0.0000000000000000
0.0000000000000000
0.0000000000000000
0.0000000000000000
0.0000000000000000
0.0000000000000000
0.0000000000000000
0.0000000000000000
0.0000000000000000
0.0000000000000000
0.0000000000000000
0.0000000000000000
0.0339965539410390
0.0360146241061467
0.0798271936663752
0.1172157696841723
0.1438074139491023
0.1560307782294050
0.1502284133826658
0.1208594216434889
0.0544640140764505
0.0000000000000000
0.0000000000000000
0.0000000000000000
0.0000000000000000
0.0000000000000000
0.0000000000000000
0.0000000000000000
0.0000000000000000
0.0000000000000000
0.0000000000000000
0.0000000000000000
0.0000000000000000
0.0000000000000000
0.0000000000000000
0.0000000000000000
0.0339158593881627
0.0359432135429834
0.0799090073324437
0.1173589566408834
0.1439996822789315
0.1562402920419825
0.1503858845176497
0.1207930893427203
0.0536860067005512
0.0000000000000000
0.0000000000000000
0.0000000000000000
0.0000000000000000
0.0000000000000000
0.0000000000000000
0.0000000000000000
0.0000000000000000
0.0000000000000000
0.0000000000000000
0.0000000000000000
0.0000000000000000
0.0000000000000000
0.0000000000000000
0.0000000000000000
0.0338334241415538
0.0358696883026745
0.0800028790654839
0.1175116589811944
0.1441977163347358
0.1564502111359742
0.1505354487062157
0.1207025672425844
0.0528459816332704
0.0000000000000000
0.0000000000000000
0.0000000000000000
0.0000000000000000
0.0000000000000000
0.0000000000000000
0.0000000000000000
0.0000000000000000
0.0000000000000000
0.0000000000000000
0.0000000000000000
0.0000000000000000
0.0000000000000000
0.0000000000000000
0.0000000000000000
0.0337492525141749
0.0357940445360474
0.0801086651203828
0.1176736294200250
0.1444011688350133
0.1566600871211133
0.1506765172009800
0.1205868939094655
0.0519424230760508
0.0000000000000000
0.0000000000000000
0.0000000000000000
0.0000000000000000
0.0000000000000000
0.0000000000000000
0.0000000000000000
0.0000000000000000
0.0000000000000000
0.0000000000000000
0.0000000000000000
0.0000000000000000
0.0000000000000000
0.0000000000000000
0.0000000000000000
0.0336633479220020
0.0357557629001190
0.0802261947822998
0.1178445980175838
0.1446096757854751
0.1568694615267622
0.1508084958563316
0.1204450939471590
0.0509738811564363
0.0000000000000000
0.0000000000000000
0.0000000000000000
0.0000000000000000
0.0000000000000000
0.0000000000000000
0.0000000000000000
0.0000000000000000
0.0000000000000000
0.0000000000000000
0.0000000000000000
0.0000000000000000
0.0000000000000000
0.0000000000000000
0.0000000000000000
0.0335757128277333
0.0358316324384097
0.0803552731200201
0.1180242747569468
0.1448228586377832
0.1570778672059581
0.1509307852539010
0.1202761754307195
0.0499389871043821
0.0000000000000000
0.0000000000000000
0.0000000000000000
0.0000000000000000
0.0000000000000000
0.0000000000000000
0.0000000000000000
0.0000000000000000
0.0000000000000000
0.0000000000000000
0.0000000000000000
0.0000000000000000
0.0000000000000000
0.0000000000000000
0.0000000000000000
0.0334863487879102
0.0359207065578565
0.0804956837869215
0.1182123520522711
0.1450403262126070
0.1572848293932619
0.1510427804369556
0.1200791270358242
0.0488364729718079
0.0000000000000000
0.0000000000000000
0.0000000000000000
0.0000000000000000
0.0000000000000000
0.0000000000000000
