0.0000000000000000
0.0000000000000000
0.0000000000000000
0.0000000000000000
0.0255084273348531
0.0642142580327343
0.0942844269121105
0.1128720783364011
0.1190141805747812
0.1127275911556439
0.0949454544301787
0.0674891785961132
0.0000000000000000
0.0000000000000000
0.0000000000000000
0.0000000000000000
0.0000000000000000
0.0000000000000000
0.0000000000000000
0.0000000000000000
0.0000000000000000
0.0000000000000000
0.0000000000000000
0.0000000000000000
0.0000000000000000
0.0000000000000000
0.0000000000000000
0.0000000000000000
0.0251412916993012
0.0640187194061183
0.0942444501518904
0.1129672171843855
0.1192278879190320
0.1130414946590847
0.0953372441397661
0.0679323166687745
0.0000000000000000
0.0000000000000000
0.0000000000000000
0.0000000000000000
0.0000000000000000
0.0000000000000000
0.0000000000000000
0.0000000000000000
0.0000000000000000
0.0000000000000000
0.0000000000000000
0.0000000000000000
0.0000000000000000
0.0000000000000000
0.0000000000000000
0.0000000000000000
0.0247689990149300
0.0638300902137611
0.0942173696068279
0.1130778127800149
0.1194577773651500
0.1133711784513626
0.0957436912049757
0.0683885732367380
0.0000000000000000
0.0000000000000000
0.0000000000000000
0.0000000000000000
0.0000000000000000
0.0000000000000000
0.0000000000000000
0.0000000000000000
0.0000000000000000
0.0000000000000000
0.0000000000000000
0.0000000000000000
0.0000000000000000
0.0000000000000000
0.0000000000000000
0.0000000000000000
0.0243911222379085
0.0636481839223568
0.0942030539137153
0.1132036930406292
0.1197036120812068
0.1137163429257468
0.0961644473636530
0.0688575721937759
0.0000000000000000
0.0000000000000000
0.0000000000000000
0.0000000000000000
0.0000000000000000
0.0000000000000000
0.0000000000000000
0.0000000000000000
0.0000000000000000
0.0000000000000000
0.0000000000000000
0.0000000000000000
0.0000000000000000
0.0000000000000000
0.0000000000000000
0.0000000000000000
0.0240071983944428
0.0634727884886146
0.0942013534547869
0.1133446704759899
0.1199651421043995
0.1140766778324748
0.0965991564549089
0.0693389323889994
0.0000000000000000
0.0000000000000000
0.0000000000000000
0.0000000000000000
0.0000000000000000
0.0000000000000000
0.0000000000000000
0.0000000000000000
0.0000000000000000
0.0000000000000000
0.0000000000000000
0.0000000000000000
0.0000000000000000
0.0000000000000000
0.0000000000000000
0.0000000000000000
0.0236167317920119
0.0633036680672499
0.0942121018770470
0.1135005433176872
0.1202421050223639
0.1144518625197773
0.0970474542704156
0.0698322671355881
0.0000000000000000
0.0000000000000000
0.0000000000000000
0.0000000000000000
0.0000000000000000
0.0000000000000000
0.0000000000000000
0.0000000000000000
0.0000000000000000
0.0000000000000000
0.0000000000000000
0.0000000000000000
0.0000000000000000
0.0000000000000000
0.0000000000000000
0.0000000000000000
0.0232191967960124
0.0631405640212347
0.0942351170961673
0.1136710963278409
0.1205342265693944
0.1148415663144250
0.0975089687240766
0.0703371842267550
0.0000000000000000
0.0000000000000000
0.0000000000000000
0.0000000000000000
0.0000000000000000
0.0000000000000000
0.0000000000000000
0.0000000000000000
0.0000000000000000
0.0000000000000000
0.0000000000000000
0.0000000000000000
0.0000000000000000
0.0000000000000000
0.0000000000000000
0.0000000000000000
0.0228140403573800
0.0629831953138305
0.0942702017913872
0.1138561012791025
0.1208412210644403
0.1152454489212531
0.0979833202231410
0.0708532862446048
0.0000000000000000
0.0000000000000000
0.0000000000000000
0.0000000000000000
0.0000000000000000
0.0000000000000000
0.0000000000000000
0.0000000000000000
0.0000000000000000
0.0000000000000000
0.0000000000000000
0.0000000000000000
0.0000000000000000
0.0000000000000000
0.0000000000000000
0.0000000000000000
0.0224006845594109
0.0628312584141998
0.0943171434848415
0.1140553170900290
0.1211627916208150
0.1156631607079153
0.0984701220082114
0.0713801709689585
0.0000000000000000
0.0000000000000000
0.0000000000000000
0.0000000000000000
0.0000000000000000
0.0000000000000000
0.0000000000000000
0.0000000000000000
0.0000000000000000
0.0000000000000000
0.0000000000000000
0.0000000000000000
0.0000000000000000
0.0000000000000000
0.0000000000000000
0.0000000000000000
0.0219785295998106
0.0626844269882461
0.0943757143411189
0.1142684897037988
0.1214986301142418
0.1160943427738746
0.0989689803271700
0.0719174316083357
0.0000000000000000
0.0000000000000000
0.0000000000000000
0.0000000000000000
0.0000000000000000
0.0000000000000000
0.0000000000000000
0.0000000000000000
0.0000000000000000
0.0000000000000000
0.0000000000000000
0.0000000000000000
0.0000000000000000
0.0000000000000000
0.0000000000000000
0.0000000000000000
0.0215469575750769
0.0625423516637790
0.0944456709563303
0.1144953518467315
0.1218484169589312
0.1165386267641339
0.0994794942774928
0.0724646566849352
0.0000000000000000
0.0000000000000000
0.0000000000000000
0.0000000000000000
0.0000000000000000
0.0000000000000000
0.0000000000000000
0.0000000000000000
0.0000000000000000
0.0000000000000000
0.0000000000000000
0.0000000000000000
0.0000000000000000
0.0000000000000000
0.0000000000000000
0.0000000000000000
0.0211053375845880
0.0624046602414377
0.0945267543754823
0.1147356228587424
0.1222118207772228
0.1169956344022833
0.1000012552339951
0.0730214293612652
0.0000000000000000
0.0000000000000000
0.0000000000000000
0.0000000000000000
0.0000000000000000
0.0000000000000000
0.0000000000000000
0.0000000000000000
0.0000000000000000
0.0000000000000000
0.0000000000000000
0.0000000000000000
0.0000000000000000
0.0000000000000000
0.0000000000000000
0.0000000000000000
0.0206530324466223
0.0622709585870411
0.0946186905711445
0.1149890087193607
0.1225884980295278
0.1174649767679141
0.1005338458085449
0.0735873261560254
0.0000000000000000
0.0000000000000000
0.0000000000000000
0.0000000000000000
0.0000000000000000
0.0000000000000000
0.0000000000000000
0.0000000000000000
0.0000000000000000
0.0000000000000000
0.0000000000000000
0.0000000000000000
0.0000000000000000
0.0000000000000000
0.0000000000000000
0.0000000000000000
0.0201894072269328
0.0621408322314076
0.0947211913204870
0.1152552022429038
0.1229780925748586
0.1179462532843014
0.1010768383548477
0.0741619150593959
0.0000000000000000
0.0000000000000000
0.0000000000000000
0.0000000000000000
0.0000000000000000
0.0000000000000000
0.0000000000000000
0.0000000000000000
0.0000000000000000
0.0000000000000000
0.0000000000000000
0.0000000000000000
0.0000000000000000
0.0000000000000000
0.0000000000000000
0.0000000000000000
0.0197138395277592
0.0620138484217107
0.0948339552719230
0.1155338832293437
0.1233802350232504
0.1184390503680899
0.1016297930177314
0.0747447531412606
0.0000000000000000
0.0000000000000000
0.0000000000000000
0.0000000000000000
0.0000000000000000
0.0000000000000000
0.0000000000000000
0.0000000000000000
0.0000000000000000
0.0000000000000000
0.0000000000000000
0.0000000000000000
0.0000000000000000
0.0000000000000000
0.0000000000000000
0.0000000000000000
0.0192257315039544
0.0618895584024786
0.0949566689227537
0.1158247183948235
0.1237945417730662
0.1189429397143649
0.1021922554192948
0.0753353837830233
0.0000000000000000
0.0000000000000000
0.0000000000000000
0.0000000000000000
0.0000000000000000
0.0000000000000000
0.0000000000000000
0.0000000000000000
0.0000000000000000
0.0000000000000000
0.0000000000000000
0.0000000000000000
0.0000000000000000
0.0000000000000000
0.0000000000000000
0.0000000000000000
0.0187245234984971
0.0617674997509287
0.0950890075017199
0.1161273611480511
0.1242206139222872
0.1194574765014560
0.1027637543039687
0.0759333339475359
0.0000000000000000
0.0000000000000000
0.0000000000000000
0.0000000000000000
0.0000000000000000
0.0000000000000000
0.0000000000000000
0.0000000000000000
0.0000000000000000
0.0000000000000000
0.0000000000000000
0.0000000000000000
0.0000000000000000
0.0000000000000000
0.0000000000000000
0.0000000000000000
0.0182097089648868
0.0616471987950105
0.0952306360118520
0.1164414517061018
0.1246580366726945
0.1199821982373413
0.1033437999553886
0.0765381122741322
0.0000000000000000
0.0000000000000000
0.0000000000000000
0.0000000000000000
0.0000000000000000
0.0000000000000000
0.0000000000000000
0.0000000000000000
0.0000000000000000
0.0000000000000000
0.0000000000000000
0.0000000000000000
0.0000000000000000
0.0000000000000000
0.0000000000000000
0.0000000000000000
0.0176808497881871
0.0615281728733591
0.0953812107186104
0.1167666181157301
0.1251063800436774
0.1205166252299837
0.1039318844591539
0.0771492091839127
0.0000000000000000
0.0000000000000000
0.0000000000000000
0.0000000000000000
0.0000000000000000
0.0000000000000000
0.0000000000000000
0.0000000000000000
0.0000000000000000
0.0000000000000000
0.0000000000000000
0.0000000000000000
0.0000000000000000
0.0000000000000000
0.0000000000000000
0.0000000000000000
0.0171375908763828
0.0614099317969314
0.0955403809030405
0.1171024783617260
0.1255652013064146
0.1210602632864552
0.1045274845823358
0.0777660998101443
0.0000000000000000
0.0000000000000000
0.0000000000000000
0.0000000000000000
0.0000000000000000
0.0000000000000000
0.0000000000000000
0.0000000000000000
0.0000000000000000
0.0000000000000000
0.0000000000000000
0.0000000000000000
0.0000000000000000
0.0000000000000000
0.0000000000000000
0.0000000000000000
0.0165796731649621
0.0612919776448370
0.0957077901458889
0.1174486429045058
0.1260340486188040
0.1216126082573509
0.1051300669918826
0.0783882496493845
0.0000000000000000
0.0000000000000000
0.0000000000000000
0.0000000000000000
0.0000000000000000
0.0000000000000000
0.0000000000000000
0.0000000000000000
0.0000000000000000
0.0000000000000000
0.0000000000000000
0.0000000000000000
0.0000000000000000
0.0000000000000000
0.0000000000000000
0.0000000000000000
0.0160069455010060
0.0611738022093500
0.0958830760651707
0.1178047163822076
0.1265124644559644
0.1221731509525441
0.1057390943697468
0.0790151214840847
0.0000000000000000
0.0000000000000000
0.0000000000000000
0.0000000000000000
0.0000000000000000
0.0000000000000000
0.0000000000000000
0.0000000000000000
0.0000000000000000
0.0000000000000000
0.0000000000000000
0.0000000000000000
0.0000000000000000
0.0000000000000000
0.0000000000000000
0.0000000000000000
0.0154193770920032
0.0610548823628340
0.0960658679373076
0.1181702973342649
0.1269999873240145
0.1227413806623097
0.1063540304423395
0.0796461815621835
0.0000000000000000
0.0000000000000000
0.0000000000000000
0.0000000000000000
0.0000000000000000
0.0000000000000000
0.0000000000000000
0.0000000000000000
0.0000000000000000
0.0000000000000000
0.0000000000000000
0.0000000000000000
0.0000000000000000
0.0000000000000000
0.0000000000000000
0.0000000000000000
0.0148170728718961
0.0609346744211846
0.0962557825557594
0.1185449757851278
0.1274961511422417
0.1233167862809395
0.1069743426741982
0.0802809035226525
0.0000000000000000
0.0000000000000000
0.0000000000000000
0.0000000000000000
0.0000000000000000
0.0000000000000000
0.0000000000000000
0.0000000000000000
0.0000000000000000
0.0000000000000000
0.0000000000000000
0.0000000000000000
0.0000000000000000
0.0000000000000000
0.0000000000000000
0.0000000000000000
0.0142002933203115
0.0608126090865613
0.0964524196288739
0.1189283297204485
0.1280004830480740
0.1238988554979876
0.1075995027460166
0.0809187699763133
0.0000000000000000
0.0000000000000000
0.0000000000000000
0.0000000000000000
0.0000000000000000
0.0000000000000000
0.0000000000000000
0.0000000000000000
0.0000000000000000
0.0000000000000000
0.0000000000000000
0.0000000000000000
0.0000000000000000
0.0000000000000000
0.0000000000000000
0.0000000000000000
0.0135694788195397
0.0606880880995917
0.0966553583017215
0.1193199221415872
0.1285125012581443
0.1244870735537184
0.1082289861797126
0.0815592728531113
0.0000000000000000
0.0000000000000000
0.0000000000000000
0.0000000000000000
0.0000000000000000
0.0000000000000000
0.0000000000000000
0.0000000000000000
0.0000000000000000
0.0000000000000000
0.0000000000000000
0.0000000000000000
0.0000000000000000
0.0000000000000000
0.0000000000000000
0.0000000000000000
0.0129252773809066
0.0605604829447050
0.0968641557391982
0.1197192999732491
0.1290317144121055
0.1250809230276103
0.1088622725119294
0.0822019138874536
0.0000000000000000
0.0000000000000000
0.0000000000000000
0.0000000000000000
0.0000000000000000
0.0000000000000000
0.0000000000000000
0.0000000000000000
0.0000000000000000
0.0000000000000000
0.0000000000000000
0.0000000000000000
0.0000000000000000
0.0000000000000000
0.0000000000000000
0.0000000000000000
0.0122685744300346
0.0604291351812633
0.0970783478086663
0.1201259950376456
0.1295576227445986
0.1256798851004975
0.1094988465479665
0.0828462057599335
0.0000000000000000
0.0000000000000000
0.0000000000000000
0.0000000000000000
0.0000000000000000
0.0000000000000000
0.0000000000000000
0.0000000000000000
0.0000000000000000
0.0000000000000000
0.0000000000000000
0.0000000000000000
0.0000000000000000
0.0000000000000000
0.0000000000000000
0.0000000000000000
0.0116005239043283
0.0602933577740966
0.0972974510629486
0.1205395263221361
0.1300897203466655
0.1262834416282914
0.1101382001193774
0.0834916734863712
0.0000000000000000
0.0000000000000000
0.0000000000000000
0.0000000000000000
0.0000000000000000
0.0000000000000000
0.0000000000000000
0.0000000000000000
0.0000000000000000
0.0000000000000000
0.0000000000000000
0.0000000000000000
0.0000000000000000
0.0000000000000000
0.0000000000000000
0.0000000000000000
0.0109225805458052
0.0601524369258934
0.0975209651606671
0.1209594024597909
0.1306274974097864
0.1268910769607754
0.1107798333879519
0.0841378551643534
0.0000000000000000
0.0000000000000000
0.0000000000000000
0.0000000000000000
0.0000000000000000
0.0000000000000000
0.0000000000000000
0.0000000000000000
0.0000000000000000
0.0000000000000000
0.0000000000000000
0.0000000000000000
0.0000000000000000
0.0000000000000000
0.0000000000000000
0.0000000000000000
0.0102365329017026
0.0600056342685377
0.0977483751486224
0.1213851237710472
0.1311704417801700
0.1275022788972457
0.1114232551562662
0.0847843016964838
0.0000000000000000
0.0000000000000000
0.0000000000000000
0.0000000000000000
0.0000000000000000
0.0000000000000000
0.0000000000000000
0.0000000000000000
0.0000000000000000
0.0000000000000000
0.0000000000000000
0.0000000000000000
