0.0000000000000000
0.0000000000000000
0.0000000000000000
0.0000000000000000
0.0000000000000000
0.0000000000000000
0.0000000000000000
0.0000000000000000
0.0000000000000000
0.0353942435740367
0.0388922992875214
0.0815257263439110
0.1169726760075999
0.1415641775423953
0.1520765050369852
0.1454083170415422
0.1173044317430279
0.0582957122074648
0.0000000000000000
0.0000000000000000
0.0000000000000000
0.0000000000000000
0.0000000000000000
0.0000000000000000
0.0000000000000000
0.0000000000000000
0.0000000000000000
0.0000000000000000
0.0000000000000000
0.0000000000000000
0.0000000000000000
0.0000000000000000
0.0000000000000000
0.0353572019252211
0.0386204526660117
0.0813188743452732
0.1168549108704117
0.1415510128820868
0.1521739392873296
0.1456113580612390
0.1175927015117095
0.0586016515333627
0.0000000000000000
0.0000000000000000
0.0000000000000000
0.0000000000000000
0.0000000000000000
0.0000000000000000
0.0000000000000000
0.0000000000000000
0.0000000000000000
0.0000000000000000
0.0000000000000000
0.0000000000000000
0.0000000000000000
0.0000000000000000
0.0000000000000000
0.0353182682903510
0.0383589051054044
0.0811231030144885
0.1167482281561083
0.1415478455205342
0.1522787222568591
0.1458164780039238
0.1178720667447863
0.0588727469114195
0.0000000000000000
0.0000000000000000
0.0000000000000000
0.0000000000000000
0.0000000000000000
0.0000000000000000
0.0000000000000000
0.0000000000000000
0.0000000000000000
0.0000000000000000
0.0000000000000000
0.0000000000000000
0.0000000000000000
0.0000000000000000
0.0000000000000000
0.0352774525502329
0.0381078937517249
0.0809385758447655
0.1166527004941749
0.1415546478038653
0.1523907250668086
0.1460234543934973
0.1181422231492545
0.0591085410632632
0.0000000000000000
0.0000000000000000
0.0000000000000000
0.0000000000000000
0.0000000000000000
0.0000000000000000
0.0000000000000000
0.0000000000000000
0.0000000000000000
0.0000000000000000
0.0000000000000000
0.0000000000000000
0.0000000000000000
0.0000000000000000
0.0000000000000000
0.0352347637065858
0.0378676436114032
0.0807654424978422
0.1165683858097750
0.1415713772007660
0.1525098040550663
0.1462320487661879
0.1184028417776398
0.0593085229001967
0.0000000000000000
0.0000000000000000
0.0000000000000000
0.0000000000000000
0.0000000000000000
0.0000000000000000
0.0000000000000000
0.0000000000000000
0.0000000000000000
0.0000000000000000
0.0000000000000000
0.0000000000000000
0.0000000000000000
0.0000000000000000
0.0000000000000000
0.0351902099551196
0.0376383692486478
0.0806038404043253
0.1164953286441782
0.1415979772304973
0.1526358011685847
0.1464420063378324
0.1186535675738052
0.0594721237111702
0.0000000000000000
0.0000000000000000
0.0000000000000000
0.0000000000000000
0.0000000000000000
0.0000000000000000
0.0000000000000000
0.0000000000000000
0.0000000000000000
0.0000000000000000
0.0000000000000000
0.0000000000000000
0.0000000000000000
0.0000000000000000
0.0000000000000000
0.0351437987202435
0.0374202756469587
0.0804538955692895
0.1164335608799426
0.1416343780171520
0.1527685442656371
0.1466530559386772
0.1188940186767425
0.0595987149315802
0.0000000000000000
0.0000000000000000
0.0000000000000000
0.0000000000000000
0.0000000000000000
0.0000000000000000
0.0000000000000000
0.0000000000000000
0.0000000000000000
0.0000000000000000
0.0000000000000000
0.0000000000000000
0.0000000000000000
0.0000000000000000
0.0000000000000000
0.0350955366652073
0.0372135582937108
0.0803157227316419
0.1163831019111647
0.1416804964728255
0.1529078472928719
0.1468649101276985
0.1191237862906249
0.0596876073764578
0.0000000000000000
0.0000000000000000
0.0000000000000000
0.0000000000000000
0.0000000000000000
0.0000000000000000
0.0000000000000000
0.0000000000000000
0.0000000000000000
0.0000000000000000
0.0000000000000000
0.0000000000000000
0.0000000000000000
0.0000000000000000
0.0000000000000000
0.0350454296963710
0.0370184027915445
0.0801894250151546
0.1163439584169169
0.1417362362007071
0.1530535103177437
0.1470772653507195
0.1193424349159461
0.0597380514532706
0.0000000000000000
0.0000000000000000
0.0000000000000000
0.0000000000000000
0.0000000000000000
0.0000000000000000
0.0000000000000000
0.0000000000000000
0.0000000000000000
0.0000000000000000
0.0000000000000000
0.0000000000000000
0.0000000000000000
0.0000000000000000
0.0000000000000000
0.0349934829827890
0.0368351575199149
0.0800750934138188
0.1163161239436689
0.1418014872231410
0.1532053194411956
0.1472898020538295
0.1195495026014805
0.0597492378561699
0.0000000000000000
0.0000000000000000
0.0000000000000000
0.0000000000000000
0.0000000000000000
0.0000000000000000
0.0000000000000000
0.0000000000000000
0.0000000000000000
0.0000000000000000
0.0000000000000000
0.0000000000000000
0.0000000000000000
0.0000000000000000
0.0000000000000000
0.0349397010084366
0.0367948717230607
0.0799728064089506
0.1162995786028957
0.1418761257549568
0.1533630466492061
0.1475021846182328
0.1197445009325190
0.0597202979708448
0.0000000000000000
0.0000000000000000
0.0000000000000000
0.0000000000000000
0.0000000000000000
0.0000000000000000
0.0000000000000000
0.0000000000000000
0.0000000000000000
0.0000000000000000
0.0000000000000000
0.0000000000000000
0.0000000000000000
0.0000000000000000
0.0000000000000000
0.0348840876774381
0.0367525584369957
0.0798826301214365
0.1162942891486947
0.1419600141909997
0.1535264496771040
0.1477140610540829
0.1199269143809371
0.0596503033503745
0.0000000000000000
0.0000000000000000
0.0000000000000000
0.0000000000000000
0.0000000000000000
0.0000000000000000
0.0000000000000000
0.0000000000000000
0.0000000000000000
0.0000000000000000
0.0000000000000000
0.0000000000000000
0.0000000000000000
0.0000000000000000
0.0000000000000000
0.0348266464783618
0.0367082094361189
0.0798046191491558
0.1163002096177243
0.1420530014256047
0.1536952719224462
0.1479250624071390
0.1200961989622289
0.0595382639914648
0.0000000000000000
0.0000000000000000
0.0000000000000000
0.0000000000000000
0.0000000000000000
0.0000000000000000
0.0000000000000000
0.0000000000000000
0.0000000000000000
0.0000000000000000
0.0000000000000000
0.0000000000000000
0.0000000000000000
0.0000000000000000
0.0000000000000000
0.0347673807134768
0.0366618163631064
0.0797388179914218
0.1163172823748034
0.1421549234038904
0.1538692423722288
0.1481348019283469
0.1202517803168201
0.0593831259389455
0.0000000000000000
0.0000000000000000
0.0000000000000000
0.0000000000000000
0.0000000000000000
0.0000000000000000
0.0000000000000000
0.0000000000000000
0.0000000000000000
0.0000000000000000
0.0000000000000000
0.0000000000000000
0.0000000000000000
0.0000000000000000
0.0000000000000000
0.0347062937864266
0.0366133709304678
0.0796852626893365
0.1163454393101151
0.1422656036946949
0.1540480754424526
0.1483428740740113
0.1203930515945749
0.0591837690234317
0.0000000000000000
0.0000000000000000
0.0000000000000000
0.0000000000000000
0.0000000000000000
0.0000000000000000
0.0000000000000000
0.0000000000000000
0.0000000000000000
0.0000000000000000
0.0000000000000000
0.0000000000000000
0.0000000000000000
0.0000000000000000
0.0000000000000000
0.0346433895434990
0.0365628651692376
0.0796439823702521
0.1163846028761343
0.1423848539100425
0.1542314706896913
0.1485488534471259
0.1205193714258337
0.0589390055404656
0.0000000000000000
0.0000000000000000
0.0000000000000000
0.0000000000000000
0.0000000000000000
0.0000000000000000
0.0000000000000000
0.0000000000000000
0.0000000000000000
0.0000000000000000
0.0000000000000000
0.0000000000000000
0.0000000000000000
0.0000000000000000
0.0000000000000000
0.0345786726349091
0.0365102917033777
0.0796150005672220
0.1164346869840285
0.1425124740429194
0.1544191125293657
0.1487522938548841
0.1206300621418606
0.0586475796831106
0.0000000000000000
0.0000000000000000
0.0000000000000000
0.0000000000000000
0.0000000000000000
0.0000000000000000
0.0000000000000000
0.0000000000000000
0.0000000000000000
0.0000000000000000
0.0000000000000000
0.0000000000000000
0.0000000000000000
0.0000000000000000
0.0000000000000000
0.0345121488201285
0.0364556439830428
0.0795983364433291
0.1164955979195545
0.1426482530010937
0.1546106703037722
0.1489527278111933
0.1207244083154082
0.0583081672366580
0.0000000000000000
0.0000000000000000
0.0000000000000000
0.0000000000000000
0.0000000000000000
0.0000000000000000
0.0000000000000000
0.0000000000000000
0.0000000000000000
0.0000000000000000
0.0000000000000000
0.0000000000000000
0.0000000000000000
0.0000000000000000
0.0000000000000000
0.0344438250981473
0.0363989163817923
0.0795940057954639
0.1165672353704570
0.1427919695526316
0.1548057990360141
0.1491496668581898
0.1208016559256641
0.0579193751683962
0.0000000000000000
0.0000000000000000
0.0000000000000000
0.0000000000000000
0.0000000000000000
0.0000000000000000
0.0000000000000000
0.0000000000000000
0.0000000000000000
0.0000000000000000
0.0000000000000000
0.0000000000000000
0.0000000000000000
0.0000000000000000
0.0000000000000000
0.0343737095611707
0.0363401040868643
0.0796020214079244
0.1166494931936730
0.1429433935068177
0.1550041408978154
0.1493426029906002
0.1208610126328589
0.0574797421800609
0.0000000000000000
0.0000000000000000
0.0000000000000000
0.0000000000000000
0.0000000000000000
0.0000000000000000
0.0000000000000000
0.0000000000000000
0.0000000000000000
0.0000000000000000
0.0000000000000000
0.0000000000000000
0.0000000000000000
0.0000000000000000
0.0000000000000000
0.0343018109613409
0.0362792028006672
0.0796223918694684
0.1167422591607624
0.1431022864615235
0.1552053269338086
0.1495310110541518
0.1209016498031095
0.0569877424774929
0.0000000000000000
0.0000000000000000
0.0000000000000000
0.0000000000000000
0.0000000000000000
0.0000000000000000
0.0000000000000000
0.0000000000000000
0.0000000000000000
0.0000000000000000
0.0000000000000000
0.0000000000000000
0.0000000000000000
0.0000000000000000
0.0000000000000000
0.0342281381197655
0.0362162083751136
0.0796551182605901
0.1168454129051737
0.1432684013252181
0.1554089782883988
0.1497143516312061
0.1209227064297292
0.0564417952296605
0.0000000000000000
0.0000000000000000
0.0000000000000000
0.0000000000000000
0.0000000000000000
0.0000000000000000
0.0000000000000000
0.0000000000000000
0.0000000000000000
0.0000000000000000
0.0000000000000000
0.0000000000000000
0.0000000000000000
0.0000000000000000
0.0000000000000000
0.0341526993821146
0.0361511165478150
0.0797001887960385
0.1169588219881849
0.1434414802275817
0.1556147063531986
0.1498920737194840
0.1209232945638613
0.0558402805614649
0.0000000000000000
0.0000000000000000
0.0000000000000000
0.0000000000000000
0.0000000000000000
0.0000000000000000
0.0000000000000000
0.0000000000000000
0.0000000000000000
0.0000000000000000
0.0000000000000000
0.0000000000000000
0.0000000000000000
0.0000000000000000
0.0000000000000000
0.0340755022958940
0.0360839228871136
0.0797575725001349
0.1170823368287620
0.1436212512831364
0.1558221118534065
0.1500636167475861
0.1209025051577869
0.0551815605239228
0.0000000000000000
0.0000000000000000
0.0000000000000000
0.0000000000000000
0.0000000000000000
0.0000000000000000
0.0000000000000000
0.0000000000000000
0.0000000000000000
0.0000000000000000
0.0000000000000000
0.0000000000000000
0.0000000000000000
0.0000000000000000
0.0000000000000000
0.0339965535358868
0.0360146229255419
0.0798272134729957
0.1172157859594815
0.1438074252895879
0.1560307835271737
0.1502284118809258
0.1208594131170331
0.0544640013695557
0.0000000000000000
0.0000000000000000
0.0000000000000000
0.0000000000000000
0.0000000000000000
0.0000000000000000
0.0000000000000000
0.0000000000000000
0.0000000000000000
0.0000000000000000
0.0000000000000000
0.0000000000000000
0.0000000000000000
0.0000000000000000
0.0000000000000000
0.0339158589700612
0.0359432123479301
0.0799090271164398
0.1173589728863011
0.1439996935753306
0.1562402972704019
0.1503858829000994
0.1207930806050315
0.0536859936434959
0.0000000000000000
0.0000000000000000
0.0000000000000000
0.0000000000000000
0.0000000000000000
0.0000000000000000
0.0000000000000000
0.0000000000000000
0.0000000000000000
0.0000000000000000
0.0000000000000000
0.0000000000000000
0.0000000000000000
0.0000000000000000
0.0000000000000000
0.0338334237099683
0.0358696870926643
0.0800028988248278
0.1175116751940815
0.1441977275837040
0.1564502162907321
0.1505354469668243
0.1207025582836513
0.0528459682147949
0.0000000000000000
0.0000000000000000
0.0000000000000000
0.0000000000000000
0.0000000000000000
0.0000000000000000
0.0000000000000000
0.0000000000000000
0.0000000000000000
0.0000000000000000
0.0000000000000000
0.0000000000000000
0.0000000000000000
0.0000000000000000
0.0000000000000000
0.0337492520685766
0.0357940433105797
0.0801086848530138
0.1176736455977070
0.1444011800331681
0.1566600921978459
0.1506765153336135
0.1205868847189782
0.0519424092851729
0.0000000000000000
0.0000000000000000
0.0000000000000000
0.0000000000000000
0.0000000000000000
0.0000000000000000
0.0000000000000000
0.0000000000000000
0.0000000000000000
0.0000000000000000
0.0000000000000000
0.0000000000000000
0.0000000000000000
0.0000000000000000
0.0000000000000000
0.0336633474618690
0.0357557845022283
0.0802262144861253
0.1178446141573538
0.1446096869293984
0.1568694665210560
0.1508084938547513
0.1204450845144954
0.0509738669825971
0.0000000000000000
0.0000000000000000
0.0000000000000000
0.0000000000000000
0.0000000000000000
0.0000000000000000
0.0000000000000000
0.0000000000000000
0.0000000000000000
0.0000000000000000
0.0000000000000000
0.0000000000000000
0.0000000000000000
0.0000000000000000
0.0000000000000000
0.0335757123525508
0.0358316540142188
0.0803552927929164
0.1180242908560665
0.1448228697240228
0.1570778721133511
0.1509307831117606
0.1202761657449303
0.0499389725376188
0.0000000000000000
0.0000000000000000
0.0000000000000000
0.0000000000000000
0.0000000000000000
0.0000000000000000
0.0000000000000000
0.0000000000000000
0.0000000000000000
0.0000000000000000
0.0000000000000000
0.0000000000000000
0.0000000000000000
0.0000000000000000
0.0000000000000000
0.0334863482971714
0.0359207281058041
0.0804957034267352
0.1182123681079728
0.1450403372376788
0.1572848342092440
0.1510427781477991
0.1200791170856151
0.0488364580029670
0.0000000000000000
0.0000000000000000
0.0000000000000000
0.0000000000000000
0.0000000000000000
0.0000000000000000
