0.0000000000000000
0.0000000000000000
0.0000000000000000
0.0000000000000000
0.0000000000000000
0.0000000000000000
0.0000000000000000
0.0000000000000000
0.0000000000000000
0.0353942440991022
0.0388922556339443
0.0815256866683018
0.1169726433918309
0.1415641545184152
0.1520764934173461
0.1454083176417451
0.1173044435188437
0.0582957270173834
0.0000000000000000
0.0000000000000000
0.0000000000000000
0.0000000000000000
0.0000000000000000
0.0000000000000000
0.0000000000000000
0.0000000000000000
0.0000000000000000
0.0000000000000000
0.0000000000000000
0.0000000000000000
0.0000000000000000
0.0000000000000000
0.0000000000000000
0.0353572024490817
0.0386204090010881
0.0813188346391195
0.1168548782119885
0.1415509898123725
0.1521739276312534
0.1456113586539835
0.1175927133501839
0.0586016665871640
0.0000000000000000
0.0000000000000000
0.0000000000000000
0.0000000000000000
0.0000000000000000
0.0000000000000000
0.0000000000000000
0.0000000000000000
0.0000000000000000
0.0000000000000000
0.0000000000000000
0.0000000000000000
0.0000000000000000
0.0000000000000000
0.0000000000000000
0.0353182688141368
0.0383588614307498
0.0811230632802073
0.1167481954584367
0.1415478224097252
0.1522787105706028
0.1458164785977829
0.1178720786580621
0.0588727622231993
0.0000000000000000
0.0000000000000000
0.0000000000000000
0.0000000000000000
0.0000000000000000
0.0000000000000000
0.0000000000000000
0.0000000000000000
0.0000000000000000
0.0000000000000000
0.0000000000000000
0.0000000000000000
0.0000000000000000
0.0000000000000000
0.0000000000000000
0.0352774530750786
0.0381078500689918
0.0809385360848291
0.1166526677607281
0.1415546246566747
0.1523907133567046
0.1460234549971247
0.1181422351496011
0.0591085566474571
0.0000000000000000
0.0000000000000000
0.0000000000000000
0.0000000000000000
0.0000000000000000
0.0000000000000000
0.0000000000000000
0.0000000000000000
0.0000000000000000
0.0000000000000000
0.0000000000000000
0.0000000000000000
0.0000000000000000
0.0000000000000000
0.0000000000000000
0.0352347642336291
0.0378675999222808
0.0807654027147781
0.1165683530440941
0.1415713540219811
0.1525097923275237
0.1462320493883222
0.1184028538774674
0.0593085387716023
0.0000000000000000
0.0000000000000000
0.0000000000000000
0.0000000000000000
0.0000000000000000
0.0000000000000000
0.0000000000000000
0.0000000000000000
0.0000000000000000
0.0000000000000000
0.0000000000000000
0.0000000000000000
0.0000000000000000
0.0000000000000000
0.0000000000000000
0.0351902104855014
0.0376383255548662
0.0806038006007190
0.1164952958498731
0.1415979540249805
0.1526357894300917
0.1464420069873027
0.1186535797856802
0.0594721398849684
0.0000000000000000
0.0000000000000000
0.0000000000000000
0.0000000000000000
0.0000000000000000
0.0000000000000000
0.0000000000000000
0.0000000000000000
0.0000000000000000
0.0000000000000000
0.0000000000000000
0.0000000000000000
0.0000000000000000
0.0000000000000000
0.0000000000000000
0.0351437992551069
0.0374202319502884
0.0804538557477850
0.1164335280606935
0.1416343547898423
0.1527685325227622
0.1466530566244080
0.1188940310134031
0.0595987314233570
0.0000000000000000
0.0000000000000000
0.0000000000000000
0.0000000000000000
0.0000000000000000
0.0000000000000000
0.0000000000000000
0.0000000000000000
0.0000000000000000
0.0000000000000000
0.0000000000000000
0.0000000000000000
0.0000000000000000
0.0000000000000000
0.0000000000000000
0.0350955372056974
0.0372135145959659
0.0803156828949439
0.1163830690707235
0.1416804732287395
0.1529078355522670
0.1468649108587156
0.1191237987649969
0.0596876242022250
0.0000000000000000
0.0000000000000000
0.0000000000000000
0.0000000000000000
0.0000000000000000
0.0000000000000000
0.0000000000000000
0.0000000000000000
0.0000000000000000
0.0000000000000000
0.0000000000000000
0.0000000000000000
0.0000000000000000
0.0000000000000000
0.0000000000000000
0.0350454302436338
0.0370183590945839
0.0801893851660288
0.1163439255591075
0.1417362129449402
0.1530534985861459
0.1470772661361556
0.1193424475411591
0.0597380686294861
0.0000000000000000
0.0000000000000000
0.0000000000000000
0.0000000000000000
0.0000000000000000
0.0000000000000000
0.0000000000000000
0.0000000000000000
0.0000000000000000
0.0000000000000000
0.0000000000000000
0.0000000000000000
0.0000000000000000
0.0000000000000000
0.0000000000000000
0.0349934835379714
0.0368351595773260
0.0800750535550944
0.1163160910723889
0.1418014639608684
0.1532053077254288
0.1472898029029294
0.1195495153908846
0.0597492553997566
0.0000000000000000
0.0000000000000000
0.0000000000000000
0.0000000000000000
0.0000000000000000
0.0000000000000000
0.0000000000000000
0.0000000000000000
0.0000000000000000
0.0000000000000000
0.0000000000000000
0.0000000000000000
0.0000000000000000
0.0000000000000000
0.0000000000000000
0.0349397015726858
0.0367948737928640
0.0799727665435207
0.1162995457221168
0.1418761024914343
0.1533630349561833
0.1475021855403585
0.1197445138997004
0.0597203158992078
0.0000000000000000
0.0000000000000000
0.0000000000000000
0.0000000000000000
0.0000000000000000
0.0000000000000000
0.0000000000000000
0.0000000000000000
0.0000000000000000
0.0000000000000000
0.0000000000000000
0.0000000000000000
0.0000000000000000
0.0000000000000000
0.0000000000000000
0.0348840882519004
0.0367525605203420
0.0798825902522590
0.1162942562624635
0.1419599909315643
0.1535264380138283
0.1477140620587186
0.1199269275397349
0.0596503216814158
0.0000000000000000
0.0000000000000000
0.0000000000000000
0.0000000000000000
0.0000000000000000
0.0000000000000000
0.0000000000000000
0.0000000000000000
0.0000000000000000
0.0000000000000000
0.0000000000000000
0.0000000000000000
0.0000000000000000
0.0000000000000000
0.0000000000000000
0.0348266470641827
0.0367082115341546
0.0798045792792553
0.1163001767301633
0.1420529781756759
0.1536952602960129
0.1479250635038968
0.1200962123267520
0.0595382827435949
0.0000000000000000
0.0000000000000000
0.0000000000000000
0.0000000000000000
0.0000000000000000
0.0000000000000000
0.0000000000000000
0.0000000000000000
0.0000000000000000
0.0000000000000000
0.0000000000000000
0.0000000000000000
0.0000000000000000
0.0000000000000000
0.0000000000000000
0.0347673813117999
0.0366618184769726
0.0797387781238904
0.1163172494901120
0.1421549001689707
0.1538692307898279
0.1481348031269723
0.1202517939014644
0.0593831451310909
0.0000000000000000
0.0000000000000000
0.0000000000000000
0.0000000000000000
0.0000000000000000
0.0000000000000000
0.0000000000000000
0.0000000000000000
0.0000000000000000
0.0000000000000000
0.0000000000000000
0.0000000000000000
0.0000000000000000
0.0000000000000000
0.0000000000000000
0.0347062943983934
0.0366133730612997
0.0796852228273350
0.1163454064325707
0.1422655804803720
0.1540480639113708
0.1483428753843890
0.1203930654140409
0.0591837886750371
0.0000000000000000
0.0000000000000000
0.0000000000000000
0.0000000000000000
0.0000000000000000
0.0000000000000000
0.0000000000000000
0.0000000000000000
0.0000000000000000
0.0000000000000000
0.0000000000000000
0.0000000000000000
0.0000000000000000
0.0000000000000000
0.0000000000000000
0.0346433901702480
0.0365628673181640
0.0796439425170121
0.1163845700100943
0.1423848307219905
0.1542314592173147
0.1485488548792859
0.1205193854951449
0.0589390256714908
0.0000000000000000
0.0000000000000000
0.0000000000000000
0.0000000000000000
0.0000000000000000
0.0000000000000000
0.0000000000000000
0.0000000000000000
0.0000000000000000
0.0000000000000000
0.0000000000000000
0.0000000000000000
0.0000000000000000
0.0000000000000000
0.0000000000000000
0.0345786732775756
0.0365102938715204
0.0796149607260465
0.1164346541339310
0.1425124508869008
0.1544191011231828
0.1487522954190079
0.1206300764763807
0.0586476003140183
0.0000000000000000
0.0000000000000000
0.0000000000000000
0.0000000000000000
0.0000000000000000
0.0000000000000000
0.0000000000000000
0.0000000000000000
0.0000000000000000
0.0000000000000000
0.0000000000000000
0.0000000000000000
0.0000000000000000
0.0000000000000000
0.0000000000000000
0.0345121494798437
0.0364556461715157
0.0795982966175946
0.1164955650899209
0.1426482298829612
0.1546106589713767
0.1489527295176202
0.1207244229308601
0.0583081883883946
0.0000000000000000
0.0000000000000000
0.0000000000000000
0.0000000000000000
0.0000000000000000
0.0000000000000000
0.0000000000000000
0.0000000000000000
0.0000000000000000
0.0000000000000000
0.0000000000000000
0.0000000000000000
0.0000000000000000
0.0000000000000000
0.0000000000000000
0.0344438257760380
0.0363989185917009
0.0795939659886216
0.1165672025658932
0.1427919464783307
0.1548057877851080
0.1491496687174239
0.1208016708381497
0.0579193968623635
0.0000000000000000
0.0000000000000000
0.0000000000000000
0.0000000000000000
0.0000000000000000
0.0000000000000000
0.0000000000000000
0.0000000000000000
0.0000000000000000
0.0000000000000000
0.0000000000000000
0.0000000000000000
0.0000000000000000
0.0000000000000000
0.0000000000000000
0.0343737102583588
0.0363401063193052
0.0796019816235017
0.1166494604188708
0.1429433704823883
0.1550041297362126
0.1493426050133180
0.1208610278588815
0.0574797644380815
0.0000000000000000
0.0000000000000000
0.0000000000000000
0.0000000000000000
0.0000000000000000
0.0000000000000000
0.0000000000000000
0.0000000000000000
0.0000000000000000
0.0000000000000000
0.0000000000000000
0.0000000000000000
0.0000000000000000
0.0000000000000000
0.0000000000000000
0.0343018116789431
0.0362792050567276
0.0796223521110700
0.1167422264205012
0.1431022634931018
0.1552053158694384
0.1495310132512104
0.1209016653595987
0.0569877653217656
0.0000000000000000
0.0000000000000000
0.0000000000000000
0.0000000000000000
0.0000000000000000
0.0000000000000000
0.0000000000000000
0.0000000000000000
0.0000000000000000
0.0000000000000000
0.0000000000000000
0.0000000000000000
0.0000000000000000
0.0000000000000000
0.0000000000000000
0.0342281388588929
0.0362162106558711
0.0796550785318983
0.1168453802043218
0.1432683784190385
0.1554089673293091
0.1497143540136524
0.1209227223340678
0.0564418186827060
0.0000000000000000
0.0000000000000000
0.0000000000000000
0.0000000000000000
0.0000000000000000
0.0000000000000000
0.0000000000000000
0.0000000000000000
0.0000000000000000
0.0000000000000000
0.0000000000000000
0.0000000000000000
0.0000000000000000
0.0000000000000000
0.0000000000000000
0.0341527001438719
0.0361511188543371
0.0797001491008139
0.1169587893316980
0.1434414573899760
0.1556146955075576
0.1498920762985617
0.1209233108339121
0.0558403046460534
0.0000000000000000
0.0000000000000000
0.0000000000000000
0.0000000000000000
0.0000000000000000
0.0000000000000000
0.0000000000000000
0.0000000000000000
0.0000000000000000
0.0000000000000000
0.0000000000000000
0.0000000000000000
0.0000000000000000
0.0000000000000000
0.0000000000000000
0.0340755030813794
0.0360839252204567
0.0797575328422150
0.1170823042216823
0.1436212285205326
0.1558221011295015
0.1500636195347404
0.1209025218119184
0.0551815852629802
0.0000000000000000
0.0000000000000000
0.0000000000000000
0.0000000000000000
0.0000000000000000
0.0000000000000000
0.0000000000000000
0.0000000000000000
0.0000000000000000
0.0000000000000000
0.0000000000000000
0.0000000000000000
0.0000000000000000
0.0000000000000000
0.0000000000000000
0.0339965543461902
0.0360146252867506
0.0798271738562929
0.1172157534069339
0.1438074026085057
0.1560307729334089
0.1502284148878066
0.1208594301741431
0.0544640267860411
0.0000000000000000
0.0000000000000000
0.0000000000000000
0.0000000000000000
0.0000000000000000
0.0000000000000000
0.0000000000000000
0.0000000000000000
0.0000000000000000
0.0000000000000000
0.0000000000000000
0.0000000000000000
0.0000000000000000
0.0000000000000000
0.0000000000000000
0.0339158598062631
0.0359432147380358
0.0799089875449388
0.1173589403934898
0.1439996709823768
0.1562402868152938
0.1503858861385617
0.1207930980845682
0.0536860197602444
0.0000000000000000
0.0000000000000000
0.0000000000000000
0.0000000000000000
0.0000000000000000
0.0000000000000000
0.0000000000000000
0.0000000000000000
0.0000000000000000
0.0000000000000000
0.0000000000000000
0.0000000000000000
0.0000000000000000
0.0000000000000000
0.0000000000000000
0.0338334245731384
0.0358696895126838
0.0800028593025836
0.1175116427662846
0.1441977050855669
0.1564502059829047
0.1505354504489291
0.1207025762056363
0.0528459950543236
0.0000000000000000
0.0000000000000000
0.0000000000000000
0.0000000000000000
0.0000000000000000
0.0000000000000000
0.0000000000000000
0.0000000000000000
0.0000000000000000
0.0000000000000000
0.0000000000000000
0.0000000000000000
0.0000000000000000
0.0000000000000000
0.0000000000000000
0.0337492529597723
0.0357940457615143
0.0801086453841474
0.1176736132402729
0.1444011576366123
0.1566600820460265
0.1506765190716285
0.1205869031040299
0.0519424368694429
0.0000000000000000
0.0000000000000000
0.0000000000000000
0.0000000000000000
0.0000000000000000
0.0000000000000000
0.0000000000000000
0.0000000000000000
0.0000000000000000
0.0000000000000000
0.0000000000000000
0.0000000000000000
0.0000000000000000
0.0000000000000000
0.0000000000000000
0.0336633483821341
0.0357557412932739
0.0802261750748219
0.1178445818756961
0.1446096646412600
0.1568694565340710
0.1508084978611537
0.1204451033838572
0.0509738953327247
0.0000000000000000
0.0000000000000000
0.0000000000000000
0.0000000000000000
0.0000000000000000
0.0000000000000000
0.0000000000000000
0.0000000000000000
0.0000000000000000
0.0000000000000000
0.0000000000000000
0.0000000000000000
0.0000000000000000
0.0000000000000000
0.0000000000000000
0.0335757133029147
0.0358316108578168
0.0803552534434226
0.1180242586556613
0.1448228475512056
0.1570778623001245
0.1509307873992422
0.1202761851205006
0.0499390016735263
0.0000000000000000
0.0000000000000000
0.0000000000000000
0.0000000000000000
0.0000000000000000
0.0000000000000000
0.0000000000000000
0.0000000000000000
0.0000000000000000
0.0000000000000000
0.0000000000000000
0.0000000000000000
0.0000000000000000
0.0000000000000000
0.0000000000000000
0.0334863492786479
0.0359206850050766
0.0804956641433573
0.1182123359943554
0.1450403151871511
0.1572848245787955
0.1510427827292715
0.1200791369899811
0.0488364879429595
0.0000000000000000
0.0000000000000000
0.0000000000000000
0.0000000000000000
0.0000000000000000
0.0000000000000000
