0.0000000000000000
0.0000000000000000
0.0000000000000000
0.0000000000000000
0.0255082597354901
0.0642141089206466
0.0942842983070767
0.1128719703324434
0.1190140949786962
0.1127275296117358
0.0949454173964686
0.0674891647825135
0.0000000000000000
0.0000000000000000
0.0000000000000000
0.0000000000000000
0.0000000000000000
0.0000000000000000
0.0000000000000000
0.0000000000000000
0.0000000000000000
0.0000000000000000
0.0000000000000000
0.0000000000000000
0.0000000000000000
0.0000000000000000
0.0000000000000000
0.0000000000000000
0.0251411235500840
0.0640185699642554
0.0942443213987998
0.1129671090908335
0.1192278022548500
0.1130414330630036
0.0953372070760050
0.0679323028575569
0.0000000000000000
0.0000000000000000
0.0000000000000000
0.0000000000000000
0.0000000000000000
0.0000000000000000
0.0000000000000000
0.0000000000000000
0.0000000000000000
0.0000000000000000
0.0000000000000000
0.0000000000000000
0.0000000000000000
0.0000000000000000
0.0000000000000000
0.0000000000000000
0.0247688302686704
0.0638299404258456
0.0942172407085821
0.1130777046070269
0.1194576916464956
0.1133711168187475
0.0957436541280498
0.0683885594454023
0.0000000000000000
0.0000000000000000
0.0000000000000000
0.0000000000000000
0.0000000000000000
0.0000000000000000
0.0000000000000000
0.0000000000000000
0.0000000000000000
0.0000000000000000
0.0000000000000000
0.0000000000000000
0.0000000000000000
0.0000000000000000
0.0000000000000000
0.0000000000000000
0.0243909528474217
0.0636480337715057
0.0942029248731917
0.1132035847984802
0.1197035263218546
0.1137162812723855
0.0961644102905785
0.0688575584399229
0.0000000000000000
0.0000000000000000
0.0000000000000000
0.0000000000000000
0.0000000000000000
0.0000000000000000
0.0000000000000000
0.0000000000000000
0.0000000000000000
0.0000000000000000
0.0000000000000000
0.0000000000000000
0.0000000000000000
0.0000000000000000
0.0000000000000000
0.0000000000000000
0.0240070283127845
0.0634726379573168
0.0942012242748395
0.1133445621750729
0.1199650563182730
0.1140766161743005
0.0965991194028275
0.0693389186903238
0.0000000000000000
0.0000000000000000
0.0000000000000000
0.0000000000000000
0.0000000000000000
0.0000000000000000
0.0000000000000000
0.0000000000000000
0.0000000000000000
0.0000000000000000
0.0000000000000000
0.0000000000000000
0.0000000000000000
0.0000000000000000
0.0000000000000000
0.0000000000000000
0.0236165609727694
0.0633035171373464
0.0942119725605087
0.1135004349685152
0.1202420192235355
0.1144518008728658
0.0970474172565894
0.0698322535098733
0.0000000000000000
0.0000000000000000
0.0000000000000000
0.0000000000000000
0.0000000000000000
0.0000000000000000
0.0000000000000000
0.0000000000000000
0.0000000000000000
0.0000000000000000
0.0000000000000000
0.0000000000000000
0.0000000000000000
0.0000000000000000
0.0000000000000000
0.0000000000000000
0.0232190251936502
0.0631404126738992
0.0942349876458516
0.1136709879410505
0.1205341407720860
0.1148415046949940
0.0975089317658856
0.0703371706918682
0.0000000000000000
0.0000000000000000
0.0000000000000000
0.0000000000000000
0.0000000000000000
0.0000000000000000
0.0000000000000000
0.0000000000000000
0.0000000000000000
0.0000000000000000
0.0000000000000000
0.0000000000000000
0.0000000000000000
0.0000000000000000
0.0000000000000000
0.0000000000000000
0.0228138679276566
0.0629830435295502
0.0942700722100919
0.1138559928654568
0.1208411352830243
0.1152453873456600
0.0979832833380792
0.0708532728184921
0.0000000000000000
0.0000000000000000
0.0000000000000000
0.0000000000000000
0.0000000000000000
0.0000000000000000
0.0000000000000000
0.0000000000000000
0.0000000000000000
0.0000000000000000
0.0000000000000000
0.0000000000000000
0.0000000000000000
0.0000000000000000
0.0000000000000000
0.0000000000000000
0.0224005112598721
0.0628311061727559
0.0943170137753509
0.1140552086604206
0.1211627058698145
0.1156630991926555
0.0984700852138830
0.0713801576696398
0.0000000000000000
0.0000000000000000
0.0000000000000000
0.0000000000000000
0.0000000000000000
0.0000000000000000
0.0000000000000000
0.0000000000000000
0.0000000000000000
0.0000000000000000
0.0000000000000000
0.0000000000000000
0.0000000000000000
0.0000000000000000
0.0000000000000000
0.0000000000000000
0.0219783553903754
0.0626842742686960
0.0943755845062076
0.1142683812692528
0.1214985444083310
0.1160942813355795
0.0989689436412856
0.0719174184538993
0.0000000000000000
0.0000000000000000
0.0000000000000000
0.0000000000000000
0.0000000000000000
0.0000000000000000
0.0000000000000000
0.0000000000000000
0.0000000000000000
0.0000000000000000
0.0000000000000000
0.0000000000000000
0.0000000000000000
0.0000000000000000
0.0000000000000000
0.0000000000000000
0.0215467824187267
0.0625421984444379
0.0944455409987662
0.1144952434184080
0.1218483313129348
0.1165385654195672
0.0994794577178642
0.0724646436935314
0.0000000000000000
0.0000000000000000
0.0000000000000000
0.0000000000000000
0.0000000000000000
0.0000000000000000
0.0000000000000000
0.0000000000000000
0.0000000000000000
0.0000000000000000
0.0000000000000000
0.0000000000000000
0.0000000000000000
0.0000000000000000
0.0000000000000000
0.0000000000000000
0.0211051614481752
0.0624045064998632
0.0945266242980297
0.1147355144479388
0.1222117352061155
0.1169955731683387
0.1000012188185302
0.0730214165510998
0.0000000000000000
0.0000000000000000
0.0000000000000000
0.0000000000000000
0.0000000000000000
0.0000000000000000
0.0000000000000000
0.0000000000000000
0.0000000000000000
0.0000000000000000
0.0000000000000000
0.0000000000000000
0.0000000000000000
0.0000000000000000
0.0000000000000000
0.0000000000000000
0.0206528553018147
0.0622708043000191
0.0946185603765694
0.1149889003375146
0.1225884125484333
0.1174649156616115
0.1005338095552430
0.0735873135453530
0.0000000000000000
0.0000000000000000
0.0000000000000000
0.0000000000000000
0.0000000000000000
0.0000000000000000
0.0000000000000000
0.0000000000000000
0.0000000000000000
0.0000000000000000
0.0000000000000000
0.0000000000000000
0.0000000000000000
0.0000000000000000
0.0000000000000000
0.0000000000000000
0.0201892290513103
0.0621406773749407
0.0947210610115621
0.1152550939015962
0.1229780071990502
0.1179461923227844
0.1010768022817937
0.0741619026665136
0.0000000000000000
0.0000000000000000
0.0000000000000000
0.0000000000000000
0.0000000000000000
0.0000000000000000
0.0000000000000000
0.0000000000000000
0.0000000000000000
0.0000000000000000
0.0000000000000000
0.0000000000000000
0.0000000000000000
0.0000000000000000
0.0000000000000000
0.0000000000000000
0.0197136603060824
0.0620136929710119
0.0948338248514348
0.1155337749403030
0.1233801497681508
0.1184389895686230
0.1016297571430921
0.0747447409845016
0.0000000000000000
0.0000000000000000
0.0000000000000000
0.0000000000000000
0.0000000000000000
0.0000000000000000
0.0000000000000000
0.0000000000000000
0.0000000000000000
0.0000000000000000
0.0000000000000000
0.0000000000000000
0.0000000000000000
0.0000000000000000
0.0000000000000000
0.0000000000000000
0.0192255512296235
0.0618894023319698
0.0949565383935115
0.1158246101699302
0.1237944566542482
0.1189428790943316
0.1021922197613141
0.0753353718807503
0.0000000000000000
0.0000000000000000
0.0000000000000000
0.0000000000000000
0.0000000000000000
0.0000000000000000
0.0000000000000000
0.0000000000000000
0.0000000000000000
0.0000000000000000
0.0000000000000000
0.0000000000000000
0.0000000000000000
0.0000000000000000
0.0000000000000000
0.0000000000000000
0.0187243421752255
0.0617673430342449
0.0950888768665669
0.1161272529993430
0.1242205289554739
0.1194574160783554
0.1027637188809621
0.0759333223181340
0.0000000000000000
0.0000000000000000
0.0000000000000000
0.0000000000000000
0.0000000000000000
0.0000000000000000
0.0000000000000000
0.0000000000000000
0.0000000000000000
0.0000000000000000
0.0000000000000000
0.0000000000000000
0.0000000000000000
0.0000000000000000
0.0000000000000000
0.0000000000000000
0.0182095266086034
0.0616470414050109
0.0952305052736756
0.1164413436457788
0.1246579518737602
0.1199821380287864
0.1033437647857385
0.0765381009360016
0.0000000000000000
0.0000000000000000
0.0000000000000000
0.0000000000000000
0.0000000000000000
0.0000000000000000
0.0000000000000000
0.0000000000000000
0.0000000000000000
0.0000000000000000
0.0000000000000000
0.0000000000000000
0.0000000000000000
0.0000000000000000
0.0000000000000000
0.0000000000000000
0.0176806664291842
0.0615280147821432
0.0953810798803586
0.1167665101561602
0.1251062954286478
0.1205165652536980
0.1039318495613046
0.0771491981554619
0.0000000000000000
0.0000000000000000
0.0000000000000000
0.0000000000000000
0.0000000000000000
0.0000000000000000
0.0000000000000000
0.0000000000000000
0.0000000000000000
0.0000000000000000
0.0000000000000000
0.0000000000000000
0.0000000000000000
0.0000000000000000
0.0000000000000000
0.0000000000000000
0.0171374065617252
0.0614097729758576
0.0955402499677338
0.1171023705154517
0.1255651168914685
0.1210602035602712
0.1045274499747896
0.0777660891097843
0.0000000000000000
0.0000000000000000
0.0000000000000000
0.0000000000000000
0.0000000000000000
0.0000000000000000
0.0000000000000000
0.0000000000000000
0.0000000000000000
0.0000000000000000
0.0000000000000000
0.0000000000000000
0.0000000000000000
0.0000000000000000
0.0000000000000000
0.0000000000000000
0.0165794879611674
0.0612918180645424
0.0957076591166351
0.1174485351842503
0.1260339644202746
0.1216125487992095
0.1051300326931969
0.0783882392955245
0.0000000000000000
0.0000000000000000
0.0000000000000000
0.0000000000000000
0.0000000000000000
0.0000000000000000
0.0000000000000000
0.0000000000000000
0.0000000000000000
0.0000000000000000
0.0000000000000000
0.0000000000000000
0.0000000000000000
0.0000000000000000
0.0000000000000000
0.0000000000000000
0.0160067594970198
0.0611736418397654
0.0958829449451774
0.1178046088008798
0.1265123804903400
0.1221730917804918
0.1057390603985304
0.0790151114951274
0.0000000000000000
0.0000000000000000
0.0000000000000000
0.0000000000000000
0.0000000000000000
0.0000000000000000
0.0000000000000000
0.0000000000000000
0.0000000000000000
0.0000000000000000
0.0000000000000000
0.0000000000000000
0.0000000000000000
0.0000000000000000
0.0000000000000000
0.0000000000000000
0.0154191904024816
0.0610547211731969
0.0960657367298909
0.1181701899049620
0.1269999036079363
0.1227413217944947
0.1063539968172474
0.0796461719565185
0.0000000000000000
0.0000000000000000
0.0000000000000000
0.0000000000000000
0.0000000000000000
0.0000000000000000
0.0000000000000000
0.0000000000000000
0.0000000000000000
0.0000000000000000
0.0000000000000000
0.0000000000000000
0.0000000000000000
0.0000000000000000
0.0000000000000000
0.0000000000000000
0.0148168856408155
0.0609345123800499
0.0962556512643505
0.1185448685211343
0.1274960676924983
0.1233167277356028
0.1069743094139203
0.0802808943186460
0.0000000000000000
0.0000000000000000
0.0000000000000000
0.0000000000000000
0.0000000000000000
0.0000000000000000
0.0000000000000000
0.0000000000000000
0.0000000000000000
0.0000000000000000
0.0000000000000000
0.0000000000000000
0.0000000000000000
0.0000000000000000
0.0000000000000000
0.0000000000000000
0.0142001057249013
0.0608124461618126
0.0964522882570212
0.1189282226352304
0.1280003998815903
0.1238987972934486
0.1075994698692632
0.0809187611922922
0.0000000000000000
0.0000000000000000
0.0000000000000000
0.0000000000000000
0.0000000000000000
0.0000000000000000
0.0000000000000000
0.0000000000000000
0.0000000000000000
0.0000000000000000
0.0000000000000000
0.0000000000000000
0.0000000000000000
0.0000000000000000
0.0000000000000000
0.0000000000000000
0.0135692910745159
0.0606879242584571
0.0966552268530925
0.1193198152487848
0.1285124183919676
0.1244870157083583
0.1082289537051947
0.0815592645073440
0.0000000000000000
0.0000000000000000
0.0000000000000000
0.0000000000000000
0.0000000000000000
0.0000000000000000
0.0000000000000000
0.0000000000000000
0.0000000000000000
0.0000000000000000
0.0000000000000000
0.0000000000000000
0.0000000000000000
0.0000000000000000
0.0000000000000000
0.0000000000000000
0.0129250897429574
0.0605603181537742
0.0968640242175789
0.1197191932866661
0.1290316318633895
0.1250808655598525
0.1088622404583388
0.0822019059981303
0.0000000000000000
0.0000000000000000
0.0000000000000000
0.0000000000000000
0.0000000000000000
0.0000000000000000
0.0000000000000000
0.0000000000000000
0.0000000000000000
0.0000000000000000
0.0000000000000000
0.0000000000000000
0.0000000000000000
0.0000000000000000
0.0000000000000000
0.0000000000000000
0.0122683872024786
0.0604289694065058
0.0970782162179603
0.1201258885712398
0.1295575405305874
0.1256798280287886
0.1094988149339551
0.0828461983451454
0.0000000000000000
0.0000000000000000
0.0000000000000000
0.0000000000000000
0.0000000000000000
0.0000000000000000
0.0000000000000000
0.0000000000000000
0.0000000000000000
0.0000000000000000
0.0000000000000000
0.0000000000000000
0.0000000000000000
0.0000000000000000
0.0000000000000000
0.0000000000000000
0.0116003374418283
0.0602931909808829
0.0972973194071765
0.1205394200900097
0.1300896384846800
0.1262833849710847
0.1101381689635398
0.0834916665640942
0.0000000000000000
0.0000000000000000
0.0000000000000000
0.0000000000000000
0.0000000000000000
0.0000000000000000
0.0000000000000000
0.0000000000000000
0.0000000000000000
0.0000000000000000
0.0000000000000000
0.0000000000000000
0.0000000000000000
0.0000000000000000
0.0000000000000000
0.0000000000000000
0.0109223952589819
0.0601522690790143
0.0975208334439668
0.1209592964761831
0.1306274159172117
0.1268910207365162
0.1107798027088106
0.0841378487524339
0.0000000000000000
0.0000000000000000
0.0000000000000000
0.0000000000000000
0.0000000000000000
0.0000000000000000
0.0000000000000000
0.0000000000000000
0.0000000000000000
0.0000000000000000
0.0000000000000000
0.0000000000000000
0.0000000000000000
0.0000000000000000
0.0000000000000000
0.0000000000000000
0.0102363492614161
0.0600054653322293
0.0977482433752495
0.1213850180503280
0.1311703606744448
0.1275022231243592
0.1114232249722583
0.0847842958126259
0.0000000000000000
0.0000000000000000
0.0000000000000000
0.0000000000000000
0.0000000000000000
0.0000000000000000
0.0000000000000000
0.0000000000000000
0.0000000000000000
0.0000000000000000
0.0000000000000000
0.0000000000000000
