0.0000000000000000
0.0000000000000000
0.0000000000000000
0.0000000000000000
0.0000000000000000
0.0000000000000000
0.0000000000000000
0.0000000000000000
0.0000000000000000
0.0353942388987961
0.0388922251979625
0.0815256609726713
0.1169726259131328
0.1415641484940476
0.1520765022564131
0.1454083463415511
0.1173045037076371
0.0582958518064942
0.0000000000000000
0.0000000000000000
0.0000000000000000
0.0000000000000000
0.0000000000000000
0.0000000000000000
0.0000000000000000
0.0000000000000000
0.0000000000000000
0.0000000000000000
0.0000000000000000
0.0000000000000000
0.0000000000000000
0.0000000000000000
0.0000000000000000
0.0353571972235955
0.0386203784890914
0.0813188088391857
0.1168548606072130
0.1415509836458511
0.1521739363158870
0.1456113871862874
0.1175927733484829
0.0586017912331543
0.0000000000000000
0.0000000000000000
0.0000000000000000
0.0000000000000000
0.0000000000000000
0.0000000000000000
0.0000000000000000
0.0000000000000000
0.0000000000000000
0.0000000000000000
0.0000000000000000
0.0000000000000000
0.0000000000000000
0.0000000000000000
0.0000000000000000
0.0353182635622576
0.0383588308389905
0.0811230373724483
0.1167481777245743
0.1415478160989083
0.1522787191002644
0.1458165069658173
0.1178721384809303
0.0588728867727953
0.0000000000000000
0.0000000000000000
0.0000000000000000
0.0000000000000000
0.0000000000000000
0.0000000000000000
0.0000000000000000
0.0000000000000000
0.0000000000000000
0.0000000000000000
0.0000000000000000
0.0000000000000000
0.0000000000000000
0.0000000000000000
0.0000000000000000
0.0352774477956125
0.0381078193937922
0.0809385100658085
0.1166526498948649
0.1415546181995185
0.1523907217309452
0.1460234832041850
0.1181422948121006
0.0591086811476637
0.0000000000000000
0.0000000000000000
0.0000000000000000
0.0000000000000000
0.0000000000000000
0.0000000000000000
0.0000000000000000
0.0000000000000000
0.0000000000000000
0.0000000000000000
0.0000000000000000
0.0000000000000000
0.0000000000000000
0.0000000000000000
0.0000000000000000
0.0352347589254021
0.0378675691600349
0.0807653765811463
0.1165683350434113
0.1415713474165383
0.1525098005459820
0.1462320774377673
0.1184029133946746
0.0593086632696800
0.0000000000000000
0.0000000000000000
0.0000000000000000
0.0000000000000000
0.0000000000000000
0.0000000000000000
0.0000000000000000
0.0000000000000000
0.0000000000000000
0.0000000000000000
0.0000000000000000
0.0000000000000000
0.0000000000000000
0.0000000000000000
0.0000000000000000
0.0351902051473594
0.0376382947020410
0.0806037743492139
0.1164952777116481
0.1415979472694001
0.1526357974924937
0.1464420348825558
0.1186536391727021
0.0594722644284181
0.0000000000000000
0.0000000000000000
0.0000000000000000
0.0000000000000000
0.0000000000000000
0.0000000000000000
0.0000000000000000
0.0000000000000000
0.0000000000000000
0.0000000000000000
0.0000000000000000
0.0000000000000000
0.0000000000000000
0.0000000000000000
0.0000000000000000
0.0351437938859165
0.0374202010034271
0.0804538293752336
0.1164335097822999
0.1416343478823694
0.1527685404289205
0.1466530843689590
0.1188940902853961
0.0595988560599056
0.0000000000000000
0.0000000000000000
0.0000000000000000
0.0000000000000000
0.0000000000000000
0.0000000000000000
0.0000000000000000
0.0000000000000000
0.0000000000000000
0.0000000000000000
0.0000000000000000
0.0000000000000000
0.0000000000000000
0.0000000000000000
0.0000000000000000
0.0350955318043462
0.0372134835516879
0.0803156563982625
0.1163830506496313
0.1416804661677147
0.1529078433020799
0.1468649384561221
0.1191238579371850
0.0596877489798143
0.0000000000000000
0.0000000000000000
0.0000000000000000
0.0000000000000000
0.0000000000000000
0.0000000000000000
0.0000000000000000
0.0000000000000000
0.0000000000000000
0.0000000000000000
0.0000000000000000
0.0000000000000000
0.0000000000000000
0.0000000000000000
0.0000000000000000
0.0350454248090312
0.0370183279495880
0.0801893585422255
0.1163439069928836
0.1417362057287992
0.1530535061795971
0.1470772935900451
0.1193425066288528
0.0597381935962567
0.0000000000000000
0.0000000000000000
0.0000000000000000
0.0000000000000000
0.0000000000000000
0.0000000000000000
0.0000000000000000
0.0000000000000000
0.0000000000000000
0.0000000000000000
0.0000000000000000
0.0000000000000000
0.0000000000000000
0.0000000000000000
0.0000000000000000
0.0349934780690486
0.0368351555201900
0.0800750268012683
0.1163160723586968
0.1418014565881414
0.1532053151625863
0.1472898302170003
0.1195495744094987
0.0597493806040268
0.0000000000000000
0.0000000000000000
0.0000000000000000
0.0000000000000000
0.0000000000000000
0.0000000000000000
0.0000000000000000
0.0000000000000000
0.0000000000000000
0.0000000000000000
0.0000000000000000
0.0000000000000000
0.0000000000000000
0.0000000000000000
0.0000000000000000
0.0349396960683963
0.0367948696984535
0.0799727396568636
0.1162995268587174
0.1418760949607454
0.1533630422371987
0.1475022127183823
0.1197445728647729
0.0597204413894454
0.0000000000000000
0.0000000000000000
0.0000000000000000
0.0000000000000000
0.0000000000000000
0.0000000000000000
0.0000000000000000
0.0000000000000000
0.0000000000000000
0.0000000000000000
0.0000000000000000
0.0000000000000000
0.0000000000000000
0.0000000000000000
0.0000000000000000
0.0348840827112209
0.0367525563877585
0.0798825632300568
0.1162942372472148
0.1419599832416313
0.1535264451389363
0.1477140891045415
0.1199269864669456
0.0596504475062047
0.0000000000000000
0.0000000000000000
0.0000000000000000
0.0000000000000000
0.0000000000000000
0.0000000000000000
0.0000000000000000
0.0000000000000000
0.0000000000000000
0.0000000000000000
0.0000000000000000
0.0000000000000000
0.0000000000000000
0.0000000000000000
0.0000000000000000
0.0348266414861131
0.0367082073625241
0.0798045521188888
0.1163001575610219
0.1420529703253102
0.1536952672655314
0.1479250904214421
0.1200962712319430
0.0595384089515885
0.0000000000000000
0.0000000000000000
0.0000000000000000
0.0000000000000000
0.0000000000000000
0.0000000000000000
0.0000000000000000
0.0000000000000000
0.0000000000000000
0.0000000000000000
0.0000000000000000
0.0000000000000000
0.0000000000000000
0.0000000000000000
0.0000000000000000
0.0347673756953646
0.0366618142654462
0.0797387508228374
0.1163172301651337
0.1421548921570790
0.1538692376041590
0.1481348299202448
0.1202518528006626
0.0593832717709612
0.0000000000000000
0.0000000000000000
0.0000000000000000
0.0000000000000000
0.0000000000000000
0.0000000000000000
0.0000000000000000
0.0000000000000000
0.0000000000000000
0.0000000000000000
0.0000000000000000
0.0000000000000000
0.0000000000000000
0.0000000000000000
0.0000000000000000
0.0347062887426413
0.0366133688090545
0.0796851953831726
0.1163453869499130
0.1422655723059570
0.1540480705710026
0.1483429020574798
0.1203931243234826
0.0591839157954048
0.0000000000000000
0.0000000000000000
0.0000000000000000
0.0000000000000000
0.0000000000000000
0.0000000000000000
0.0000000000000000
0.0000000000000000
0.0000000000000000
0.0000000000000000
0.0000000000000000
0.0000000000000000
0.0000000000000000
0.0000000000000000
0.0000000000000000
0.0346433844742543
0.0365628630244037
0.0796439149274196
0.1163845503680193
0.1423848223841543
0.1542314657228249
0.1485488814363790
0.1205194444313024
0.0589391533208421
0.0000000000000000
0.0000000000000000
0.0000000000000000
0.0000000000000000
0.0000000000000000
0.0000000000000000
0.0000000000000000
0.0000000000000000
0.0000000000000000
0.0000000000000000
0.0000000000000000
0.0000000000000000
0.0000000000000000
0.0000000000000000
0.0000000000000000
0.0345786675404422
0.0365102895354763
0.0796149329888092
0.1164346343308093
0.1425124423848485
0.1544191074752424
0.1487523218643878
0.1206301354559909
0.0586477285405977
0.0000000000000000
0.0000000000000000
0.0000000000000000
0.0000000000000000
0.0000000000000000
0.0000000000000000
0.0000000000000000
0.0000000000000000
0.0000000000000000
0.0000000000000000
0.0000000000000000
0.0000000000000000
0.0000000000000000
0.0000000000000000
0.0000000000000000
0.0345121437007009
0.0364556417924484
0.0795982687306074
0.1164955451242349
0.1426482212160053
0.1546106651707550
0.1489527558556806
0.1207244819709548
0.0583083172400742
0.0000000000000000
0.0000000000000000
0.0000000000000000
0.0000000000000000
0.0000000000000000
0.0000000000000000
0.0000000000000000
0.0000000000000000
0.0000000000000000
0.0000000000000000
0.0000000000000000
0.0000000000000000
0.0000000000000000
0.0000000000000000
0.0000000000000000
0.0344438199540454
0.0363989141689008
0.0795939379498934
0.1165671824362420
0.1427919376458950
0.1548057938326779
0.1491496949526771
0.1208017299560883
0.0579195263864824
0.0000000000000000
0.0000000000000000
0.0000000000000000
0.0000000000000000
0.0000000000000000
0.0000000000000000
0.0000000000000000
0.0000000000000000
0.0000000000000000
0.0000000000000000
0.0000000000000000
0.0000000000000000
0.0000000000000000
0.0000000000000000
0.0000000000000000
0.0343737043927065
0.0363401018520943
0.0796019534311581
0.1166494401239736
0.1429433614840117
0.1550041356329549
0.1493426311504038
0.1208610870723847
0.0574798946812498
0.0000000000000000
0.0000000000000000
0.0000000000000000
0.0000000000000000
0.0000000000000000
0.0000000000000000
0.0000000000000000
0.0000000000000000
0.0000000000000000
0.0000000000000000
0.0000000000000000
0.0000000000000000
0.0000000000000000
0.0000000000000000
0.0000000000000000
0.0343018057688525
0.0362792005444594
0.0796223237633554
0.1167422059591990
0.1431022543284408
0.1552053216164446
0.1495310392949036
0.1209017246867830
0.0569878963296268
0.0000000000000000
0.0000000000000000
0.0000000000000000
0.0000000000000000
0.0000000000000000
0.0000000000000000
0.0000000000000000
0.0000000000000000
0.0000000000000000
0.0000000000000000
0.0000000000000000
0.0000000000000000
0.0000000000000000
0.0000000000000000
0.0000000000000000
0.0342281329036166
0.0362162060979315
0.0796550500271761
0.1168453595755768
0.1432683690878662
0.1554089729277821
0.1497143799688677
0.1209227817934756
0.0564419504996383
0.0000000000000000
0.0000000000000000
0.0000000000000000
0.0000000000000000
0.0000000000000000
0.0000000000000000
0.0000000000000000
0.0000000000000000
0.0000000000000000
0.0000000000000000
0.0000000000000000
0.0000000000000000
0.0000000000000000
0.0000000000000000
0.0000000000000000
0.0341526941426942
0.0361511142501435
0.0797001204375653
0.1169587685345927
0.1434414478921797
0.1556147009588086
0.1498921021703553
0.1209233704445393
0.0558404373148001
0.0000000000000000
0.0000000000000000
0.0000000000000000
0.0000000000000000
0.0000000000000000
0.0000000000000000
0.0000000000000000
0.0000000000000000
0.0000000000000000
0.0000000000000000
0.0000000000000000
0.0000000000000000
0.0000000000000000
0.0000000000000000
0.0000000000000000
0.0340754970336154
0.0360839205694583
0.0797575040190368
0.1170822832554155
0.1436212188561100
0.1558221064349460
0.1500636453283080
0.1209025815932332
0.0551817188241868
0.0000000000000000
0.0000000000000000
0.0000000000000000
0.0000000000000000
0.0000000000000000
0.0000000000000000
0.0000000000000000
0.0000000000000000
0.0000000000000000
0.0000000000000000
0.0000000000000000
0.0000000000000000
0.0000000000000000
0.0000000000000000
0.0000000000000000
0.0339965482511866
0.0360146205884275
0.0798271448718961
0.1172157322708176
0.1438073927775594
0.1560307780945605
0.1502284406084784
0.1208594901461002
0.0544641612776911
0.0000000000000000
0.0000000000000000
0.0000000000000000
0.0000000000000000
0.0000000000000000
0.0000000000000000
0.0000000000000000
0.0000000000000000
0.0000000000000000
0.0000000000000000
0.0000000000000000
0.0000000000000000
0.0000000000000000
0.0000000000000000
0.0000000000000000
0.0339158536633975
0.0359432099918990
0.0799089583981465
0.1173589190869451
0.1439996609851088
0.1562402918337567
0.1503859117917968
0.1207931582676190
0.0536861552169858
0.0000000000000000
0.0000000000000000
0.0000000000000000
0.0000000000000000
0.0000000000000000
0.0000000000000000
0.0000000000000000
0.0000000000000000
0.0000000000000000
0.0000000000000000
0.0000000000000000
0.0000000000000000
0.0000000000000000
0.0000000000000000
0.0000000000000000
0.0338334183818194
0.0358696847182746
0.0800028299923285
0.1175116212888377
0.1441976949222726
0.1564502108603667
0.1505354760403079
0.1207026366207376
0.0528461315066733
0.0000000000000000
0.0000000000000000
0.0000000000000000
0.0000000000000000
0.0000000000000000
0.0000000000000000
0.0000000000000000
0.0000000000000000
0.0000000000000000
0.0000000000000000
0.0000000000000000
0.0000000000000000
0.0000000000000000
0.0000000000000000
0.0000000000000000
0.0337492467194396
0.0357940409184038
0.0801086159094704
0.1176735915915509
0.1444011473076747
0.1566600867842516
0.1506765446068467
0.1205869637726550
0.0519425743428605
0.0000000000000000
0.0000000000000000
0.0000000000000000
0.0000000000000000
0.0000000000000000
0.0000000000000000
0.0000000000000000
0.0000000000000000
0.0000000000000000
0.0000000000000000
0.0000000000000000
0.0000000000000000
0.0000000000000000
0.0000000000000000
0.0000000000000000
0.0336633420922581
0.0357557075792281
0.0802261454348691
0.1178445600554227
0.1446096541471435
0.1568694611348918
0.1508085233460160
0.1204451643280083
0.0509740338465342
0.0000000000000000
0.0000000000000000
0.0000000000000000
0.0000000000000000
0.0000000000000000
0.0000000000000000
0.0000000000000000
0.0000000000000000
0.0000000000000000
0.0000000000000000
0.0000000000000000
0.0000000000000000
0.0000000000000000
0.0000000000000000
0.0000000000000000
0.0335757069629960
0.0358315769953500
0.0803552236374423
0.1180242366636521
0.1448228368924497
0.1570778667654355
0.1509308128396578
0.1202762463627261
0.0499391412396628
0.0000000000000000
0.0000000000000000
0.0000000000000000
0.0000000000000000
0.0000000000000000
0.0000000000000000
0.0000000000000000
0.0000000000000000
0.0000000000000000
0.0000000000000000
0.0000000000000000
0.0000000000000000
0.0000000000000000
0.0000000000000000
0.0000000000000000
0.0334863428882171
0.0359206509930562
0.0804956341706971
0.1182123138305130
0.1450403043643651
0.1572848289105469
0.1510428081312506
0.1200791985533968
0.0488366285645087
0.0000000000000000
0.0000000000000000
0.0000000000000000
0.0000000000000000
0.0000000000000000
0.0000000000000000
