0.0000000000000000
0.0000000000000000
0.0000000000000000
0.0000000000000000
0.0000000000000000
0.0000000000000000
0.0000000000000000
0.0000000000000000
0.0000000000000000
0.0353942416302156
0.0388922295002757
0.0815256639000019
0.1169726264979109
0.1415641457507142
0.1520764949335711
0.1454083321442464
0.1173044765601730
0.0582957931164960
0.0000000000000000
0.0000000000000000
0.0000000000000000
0.0000000000000000
0.0000000000000000
0.0000000000000000
0.0000000000000000
0.0000000000000000
0.0000000000000000
0.0000000000000000
0.0000000000000000
0.0000000000000000
0.0000000000000000
0.0000000000000000
0.0000000000000000
0.0353571999673038
0.0386203828265612
0.0813188118110158
0.1168548612443492
0.1415509809621440
0.1521739290611368
0.1456113730708562
0.1175927463119228
0.0586017326756882
0.0000000000000000
0.0000000000000000
0.0000000000000000
0.0000000000000000
0.0000000000000000
0.0000000000000000
0.0000000000000000
0.0000000000000000
0.0000000000000000
0.0000000000000000
0.0000000000000000
0.0000000000000000
0.0000000000000000
0.0000000000000000
0.0000000000000000
0.0353182663191438
0.0383588352138942
0.0811230403911426
0.1167481784164243
0.1415478134770578
0.1522787119154390
0.1458164929327860
0.1178721115507772
0.0588728283280205
0.0000000000000000
0.0000000000000000
0.0000000000000000
0.0000000000000000
0.0000000000000000
0.0000000000000000
0.0000000000000000
0.0000000000000000
0.0000000000000000
0.0000000000000000
0.0000000000000000
0.0000000000000000
0.0000000000000000
0.0000000000000000
0.0000000000000000
0.0352774505665570
0.0381078238083807
0.0809385131337024
0.1166526506437532
0.1415546156417241
0.1523907146178515
0.1460234692540688
0.1181422679838902
0.0591086227956853
0.0000000000000000
0.0000000000000000
0.0000000000000000
0.0000000000000000
0.0000000000000000
0.0000000000000000
0.0000000000000000
0.0000000000000000
0.0000000000000000
0.0000000000000000
0.0000000000000000
0.0000000000000000
0.0000000000000000
0.0000000000000000
0.0000000000000000
0.0352347617112765
0.0378675736165330
0.0807653797005457
0.1165683358516319
0.1415713449249700
0.1525097935064025
0.1462320635710707
0.1184028866639704
0.0593086049905653
0.0000000000000000
0.0000000000000000
0.0000000000000000
0.0000000000000000
0.0000000000000000
0.0000000000000000
0.0000000000000000
0.0000000000000000
0.0000000000000000
0.0000000000000000
0.0000000000000000
0.0000000000000000
0.0000000000000000
0.0000000000000000
0.0000000000000000
0.0351902079490260
0.0376382992026470
0.0806037775223957
0.1164952785814643
0.1415979448461983
0.1526357905281868
0.1464420210997740
0.1186536125350915
0.0594722062022106
0.0000000000000000
0.0000000000000000
0.0000000000000000
0.0000000000000000
0.0000000000000000
0.0000000000000000
0.0000000000000000
0.0000000000000000
0.0000000000000000
0.0000000000000000
0.0000000000000000
0.0000000000000000
0.0000000000000000
0.0000000000000000
0.0000000000000000
0.0351437967042277
0.0374202055503112
0.0804538326044446
0.1164335107159443
0.1416343455296457
0.1527685335416215
0.1466530706705776
0.1188940637364846
0.0595987978666365
0.0000000000000000
0.0000000000000000
0.0000000000000000
0.0000000000000000
0.0000000000000000
0.0000000000000000
0.0000000000000000
0.0000000000000000
0.0000000000000000
0.0000000000000000
0.0000000000000000
0.0000000000000000
0.0000000000000000
0.0000000000000000
0.0000000000000000
0.0350955346401444
0.0372134881469933
0.0803156596857200
0.1163830516493061
0.1416804638875525
0.1529078364935022
0.1468649248426183
0.1191238314725914
0.0596876907995143
0.0000000000000000
0.0000000000000000
0.0000000000000000
0.0000000000000000
0.0000000000000000
0.0000000000000000
0.0000000000000000
0.0000000000000000
0.0000000000000000
0.0000000000000000
0.0000000000000000
0.0000000000000000
0.0000000000000000
0.0000000000000000
0.0000000000000000
0.0350454276631482
0.0370183325954292
0.0801893618901164
0.1163439080607609
0.1417362035232539
0.1530534994514325
0.1470772800618877
0.1193424802442036
0.0597381354089683
0.0000000000000000
0.0000000000000000
0.0000000000000000
0.0000000000000000
0.0000000000000000
0.0000000000000000
0.0000000000000000
0.0000000000000000
0.0000000000000000
0.0000000000000000
0.0000000000000000
0.0000000000000000
0.0000000000000000
0.0000000000000000
0.0000000000000000
0.0349934809423057
0.0368351580631111
0.0800750302117496
0.1163160734969187
0.1418014544592413
0.1532053085165065
0.1472898167746509
0.1195495481004231
0.0597493223898202
0.0000000000000000
0.0000000000000000
0.0000000000000000
0.0000000000000000
0.0000000000000000
0.0000000000000000
0.0000000000000000
0.0000000000000000
0.0000000000000000
0.0000000000000000
0.0000000000000000
0.0000000000000000
0.0000000000000000
0.0000000000000000
0.0000000000000000
0.0349396989616034
0.0367948722631098
0.0799727431320620
0.1162995280693958
0.1418760929104918
0.1533630356748555
0.1475021993622950
0.1197445466268979
0.0597203831284363
0.0000000000000000
0.0000000000000000
0.0000000000000000
0.0000000000000000
0.0000000000000000
0.0000000000000000
0.0000000000000000
0.0000000000000000
0.0000000000000000
0.0000000000000000
0.0000000000000000
0.0000000000000000
0.0000000000000000
0.0000000000000000
0.0000000000000000
0.0348840856251763
0.0367525589748871
0.0798825667720685
0.1162942385324318
0.1419599812719991
0.1535264386619626
0.1477140758351638
0.1199269602958903
0.0596503891785752
0.0000000000000000
0.0000000000000000
0.0000000000000000
0.0000000000000000
0.0000000000000000
0.0000000000000000
0.0000000000000000
0.0000000000000000
0.0000000000000000
0.0000000000000000
0.0000000000000000
0.0000000000000000
0.0000000000000000
0.0000000000000000
0.0000000000000000
0.0348266444216032
0.0367082099728486
0.0798045557297789
0.1163001589228293
0.1420529684382480
0.1536952608755419
0.1479250772392150
0.1200962451233130
0.0595383505376128
0.0000000000000000
0.0000000000000000
0.0000000000000000
0.0000000000000000
0.0000000000000000
0.0000000000000000
0.0000000000000000
0.0000000000000000
0.0000000000000000
0.0000000000000000
0.0000000000000000
0.0000000000000000
0.0000000000000000
0.0000000000000000
0.0000000000000000
0.0347673786531631
0.0366618168996762
0.0797387545046394
0.1163172316055529
0.1421548903545088
0.1538692313027495
0.1481348168256016
0.1202518267500427
0.0593832132510337
0.0000000000000000
0.0000000000000000
0.0000000000000000
0.0000000000000000
0.0000000000000000
0.0000000000000000
0.0000000000000000
0.0000000000000000
0.0000000000000000
0.0000000000000000
0.0000000000000000
0.0000000000000000
0.0000000000000000
0.0000000000000000
0.0000000000000000
0.0347062917235091
0.0366133714678854
0.0796851991378876
0.1163453884709342
0.1422655705897738
0.1540480643597503
0.1483428890508458
0.1203930983264290
0.0591838571500747
0.0000000000000000
0.0000000000000000
0.0000000000000000
0.0000000000000000
0.0000000000000000
0.0000000000000000
0.0000000000000000
0.0000000000000000
0.0000000000000000
0.0000000000000000
0.0000000000000000
0.0000000000000000
0.0000000000000000
0.0000000000000000
0.0000000000000000
0.0346433874789384
0.0365628657085157
0.0796439187570152
0.1163845519716003
0.1423848207562252
0.1542314596032871
0.1485488685181692
0.1205194184833342
0.0589390945308547
0.0000000000000000
0.0000000000000000
0.0000000000000000
0.0000000000000000
0.0000000000000000
0.0000000000000000
0.0000000000000000
0.0000000000000000
0.0000000000000000
0.0000000000000000
0.0000000000000000
0.0000000000000000
0.0000000000000000
0.0000000000000000
0.0000000000000000
0.0345786705696755
0.0365102922455343
0.0796149368952181
0.1164346360188739
0.1425124408470112
0.1544191014489554
0.1487523090350049
0.1206301095525799
0.0586476695869449
0.0000000000000000
0.0000000000000000
0.0000000000000000
0.0000000000000000
0.0000000000000000
0.0000000000000000
0.0000000000000000
0.0000000000000000
0.0000000000000000
0.0000000000000000
0.0000000000000000
0.0000000000000000
0.0000000000000000
0.0000000000000000
0.0000000000000000
0.0345121467552011
0.0364556445291005
0.0795982727157259
0.1164955468986718
0.1426482197700663
0.1546106592392322
0.1489527431155122
0.1207244561075152
0.0583082581040549
0.0000000000000000
0.0000000000000000
0.0000000000000000
0.0000000000000000
0.0000000000000000
0.0000000000000000
0.0000000000000000
0.0000000000000000
0.0000000000000000
0.0000000000000000
0.0000000000000000
0.0000000000000000
0.0000000000000000
0.0000000000000000
0.0000000000000000
0.0344438230345144
0.0363989169327783
0.0795939420155792
0.1165671842989026
0.1427919362936284
0.1548057879974078
0.1491496823020926
0.1208017041279652
0.0579194670497761
0.0000000000000000
0.0000000000000000
0.0000000000000000
0.0000000000000000
0.0000000000000000
0.0000000000000000
0.0000000000000000
0.0000000000000000
0.0000000000000000
0.0000000000000000
0.0000000000000000
0.0000000000000000
0.0000000000000000
0.0000000000000000
0.0000000000000000
0.0343737074998297
0.0363401046438102
0.0796019575792299
0.1166494420766710
0.1429433602271576
0.1550041298954004
0.1493426185897519
0.1208610612748430
0.0574798351260055
0.0000000000000000
0.0000000000000000
0.0000000000000000
0.0000000000000000
0.0000000000000000
0.0000000000000000
0.0000000000000000
0.0000000000000000
0.0000000000000000
0.0000000000000000
0.0000000000000000
0.0000000000000000
0.0000000000000000
0.0000000000000000
0.0000000000000000
0.0343018089032984
0.0362792033646089
0.0796223279955917
0.1167422080037072
0.1431022531687047
0.1552053159780419
0.1495310268245109
0.1209016989149962
0.0569878365385712
0.0000000000000000
0.0000000000000000
0.0000000000000000
0.0000000000000000
0.0000000000000000
0.0000000000000000
0.0000000000000000
0.0000000000000000
0.0000000000000000
0.0000000000000000
0.0000000000000000
0.0000000000000000
0.0000000000000000
0.0000000000000000
0.0000000000000000
0.0342281360660366
0.0362162089470910
0.0796550543453155
0.1168453617136313
0.1432683680269199
0.1554089673899414
0.1497143675890383
0.1209227560425175
0.0564418904562104
0.0000000000000000
0.0000000000000000
0.0000000000000000
0.0000000000000000
0.0000000000000000
0.0000000000000000
0.0000000000000000
0.0000000000000000
0.0000000000000000
0.0000000000000000
0.0000000000000000
0.0000000000000000
0.0000000000000000
0.0000000000000000
0.0000000000000000
0.0341526973337224
0.0361511171288710
0.0797001248433068
0.1169587707678908
0.1434414469316622
0.1556146955229161
0.1498920898813715
0.1209233447093772
0.0558403770033195
0.0000000000000000
0.0000000000000000
0.0000000000000000
0.0000000000000000
0.0000000000000000
0.0000000000000000
0.0000000000000000
0.0000000000000000
0.0000000000000000
0.0000000000000000
0.0000000000000000
0.0000000000000000
0.0000000000000000
0.0000000000000000
0.0000000000000000
0.0340755002538687
0.0360839234782935
0.0797575085140410
0.1170822855856181
0.1436212179976291
0.1558221011023654
0.1500636331304330
0.1209025558687244
0.0551816582300608
0.0000000000000000
0.0000000000000000
0.0000000000000000
0.0000000000000000
0.0000000000000000
0.0000000000000000
0.0000000000000000
0.0000000000000000
0.0000000000000000
0.0000000000000000
0.0000000000000000
0.0000000000000000
0.0000000000000000
0.0000000000000000
0.0000000000000000
0.0339965515012643
0.0360146235278914
0.0798271494577853
0.1172157346995497
0.1438073920226934
0.1560307728666358
0.1502284285019592
0.1208594644269912
0.0544641003876660
0.0000000000000000
0.0000000000000000
0.0000000000000000
0.0000000000000000
0.0000000000000000
0.0000000000000000
0.0000000000000000
0.0000000000000000
0.0000000000000000
0.0000000000000000
0.0000000000000000
0.0000000000000000
0.0000000000000000
0.0000000000000000
0.0000000000000000
0.0339158569438808
0.0359432129624940
0.0799089630765051
0.1173589216157969
0.1439996603354082
0.1562402867118147
0.1503858997768673
0.1207931325485456
0.0536860940194448
0.0000000000000000
0.0000000000000000
0.0000000000000000
0.0000000000000000
0.0000000000000000
0.0000000000000000
0.0000000000000000
0.0000000000000000
0.0000000000000000
0.0000000000000000
0.0000000000000000
0.0000000000000000
0.0000000000000000
0.0000000000000000
0.0000000000000000
0.0338334216932714
0.0358696877204843
0.0800028347647034
0.1175116239193653
0.1441976943792616
0.1564502058457193
0.1505354641171928
0.1207026108962261
0.0528460699919856
0.0000000000000000
0.0000000000000000
0.0000000000000000
0.0000000000000000
0.0000000000000000
0.0000000000000000
0.0000000000000000
0.0000000000000000
0.0000000000000000
0.0000000000000000
0.0000000000000000
0.0000000000000000
0.0000000000000000
0.0000000000000000
0.0000000000000000
0.0337492500624049
0.0357940439526929
0.0801086207773712
0.1176735943252776
0.1444011468728528
0.1566600818781982
0.1506765327757648
0.1205869380371230
0.0519425125037851
0.0000000000000000
0.0000000000000000
0.0000000000000000
0.0000000000000000
0.0000000000000000
0.0000000000000000
0.0000000000000000
0.0000000000000000
0.0000000000000000
0.0000000000000000
0.0000000000000000
0.0000000000000000
0.0000000000000000
0.0000000000000000
0.0000000000000000
0.0336633454672624
0.0357557136310941
0.0802261503997687
0.1178445628938399
0.1446096538219871
0.1568694563387228
0.1508085116071840
0.1204451385757649
0.0509739716786865
0.0000000000000000
0.0000000000000000
0.0000000000000000
0.0000000000000000
0.0000000000000000
0.0000000000000000
0.0000000000000000
0.0000000000000000
0.0000000000000000
0.0000000000000000
0.0000000000000000
0.0000000000000000
0.0000000000000000
0.0000000000000000
0.0000000000000000
0.0335757103705464
0.0358315831345349
0.0803552287007780
0.1180242396082208
0.1448228366784150
0.1570778620804344
0.1509308011932937
0.1202762205879710
0.0499390787420543
0.0000000000000000
0.0000000000000000
0.0000000000000000
0.0000000000000000
0.0000000000000000
0.0000000000000000
0.0000000000000000
0.0000000000000000
0.0000000000000000
0.0000000000000000
0.0000000000000000
0.0000000000000000
0.0000000000000000
0.0000000000000000
0.0000000000000000
0.0334863463288017
0.0359206572209066
0.0804956393338716
0.1182123168826655
0.1450403042628893
0.1572848243379932
0.1510427965775770
0.1200791727502184
0.0488365657401713
0.0000000000000000
0.0000000000000000
0.0000000000000000
0.0000000000000000
0.0000000000000000
0.0000000000000000
