0.0000000000000000
0.0000000000000000
0.0000000000000000
0.0000000000000000
0.0255083092093542
0.0642141531378553
0.0942843380384029
0.1128720059719848
0.1190141259969219
0.1127275552808862
0.0949454371675093
0.0674891784985925
0.0000000000000000
0.0000000000000000
0.0000000000000000
0.0000000000000000
0.0000000000000000
0.0000000000000000
0.0000000000000000
0.0000000000000000
0.0000000000000000
0.0000000000000000
0.0000000000000000
0.0000000000000000
0.0000000000000000
0.0000000000000000
0.0000000000000000
0.0000000000000000
0.0251411731867877
0.0640186142540724
0.0942443611439985
0.1129671447278769
0.1192278332674819
0.1130414587263822
0.0953372268400274
0.0679323165627548
0.0000000000000000
0.0000000000000000
0.0000000000000000
0.0000000000000000
0.0000000000000000
0.0000000000000000
0.0000000000000000
0.0000000000000000
0.0000000000000000
0.0000000000000000
0.0000000000000000
0.0000000000000000
0.0000000000000000
0.0000000000000000
0.0000000000000000
0.0000000000000000
0.0247688800817660
0.0638299847917518
0.0942172804655271
0.1130777402374845
0.1194577226485790
0.1133711424709183
0.0957436738793212
0.0683885731338399
0.0000000000000000
0.0000000000000000
0.0000000000000000
0.0000000000000000
0.0000000000000000
0.0000000000000000
0.0000000000000000
0.0000000000000000
0.0000000000000000
0.0000000000000000
0.0000000000000000
0.0000000000000000
0.0000000000000000
0.0000000000000000
0.0000000000000000
0.0000000000000000
0.0243910028504698
0.0636480782171582
0.0942029646397686
0.1132036204182379
0.1197035573083987
0.1137163069078742
0.0961644300233296
0.0688575721056889
0.0000000000000000
0.0000000000000000
0.0000000000000000
0.0000000000000000
0.0000000000000000
0.0000000000000000
0.0000000000000000
0.0000000000000000
0.0000000000000000
0.0000000000000000
0.0000000000000000
0.0000000000000000
0.0000000000000000
0.0000000000000000
0.0000000000000000
0.0000000000000000
0.0240070785192808
0.0634726824865535
0.0942012640489447
0.1133445977799896
0.1199650872842508
0.1140766417875955
0.0965991391112540
0.0693389323274761
0.0000000000000000
0.0000000000000000
0.0000000000000000
0.0000000000000000
0.0000000000000000
0.0000000000000000
0.0000000000000000
0.0000000000000000
0.0000000000000000
0.0000000000000000
0.0000000000000000
0.0000000000000000
0.0000000000000000
0.0000000000000000
0.0000000000000000
0.0000000000000000
0.0236166113960538
0.0633035617541898
0.0942120123400469
0.1135004705544214
0.1202420501638831
0.1144518264584178
0.0970474369348523
0.0698322671124410
0.0000000000000000
0.0000000000000000
0.0000000000000000
0.0000000000000000
0.0000000000000000
0.0000000000000000
0.0000000000000000
0.0000000000000000
0.0000000000000000
0.0000000000000000
0.0000000000000000
0.0000000000000000
0.0000000000000000
0.0000000000000000
0.0000000000000000
0.0000000000000000
0.0232190758468019
0.0631404573825591
0.0942350274287349
0.1136710235037464
0.1205341716817022
0.1148415302472166
0.0975089514081121
0.0703371842538521
0.0000000000000000
0.0000000000000000
0.0000000000000000
0.0000000000000000
0.0000000000000000
0.0000000000000000
0.0000000000000000
0.0000000000000000
0.0000000000000000
0.0000000000000000
0.0000000000000000
0.0000000000000000
0.0000000000000000
0.0000000000000000
0.0000000000000000
0.0000000000000000
0.0228139188233661
0.0629830883344282
0.0942701119942368
0.1138560284007110
0.1208411661567694
0.1152454128589292
0.0979833029383632
0.0708532863338662
0.0000000000000000
0.0000000000000000
0.0000000000000000
0.0000000000000000
0.0000000000000000
0.0000000000000000
0.0000000000000000
0.0000000000000000
0.0000000000000000
0.0000000000000000
0.0000000000000000
0.0000000000000000
0.0000000000000000
0.0000000000000000
0.0000000000000000
0.0000000000000000
0.0224005624102910
0.0628311510784479
0.0943170535586775
0.1140552441639689
0.1211627367025102
0.1156631246613103
0.0984701047662859
0.0713801711323521
0.0000000000000000
0.0000000000000000
0.0000000000000000
0.0000000000000000
0.0000000000000000
0.0000000000000000
0.0000000000000000
0.0000000000000000
0.0000000000000000
0.0000000000000000
0.0000000000000000
0.0000000000000000
0.0000000000000000
0.0000000000000000
0.0000000000000000
0.0000000000000000
0.0219784068069389
0.0626843192799945
0.0943756242866365
0.1142684167367956
0.1214985751947593
0.1160943067539216
0.0989689631398369
0.0719174318578736
0.0000000000000000
0.0000000000000000
0.0000000000000000
0.0000000000000000
0.0000000000000000
0.0000000000000000
0.0000000000000000
0.0000000000000000
0.0000000000000000
0.0000000000000000
0.0000000000000000
0.0000000000000000
0.0000000000000000
0.0000000000000000
0.0000000000000000
0.0000000000000000
0.0215468341119444
0.0625422435663359
0.0944455807742165
0.1144952788456099
0.1218483620478381
0.1165385907818621
0.0994794771565629
0.0724646570326683
0.0000000000000000
0.0000000000000000
0.0000000000000000
0.0000000000000000
0.0000000000000000
0.0000000000000000
0.0000000000000000
0.0000000000000000
0.0000000000000000
0.0000000000000000
0.0000000000000000
0.0000000000000000
0.0000000000000000
0.0000000000000000
0.0000000000000000
0.0000000000000000
0.0211052134273881
0.0624045517375551
0.0945266640664174
0.1147355498304269
0.1222117658841962
0.1169955984688157
0.1000012381913461
0.0730214298192789
0.0000000000000000
0.0000000000000000
0.0000000000000000
0.0000000000000000
0.0000000000000000
0.0000000000000000
0.0000000000000000
0.0000000000000000
0.0000000000000000
0.0000000000000000
0.0000000000000000
0.0000000000000000
0.0000000000000000
0.0000000000000000
0.0000000000000000
0.0000000000000000
0.0206529075749105
0.0622708496589023
0.0946186001358042
0.1149889356708773
0.1225884431643536
0.1174649408944649
0.1005338288561175
0.0735873267364345
0.0000000000000000
0.0000000000000000
0.0000000000000000
0.0000000000000000
0.0000000000000000
0.0000000000000000
0.0000000000000000
0.0000000000000000
0.0000000000000000
0.0000000000000000
0.0000000000000000
0.0000000000000000
0.0000000000000000
0.0000000000000000
0.0000000000000000
0.0000000000000000
0.0201892816243940
0.0621407228606164
0.0947211007595450
0.1152551291813816
0.1229780377474319
0.1179462174821735
0.1010768215046415
0.0741619157743400
0.0000000000000000
0.0000000000000000
0.0000000000000000
0.0000000000000000
0.0000000000000000
0.0000000000000000
0.0000000000000000
0.0000000000000000
0.0000000000000000
0.0000000000000000
0.0000000000000000
0.0000000000000000
0.0000000000000000
0.0000000000000000
0.0000000000000000
0.0000000000000000
0.0197137131830967
0.0620137385892846
0.0948338645860558
0.1155338101620177
0.1233801802435751
0.1184390146486737
0.1016297762818025
0.0747447540028999
0.0000000000000000
0.0000000000000000
0.0000000000000000
0.0000000000000000
0.0000000000000000
0.0000000000000000
0.0000000000000000
0.0000000000000000
0.0000000000000000
0.0000000000000000
0.0000000000000000
0.0000000000000000
0.0000000000000000
0.0000000000000000
0.0000000000000000
0.0000000000000000
0.0192256044119132
0.0618894480888440
0.0949565781126461
0.1158246453290381
0.1237944870512561
0.1189429040891365
0.1021922388097523
0.0753353848035334
0.0000000000000000
0.0000000000000000
0.0000000000000000
0.0000000000000000
0.0000000000000000
0.0000000000000000
0.0000000000000000
0.0000000000000000
0.0000000000000000
0.0000000000000000
0.0000000000000000
0.0000000000000000
0.0000000000000000
0.0000000000000000
0.0000000000000000
0.0000000000000000
0.0187243956610378
0.0617673889359220
0.0950889165680718
0.1161272880912639
0.1242205592685662
0.1194574409819754
0.1027637378329710
0.0759333351391036
0.0000000000000000
0.0000000000000000
0.0000000000000000
0.0000000000000000
0.0000000000000000
0.0000000000000000
0.0000000000000000
0.0000000000000000
0.0000000000000000
0.0000000000000000
0.0000000000000000
0.0000000000000000
0.0000000000000000
0.0000000000000000
0.0000000000000000
0.0000000000000000
0.0182095803925221
0.0616470874578838
0.0952305449553866
0.1164413786658874
0.1246579820973981
0.1199821628352518
0.1033437836351410
0.0765381136489504
0.0000000000000000
0.0000000000000000
0.0000000000000000
0.0000000000000000
0.0000000000000000
0.0000000000000000
0.0000000000000000
0.0000000000000000
0.0000000000000000
0.0000000000000000
0.0000000000000000
0.0000000000000000
0.0000000000000000
0.0000000000000000
0.0000000000000000
0.0000000000000000
0.0176807205014919
0.0615280609927878
0.0953811195400847
0.1167665450997852
0.1251063255572531
0.1205165899570101
0.1039318683019052
0.0771492107541762
0.0000000000000000
0.0000000000000000
0.0000000000000000
0.0000000000000000
0.0000000000000000
0.0000000000000000
0.0000000000000000
0.0000000000000000
0.0000000000000000
0.0000000000000000
0.0000000000000000
0.0000000000000000
0.0000000000000000
0.0000000000000000
0.0000000000000000
0.0000000000000000
0.0171374609076897
0.0614098193510260
0.0955402896032542
0.1171024053778742
0.1255651469194241
0.1210602281544032
0.1045274686003761
0.0777661015880455
0.0000000000000000
0.0000000000000000
0.0000000000000000
0.0000000000000000
0.0000000000000000
0.0000000000000000
0.0000000000000000
0.0000000000000000
0.0000000000000000
0.0000000000000000
0.0000000000000000
0.0000000000000000
0.0000000000000000
0.0000000000000000
0.0000000000000000
0.0000000000000000
0.0165795425602490
0.0612918646111523
0.0957076987256939
0.1174485699607019
0.1260339943419242
0.1216125732781067
0.1051300511975412
0.0783882516471110
0.0000000000000000
0.0000000000000000
0.0000000000000000
0.0000000000000000
0.0000000000000000
0.0000000000000000
0.0000000000000000
0.0000000000000000
0.0000000000000000
0.0000000000000000
0.0000000000000000
0.0000000000000000
0.0000000000000000
0.0000000000000000
0.0000000000000000
0.0000000000000000
0.0160068143219937
0.0611736885648930
0.0958829845254790
0.1178046434865414
0.1265124102999878
0.1221731161380731
0.1057390787753898
0.0790151237138159
0.0000000000000000
0.0000000000000000
0.0000000000000000
0.0000000000000000
0.0000000000000000
0.0000000000000000
0.0000000000000000
0.0000000000000000
0.0000000000000000
0.0000000000000000
0.0000000000000000
0.0000000000000000
0.0000000000000000
0.0000000000000000
0.0000000000000000
0.0000000000000000
0.0154192454184735
0.0610547680840682
0.0960657762790956
0.1181702244949615
0.1269999332998472
0.1227413460246525
0.1063540150603658
0.0796461840360858
0.0000000000000000
0.0000000000000000
0.0000000000000000
0.0000000000000000
0.0000000000000000
0.0000000000000000
0.0000000000000000
0.0000000000000000
0.0000000000000000
0.0000000000000000
0.0000000000000000
0.0000000000000000
0.0000000000000000
0.0000000000000000
0.0000000000000000
0.0000000000000000
0.0148169408042429
0.0609345594840338
0.0962556907800712
0.1185449030105465
0.1274960972608986
0.1233167518322052
0.1069743275170314
0.0802809062528720
0.0000000000000000
0.0000000000000000
0.0000000000000000
0.0000000000000000
0.0000000000000000
0.0000000000000000
0.0000000000000000
0.0000000000000000
0.0000000000000000
0.0000000000000000
0.0000000000000000
0.0000000000000000
0.0000000000000000
0.0000000000000000
0.0000000000000000
0.0000000000000000
0.0142001609823236
0.0608124934664131
0.0964523277368208
0.1189282570190776
0.1280004293206704
0.1238988212503439
0.1075994878260940
0.0809187729749642
0.0000000000000000
0.0000000000000000
0.0000000000000000
0.0000000000000000
0.0000000000000000
0.0000000000000000
0.0000000000000000
0.0000000000000000
0.0000000000000000
0.0000000000000000
0.0000000000000000
0.0000000000000000
0.0000000000000000
0.0000000000000000
0.0000000000000000
0.0000000000000000
0.0135693463614026
0.0606879717713042
0.0966552662944815
0.1193198495220375
0.1285124476958850
0.1244870395193781
0.1082289715094710
0.0815592761322624
0.0000000000000000
0.0000000000000000
0.0000000000000000
0.0000000000000000
0.0000000000000000
0.0000000000000000
0.0000000000000000
0.0000000000000000
0.0000000000000000
0.0000000000000000
0.0000000000000000
0.0000000000000000
0.0000000000000000
0.0000000000000000
0.0000000000000000
0.0000000000000000
0.0129251449823859
0.0605603658826149
0.0968640636180144
0.1197192274442455
0.1290316610262728
0.1250808892188175
0.1088622581037906
0.0822019174591143
0.0000000000000000
0.0000000000000000
0.0000000000000000
0.0000000000000000
0.0000000000000000
0.0000000000000000
0.0000000000000000
0.0000000000000000
0.0000000000000000
0.0000000000000000
0.0000000000000000
0.0000000000000000
0.0000000000000000
0.0000000000000000
0.0000000000000000
0.0000000000000000
0.0122684423037878
0.0604290173591949
0.0970782555748440
0.1201259226080191
0.1295575695465404
0.1256798515295134
0.1094988324143229
0.0828462096360395
0.0000000000000000
0.0000000000000000
0.0000000000000000
0.0000000000000000
0.0000000000000000
0.0000000000000000
0.0000000000000000
0.0000000000000000
0.0000000000000000
0.0000000000000000
0.0000000000000000
0.0000000000000000
0.0000000000000000
0.0000000000000000
0.0000000000000000
0.0000000000000000
0.0116003922992647
0.0602932391653717
0.0972973587178532
0.1205394540008164
0.1300896673477845
0.1262834083073821
0.1101381862725787
0.0834916776787723
0.0000000000000000
0.0000000000000000
0.0000000000000000
0.0000000000000000
0.0000000000000000
0.0000000000000000
0.0000000000000000
0.0000000000000000
0.0000000000000000
0.0000000000000000
0.0000000000000000
0.0000000000000000
0.0000000000000000
0.0000000000000000
0.0000000000000000
0.0000000000000000
0.0109224497503810
0.0601523175033418
0.0975208727057226
0.1209593302557994
0.1306274446215303
0.1268910439022004
0.1107798198402943
0.0841378596848036
0.0000000000000000
0.0000000000000000
0.0000000000000000
0.0000000000000000
0.0000000000000000
0.0000000000000000
0.0000000000000000
0.0000000000000000
0.0000000000000000
0.0000000000000000
0.0000000000000000
0.0000000000000000
0.0000000000000000
0.0000000000000000
0.0000000000000000
0.0000000000000000
0.0102364032469920
0.0600055140045087
0.0977482825853093
0.1213850516934918
0.1311703892140233
0.1275022461132493
0.1114232419199827
0.0847843065566322
0.0000000000000000
0.0000000000000000
0.0000000000000000
0.0000000000000000
0.0000000000000000
0.0000000000000000
0.0000000000000000
0.0000000000000000
0.0000000000000000
0.0000000000000000
0.0000000000000000
0.0000000000000000
