0.0000000000000000
0.0000000000000000
0.0000000000000000
0.0000000000000000
0.0878716711649179
0.0719245118376370
0.0776403540268468
0.0000000000000000
0.0000000000000000
0.0000000000000000
0.0000000000000000
0.0000000000000000
0.0352070824627931
0.0317081830810695
0.0267566963463954
0.0206231278562118
0.0135619950454637
0.0056146062199028
0.0000000000000000
0.0000000000000000
0.0000000000000000
0.0000000000000000
0.0000000000000000
0.0000000000000000
0.0000000000000000
0.0000000000000000
0.0000000000000000
0.0000000000000000
0.0866900028998651
0.0717289963956746
0.0776099129740319
0.0000000000000000
0.0000000000000000
0.0000000000000000
0.0000000000000000
0.0000000000000000
0.0352109012210760
0.0317217850831802
0.0267770361345702
0.0206468457331618
0.0135858322889942
0.0056355396031828
0.0000000000000000
0.0000000000000000
0.0000000000000000
0.0000000000000000
0.0000000000000000
0.0000000000000000
0.0000000000000000
0.0000000000000000
0.0000000000000000
0.0000000000000000
0.0854584393526050
0.0715233770060425
0.0775734108147264
0.0000000000000000
0.0000000000000000
0.0000000000000000
0.0000000000000000
0.0000000000000000
0.0352123493571322
0.0317327283518928
0.0267943821007267
0.0206671827349963
0.0136057867958044
0.0056517710209062
0.0000000000000000
0.0000000000000000
0.0000000000000000
0.0000000000000000
0.0000000000000000
0.0000000000000000
0.0000000000000000
0.0000000000000000
0.0000000000000000
0.0000000000000000
0.0841765221072404
0.0713075473447446
0.0775307582794628
0.0000000000000000
0.0000000000000000
0.0000000000000000
0.0000000000000000
0.0000000000000000
0.0352114018107854
0.0317409805250324
0.0268086976864936
0.0206841014992052
0.0136218239317523
0.0056632695729252
0.0000000000000000
0.0000000000000000
0.0000000000000000
0.0000000000000000
0.0000000000000000
0.0000000000000000
0.0000000000000000
0.0000000000000000
0.0000000000000000
0.0000000000000000
0.0828437984113168
0.0710813962699224
0.0774818650686479
0.0000000000000000
0.0000000000000000
0.0000000000000000
0.0000000000000000
0.0000000000000000
0.0352080335163881
0.0317465096579789
0.0268199471903313
0.0206975659176631
0.0136339105320980
0.0056700060677018
0.0000000000000000
0.0000000000000000
0.0000000000000000
0.0000000000000000
0.0000000000000000
0.0000000000000000
0.0000000000000000
0.0000000000000000
0.0000000000000000
0.0000000000000000
0.0814598312248699
0.0708448084007968
0.0774266398464085
0.0000000000000000
0.0000000000000000
0.0000000000000000
0.0000000000000000
0.0000000000000000
0.0352022193028009
0.0317492840682950
0.0268280955601617
0.0207075408885677
0.0136420146079648
0.0056719526542320
0.0000000000000000
0.0000000000000000
0.0000000000000000
0.0000000000000000
0.0000000000000000
0.0000000000000000
0.0000000000000000
0.0000000000000000
0.0000000000000000
0.0000000000000000
0.0800242087951073
0.0705976644884269
0.0773649902882514
0.0000000000000000
0.0000000000000000
0.0000000000000000
0.0000000000000000
0.0000000000000000
0.0351939338521313
0.0317492722685018
0.0268331083045419
0.0207139922015040
0.0136461052069895
0.0056690826309838
0.0000000000000000
0.0000000000000000
0.0000000000000000
0.0000000000000000
0.0000000000000000
0.0000000000000000
0.0000000000000000
0.0000000000000000
0.0000000000000000
0.0000000000000000
0.0785365541756915
0.0703398416244110
0.0772968231798743
0.0000000000000000
0.0000000000000000
0.0000000000000000
0.0000000000000000
0.0000000000000000
0.0351831517143029
0.0317464429801991
0.0268349515013320
0.0207168865434505
0.0136461524047174
0.0056613704235544
0.0000000000000000
0.0000000000000000
0.0000000000000000
0.0000000000000000
0.0000000000000000
0.0000000000000000
0.0000000000000000
0.0000000000000000
0.0000000000000000
0.0000000000000000
0.0769965353495431
0.0700712133703990
0.0772220445692040
0.0000000000000000
0.0000000000000000
0.0000000000000000
0.0000000000000000
0.0000000000000000
0.0351698473654443
0.0317407652052800
0.0268335918818229
0.0207161915859564
0.0136421273965271
0.0056487916809474
0.0000000000000000
0.0000000000000000
0.0000000000000000
0.0000000000000000
0.0000000000000000
0.0000000000000000
0.0000000000000000
0.0000000000000000
0.0000000000000000
0.0000000000000000
0.0754038769204738
0.0697916499335113
0.0771405599706727
0.0000000000000000
0.0000000000000000
0.0000000000000000
0.0000000000000000
0.0000000000000000
0.0351539952934281
0.0317322083310941
0.0268289969480710
0.0207118761154764
0.0136340026266712
0.0056313234351806
0.0000000000000000
0.0000000000000000
0.0000000000000000
0.0000000000000000
0.0000000000000000
0.0000000000000000
0.0000000000000000
0.0000000000000000
0.0000000000000000
0.0000000000000000
0.0737583741692404
0.0695010184988519
0.0000000000000000
0.0000000000000000
0.0000000000000000
0.0000000000000000
0.0000000000000000
0.0000000000000000
0.0351355700846010
0.0317207422241716
0.0268211350743788
0.0207039101345471
0.0136217518943442
0.0056089442379753
0.0000000000000000
0.0000000000000000
0.0000000000000000
0.0000000000000000
0.0000000000000000
0.0000000000000000
0.0000000000000000
0.0000000000000000
0.0000000000000000
0.0000000000000000
0.0720599106207941
0.0691991838577545
0.0000000000000000
0.0000000000000000
0.0000000000000000
0.0000000000000000
0.0000000000000000
0.0000000000000000
0.0351145464891038
0.0317063372807924
0.0268099755410470
0.0206922648853289
0.0136053503585954
0.0055816342028610
0.0000000000000000
0.0000000000000000
0.0000000000000000
0.0000000000000000
0.0000000000000000
0.0000000000000000
0.0000000000000000
0.0000000000000000
0.0000000000000000
0.0000000000000000
0.0703084797752899
0.0688860094287308
0.0000000000000000
0.0000000000000000
0.0000000000000000
0.0000000000000000
0.0000000000000000
0.0000000000000000
0.0350908994508977
0.0316889644135793
0.0267954884851262
0.0206769127656815
0.0135847744292468
0.0055493749241266
0.0000000000000000
0.0000000000000000
0.0000000000000000
0.0000000000000000
0.0000000000000000
0.0000000000000000
0.0000000000000000
0.0000000000000000
0.0000000000000000
0.0000000000000000
0.0685042115565715
0.0685613587301299
0.0000000000000000
0.0000000000000000
0.0000000000000000
0.0000000000000000
0.0000000000000000
0.0000000000000000
0.0350646041211816
0.0316685949987159
0.0267776447897086
0.0206578271779326
0.0135600015772108
0.0055121493335862
0.0000000000000000
0.0000000000000000
0.0000000000000000
0.0000000000000000
0.0000000000000000
0.0000000000000000
0.0000000000000000
0.0000000000000000
0.0000000000000000
0.0000000000000000
0.0666474035213874
0.0682250973006477
0.0000000000000000
0.0000000000000000
0.0000000000000000
0.0000000000000000
0.0000000000000000
0.0000000000000000
0.0350356358863155
0.0316452008304301
0.0267564159812071
0.0206349823797995
0.0135310101546486
0.0054699415864344
0.0000000000000000
0.0000000000000000
0.0000000000000000
0.0000000000000000
0.0000000000000000
0.0000000000000000
0.0000000000000000
0.0000000000000000
0.0000000000000000
0.0000000000000000
0.0647385568122311
0.0678770950675738
0.0000000000000000
0.0000000000000000
0.0000000000000000
0.0000000000000000
0.0000000000000000
0.0000000000000000
0.0350039704428725
0.0316187541239713
0.0267317741745258
0.0206083533952857
0.0134977792812177
0.0054227370573553
0.0000000000000000
0.0000000000000000
0.0000000000000000
0.0000000000000000
0.0000000000000000
0.0000000000000000
0.0000000000000000
0.0000000000000000
0.0000000000000000
0.0000000000000000
0.0627784161570951
0.0675172290075963
0.0000000000000000
0.0000000000000000
0.0000000000000000
0.0000000000000000
0.0000000000000000
0.0000000000000000
0.0349695839081188
0.0315892275602535
0.0267036920686219
0.0205779159727845
0.0134602887818496
0.0053705224037583
0.0000000000000000
0.0000000000000000
0.0000000000000000
0.0000000000000000
0.0000000000000000
0.0000000000000000
0.0000000000000000
0.0000000000000000
0.0000000000000000
0.0000000000000000
0.0607680119267587
0.0671453857377504
0.0000000000000000
0.0000000000000000
0.0000000000000000
0.0000000000000000
0.0000000000000000
0.0000000000000000
0.0349324529162921
0.0315565943223151
0.0266721429321339
0.0205436465331882
0.0134185190930538
0.0053132856040774
0.0000000000000000
0.0000000000000000
0.0000000000000000
0.0000000000000000
0.0000000000000000
0.0000000000000000
0.0000000000000000
0.0000000000000000
0.0000000000000000
0.0000000000000000
0.0587087004246636
0.0667614633313584
0.0000000000000000
0.0000000000000000
0.0000000000000000
0.0000000000000000
0.0000000000000000
0.0000000000000000
0.0348925546402784
0.0315208280769041
0.0266371005426778
0.0205055220591288
0.0133724510948693
0.0052510158967409
0.0000000000000000
0.0000000000000000
0.0000000000000000
0.0000000000000000
0.0000000000000000
0.0000000000000000
0.0000000000000000
0.0000000000000000
0.0000000000000000
0.0000000000000000
0.0566021984013192
0.0663653715949878
0.0000000000000000
0.0000000000000000
0.0000000000000000
0.0000000000000000
0.0000000000000000
0.0000000000000000
0.0348498667315040
0.0314819029189707
0.0265985391190106
0.0204635199960161
0.0133220659360659
0.0051837037246631
0.0000000000000000
0.0000000000000000
0.0000000000000000
0.0000000000000000
0.0000000000000000
0.0000000000000000
0.0000000000000000
0.0000000000000000
0.0000000000000000
0.0000000000000000
0.0544506097384618
0.0659570304705215
0.0000000000000000
0.0000000000000000
0.0000000000000000
0.0000000000000000
0.0000000000000000
0.0000000000000000
0.0348043672526637
0.0314397933874916
0.0265564333865191
0.0204176183249128
0.0132673450717056
0.0051113409508415
0.0000000000000000
0.0000000000000000
0.0000000000000000
0.0000000000000000
0.0000000000000000
0.0000000000000000
0.0000000000000000
0.0000000000000000
0.0000000000000000
0.0000000000000000
0.0522564469653561
0.0655363669591895
0.0000000000000000
0.0000000000000000
0.0000000000000000
0.0000000000000000
0.0000000000000000
0.0000000000000000
0.0347560347358198
0.0313944746928439
0.0265107589346512
0.0203677960028269
0.0132082707250515
0.0050339216459050
0.0000000000000000
0.0000000000000000
0.0000000000000000
0.0000000000000000
0.0000000000000000
0.0000000000000000
0.0000000000000000
0.0000000000000000
0.0000000000000000
0.0000000000000000
0.0500226537142870
0.0651033117035980
0.0000000000000000
0.0000000000000000
0.0000000000000000
0.0000000000000000
0.0000000000000000
0.0000000000000000
0.0347048484630519
0.0313459232360151
0.0264614929299122
0.0203140338222180
0.0131448268549180
0.0049514435521496
0.0000000000000000
0.0000000000000000
0.0000000000000000
0.0000000000000000
0.0000000000000000
0.0000000000000000
0.0000000000000000
0.0000000000000000
0.0000000000000000
0.0000000000000000
0.0477526348388804
0.0646577963669010
0.0000000000000000
0.0000000000000000
0.0000000000000000
0.0000000000000000
0.0000000000000000
0.0000000000000000
0.0346507889608463
0.0312941173486145
0.0264086150728668
0.0202563155451421
0.0130770004392987
0.0048639100271090
0.0000000000000000
0.0000000000000000
0.0000000000000000
0.0000000000000000
0.0000000000000000
0.0000000000000000
0.0000000000000000
0.0000000000000000
0.0000000000000000
0.0000000000000000
0.0454502969605700
0.0641997523594513
0.0000000000000000
0.0000000000000000
0.0000000000000000
0.0000000000000000
0.0000000000000000
0.0000000000000000
0.0345938385647751
0.0312390380611385
0.0263521085417280
0.0201946289993288
0.0130047827121863
0.0047713320141395
0.0000000000000000
0.0000000000000000
0.0000000000000000
0.0000000000000000
0.0000000000000000
0.0000000000000000
0.0000000000000000
0.0000000000000000
0.0000000000000000
0.0000000000000000
0.0431200972123904
0.0637291105353794
0.0000000000000000
0.0000000000000000
0.0000000000000000
0.0000000000000000
0.0000000000000000
0.0000000000000000
0.0345339818646645
0.0311806696620189
0.0262919606535629
0.0201289668197642
0.0129281699809552
0.0046737296113453
0.0000000000000000
0.0000000000000000
0.0000000000000000
0.0000000000000000
0.0000000000000000
0.0000000000000000
0.0000000000000000
0.0000000000000000
0.0000000000000000
0.0000000000000000
0.0407670949390577
0.0632458010414203
0.0000000000000000
0.0000000000000000
0.0000000000000000
0.0000000000000000
0.0000000000000000
0.0000000000000000
0.0344712058916074
0.0311189999147369
0.0262281630942320
0.0200593266828046
0.0128471638480260
0.0045711330226021
0.0000000000000000
0.0000000000000000
0.0000000000000000
0.0000000000000000
0.0000000000000000
0.0000000000000000
0.0000000000000000
0.0000000000000000
0.0000000000000000
0.0000000000000000
0.0383970021631371
0.0627497527274500
0.0000000000000000
0.0000000000000000
0.0000000000000000
0.0000000000000000
0.0000000000000000
0.0000000000000000
0.0344055000416777
0.0310540199432817
0.0261607117575820
0.0199857110817995
0.0127617709075623
0.0044635830188234
0.0000000000000000
0.0000000000000000
0.0000000000000000
0.0000000000000000
0.0000000000000000
0.0000000000000000
0.0000000000000000
0.0000000000000000
0.0000000000000000
0.0000000000000000
0.0360162314873849
0.0622408922117182
0.0000000000000000
0.0000000000000000
0.0000000000000000
0.0000000000000000
0.0000000000000000
0.0000000000000000
0.0343368558387958
0.0309857239217318
0.0260896063501809
0.0199081268446701
0.0126720021517047
0.0043511312140994
0.0000000000000000
0.0000000000000000
0.0000000000000000
0.0000000000000000
0.0000000000000000
0.0000000000000000
0.0000000000000000
0.0000000000000000
0.0000000000000000
0.0000000000000000
0.0336319421209370
0.0617191431340603
0.0000000000000000
0.0000000000000000
0.0000000000000000
0.0000000000000000
0.0000000000000000
0.0000000000000000
0.0342652666694178
0.0309141087175831
0.0260148499444823
0.0198265845903002
0.0125778723202457
0.0042338404754241
0.0000000000000000
0.0000000000000000
0.0000000000000000
0.0000000000000000
0.0000000000000000
0.0000000000000000
0.0000000000000000
0.0000000000000000
0.0000000000000000
0.0000000000000000
0.0312520830488042
0.0611844261041228
0.0000000000000000
0.0000000000000000
0.0000000000000000
0.0000000000000000
0.0000000000000000
0.0000000000000000
0.0341907275682782
0.0308391735809057
0.0259364485722738
0.0197410982378664
0.0124793993156116
0.0041117856393183
0.0000000000000000
0.0000000000000000
0.0000000000000000
0.0000000000000000
0.0000000000000000
0.0000000000000000
