0.0000000000000000
0.0000000000000000
0.0000000000000000
0.0000000000000000
0.0878713947900796
0.0719244724098770
0.0000000000000000
0.0000000000000000
0.0000000000000000
0.0000000000000000
0.0000000000000000
0.0370450985306681
0.0352070915742140
0.0317081953680901
0.0267567108758024
0.0206231436509881
0.0135620113337929
0.0056146227317420
0.0000000000000000
0.0000000000000000
0.0000000000000000
0.0000000000000000
0.0000000000000000
0.0000000000000000
0.0000000000000000
0.0000000000000000
0.0000000000000000
0.0000000000000000
0.0866897230361862
0.0717289562847900
0.0000000000000000
0.0000000000000000
0.0000000000000000
0.0000000000000000
0.0000000000000000
0.0370366793048804
0.0352109103227376
0.0317217973696306
0.0267770506732260
0.0206468615469311
0.0135858486054152
0.0056355561567426
0.0000000000000000
0.0000000000000000
0.0000000000000000
0.0000000000000000
0.0000000000000000
0.0000000000000000
0.0000000000000000
0.0000000000000000
0.0000000000000000
0.0000000000000000
0.0854581558933247
0.0715233361937818
0.0000000000000000
0.0000000000000000
0.0000000000000000
0.0000000000000000
0.0000000000000000
0.0370261210482000
0.0352123584507881
0.0317327406395970
0.0267943966505072
0.0206671985697326
0.0136058031426624
0.0056517876189213
0.0000000000000000
0.0000000000000000
0.0000000000000000
0.0000000000000000
0.0000000000000000
0.0000000000000000
0.0000000000000000
0.0000000000000000
0.0000000000000000
0.0000000000000000
0.0841762349493047
0.0713075058127343
0.0000000000000000
0.0000000000000000
0.0000000000000000
0.0000000000000000
0.0000000000000000
0.0370134086339048
0.0352114108981978
0.0317409928158145
0.0268087122492657
0.0206841173568651
0.0136218403113677
0.0056632862181234
0.0000000000000000
0.0000000000000000
0.0000000000000000
0.0000000000000000
0.0000000000000000
0.0000000000000000
0.0000000000000000
0.0000000000000000
0.0000000000000000
0.0000000000000000
0.0828435074561361
0.0710813539996530
0.0000000000000000
0.0000000000000000
0.0000000000000000
0.0000000000000000
0.0000000000000000
0.0369985265566661
0.0352080425993271
0.0317465219536618
0.0268199617679516
0.0206975818001845
0.0136339269467663
0.0056700227627983
0.0000000000000000
0.0000000000000000
0.0000000000000000
0.0000000000000000
0.0000000000000000
0.0000000000000000
0.0000000000000000
0.0000000000000000
0.0000000000000000
0.0000000000000000
0.0814595363792074
0.0708447653736130
0.0000000000000000
0.0000000000000000
0.0000000000000000
0.0000000000000000
0.0000000000000000
0.0369814588902714
0.0352022283830428
0.0317492963706991
0.0268281101544755
0.0207075567978690
0.0136420310599568
0.0056719694019233
0.0000000000000000
0.0000000000000000
0.0000000000000000
0.0000000000000000
0.0000000000000000
0.0000000000000000
0.0000000000000000
0.0000000000000000
0.0000000000000000
0.0000000000000000
0.0800239099721114
0.0705976206855172
0.0000000000000000
0.0000000000000000
0.0000000000000000
0.0000000000000000
0.0000000000000000
0.0369621892735491
0.0351939429314576
0.0317492845794436
0.0268331229173822
0.0207140081394836
0.0136461216985511
0.0056690994339422
0.0000000000000000
0.0000000000000000
0.0000000000000000
0.0000000000000000
0.0000000000000000
0.0000000000000000
0.0000000000000000
0.0000000000000000
0.0000000000000000
0.0000000000000000
0.0785362512960852
0.0703397970267994
0.0000000000000000
0.0000000000000000
0.0000000000000000
0.0000000000000000
0.0000000000000000
0.0369407009241339
0.0351831607944987
0.0317464553014904
0.0268349661345179
0.0207169025119855
0.0136461689380703
0.0056613872844224
0.0000000000000000
0.0000000000000000
0.0000000000000000
0.0000000000000000
0.0000000000000000
0.0000000000000000
0.0000000000000000
0.0000000000000000
0.0000000000000000
0.0000000000000000
0.0769962283429838
0.0700711679589369
0.0000000000000000
0.0000000000000000
0.0000000000000000
0.0000000000000000
0.0000000000000000
0.0369169766806024
0.0351698564482976
0.0317407775387262
0.0268336065371591
0.0207162075869025
0.0136421439738690
0.0056488086023313
0.0000000000000000
0.0000000000000000
0.0000000000000000
0.0000000000000000
0.0000000000000000
0.0000000000000000
0.0000000000000000
0.0000000000000000
0.0000000000000000
0.0000000000000000
0.0754035657271116
0.0697916036888677
0.0000000000000000
0.0000000000000000
0.0000000000000000
0.0000000000000000
0.0000000000000000
0.0368909990664091
0.0351540043807284
0.0317322206784935
0.0268290116273465
0.0207118921506666
0.0136340192501759
0.0056313404196442
0.0000000000000000
0.0000000000000000
0.0000000000000000
0.0000000000000000
0.0000000000000000
0.0000000000000000
0.0000000000000000
0.0000000000000000
0.0000000000000000
0.0000000000000000
0.0737580587414975
0.0695009714015072
0.0000000000000000
0.0000000000000000
0.0000000000000000
0.0000000000000000
0.0000000000000000
0.0368627503673313
0.0351355791781381
0.0317207545873137
0.0268211497793654
0.0207039262057913
0.0136217685661623
0.0056089612880328
0.0000000000000000
0.0000000000000000
0.0000000000000000
0.0000000000000000
0.0000000000000000
0.0000000000000000
0.0000000000000000
0.0000000000000000
0.0000000000000000
0.0000000000000000
0.0720595909253979
0.0691991358879929
0.0000000000000000
0.0000000000000000
0.0000000000000000
0.0000000000000000
0.0000000000000000
0.0368322127106930
0.0351145555906660
0.0317063496614569
0.0268099902734986
0.0206922809944127
0.0136053670808541
0.0055816513209687
0.0000000000000000
0.0000000000000000
0.0000000000000000
0.0000000000000000
0.0000000000000000
0.0000000000000000
0.0000000000000000
0.0000000000000000
0.0000000000000000
0.0000000000000000
0.0703081557955972
0.0688859605666384
0.0000000000000000
0.0000000000000000
0.0000000000000000
0.0000000000000000
0.0000000000000000
0.0367993681426003
0.0350909085622713
0.0316889768135347
0.0267955032467776
0.0206769289143658
0.0135847912040505
0.0055493921126740
0.0000000000000000
0.0000000000000000
0.0000000000000000
0.0000000000000000
0.0000000000000000
0.0000000000000000
0.0000000000000000
0.0000000000000000
0.0000000000000000
0.0000000000000000
0.0685038832952048
0.0685613089555968
0.0000000000000000
0.0000000000000000
0.0000000000000000
0.0000000000000000
0.0000000000000000
0.0367641987120621
0.0350646132441493
0.0316686074197184
0.0267776595822742
0.0206578433679525
0.0135600184066413
0.0055121665948853
0.0000000000000000
0.0000000000000000
0.0000000000000000
0.0000000000000000
0.0000000000000000
0.0000000000000000
0.0000000000000000
0.0000000000000000
0.0000000000000000
0.0000000000000000
0.0666470710032418
0.0682250465933753
0.0000000000000000
0.0000000000000000
0.0000000000000000
0.0000000000000000
0.0000000000000000
0.0367266865840061
0.0350356450226555
0.0316452132742222
0.0267564308063797
0.0206349986128635
0.0135310270407648
0.0054699589227078
0.0000000000000000
0.0000000000000000
0.0000000000000000
0.0000000000000000
0.0000000000000000
0.0000000000000000
0.0000000000000000
0.0000000000000000
0.0000000000000000
0.0000000000000000
0.0647382200878632
0.0678770434070920
0.0000000000000000
0.0000000000000000
0.0000000000000000
0.0000000000000000
0.0000000000000000
0.0366868141973405
0.0350039795943575
0.0316187665922812
0.0267317890339757
0.0206083696730747
0.0134977962260561
0.0054227544707223
0.0000000000000000
0.0000000000000000
0.0000000000000000
0.0000000000000000
0.0000000000000000
0.0000000000000000
0.0000000000000000
0.0000000000000000
0.0000000000000000
0.0000000000000000
0.0627780753065302
0.0675171763732868
0.0000000000000000
0.0000000000000000
0.0000000000000000
0.0000000000000000
0.0000000000000000
0.0366445644541675
0.0349695930765152
0.0315892400547936
0.0267037069639956
0.0205779322969507
0.0134603057874241
0.0053705398962181
0.0000000000000000
0.0000000000000000
0.0000000000000000
0.0000000000000000
0.0000000000000000
0.0000000000000000
0.0000000000000000
0.0000000000000000
0.0000000000000000
0.0000000000000000
0.0607676670637409
0.0671453321088799
0.0000000000000000
0.0000000000000000
0.0000000000000000
0.0000000000000000
0.0000000000000000
0.0365999208820138
0.0349324621033592
0.0315566068447811
0.0266721578650528
0.0205436629053541
0.0134185361613556
0.0053133031774904
0.0000000000000000
0.0000000000000000
0.0000000000000000
0.0000000000000000
0.0000000000000000
0.0000000000000000
0.0000000000000000
0.0000000000000000
0.0000000000000000
0.0000000000000000
0.0587083517013436
0.0667614086871163
0.0000000000000000
0.0000000000000000
0.0000000000000000
0.0000000000000000
0.0000000000000000
0.0365528676948244
0.0348925638477676
0.0315208406289742
0.0266371155147374
0.0205055384808862
0.0133724682278671
0.0052510335528065
0.0000000000000000
0.0000000000000000
0.0000000000000000
0.0000000000000000
0.0000000000000000
0.0000000000000000
0.0000000000000000
0.0000000000000000
0.0000000000000000
0.0000000000000000
0.0566018460133876
0.0663653159145268
0.0000000000000000
0.0000000000000000
0.0000000000000000
0.0000000000000000
0.0000000000000000
0.0365033897130276
0.0348498759611582
0.0314819155023047
0.0265985541317794
0.0204635364689255
0.0133220831357060
0.0051837214648951
0.0000000000000000
0.0000000000000000
0.0000000000000000
0.0000000000000000
0.0000000000000000
0.0000000000000000
0.0000000000000000
0.0000000000000000
0.0000000000000000
0.0000000000000000
0.0544502539307013
0.0659569737329927
0.0000000000000000
0.0000000000000000
0.0000000000000000
0.0000000000000000
0.0000000000000000
0.0364514721896959
0.0348043765062172
0.0314398060037304
0.0265564484415383
0.0204176348505032
0.0132673623399136
0.0051113587765397
0.0000000000000000
0.0000000000000000
0.0000000000000000
0.0000000000000000
0.0000000000000000
0.0000000000000000
0.0000000000000000
0.0000000000000000
0.0000000000000000
0.0000000000000000
0.0522560880376187
0.0655363091437687
0.0000000000000000
0.0000000000000000
0.0000000000000000
0.0000000000000000
0.0000000000000000
0.0363971006657936
0.0347560440149970
0.0313944873436089
0.0265107740334341
0.0203678125825958
0.0132082880637334
0.0050339395581226
0.0000000000000000
0.0000000000000000
0.0000000000000000
0.0000000000000000
0.0000000000000000
0.0000000000000000
0.0000000000000000
0.0000000000000000
0.0000000000000000
0.0000000000000000
0.0500222920278798
0.0651032527895008
0.0000000000000000
0.0000000000000000
0.0000000000000000
0.0000000000000000
0.0000000000000000
0.0363402609861894
0.0347048577695665
0.0313459359229071
0.0264615080739436
0.0203140504576316
0.0131448442659623
0.0049514615516551
0.0000000000000000
0.0000000000000000
0.0000000000000000
0.0000000000000000
0.0000000000000000
0.0000000000000000
0.0000000000000000
0.0000000000000000
0.0000000000000000
0.0000000000000000
0.0477522708233566
0.0646577363333872
0.0000000000000000
0.0000000000000000
0.0000000000000000
0.0000000000000000
0.0000000000000000
0.0362809395226818
0.0346507982963997
0.0312941300732126
0.0264086302636023
0.0202563322376349
0.0130770179245779
0.0048639281143408
0.0000000000000000
0.0000000000000000
0.0000000000000000
0.0000000000000000
0.0000000000000000
0.0000000000000000
0.0000000000000000
0.0000000000000000
0.0000000000000000
0.0000000000000000
0.0454499311208926
0.0000000000000000
0.0000000000000000
0.0000000000000000
0.0000000000000000
0.0000000000000000
0.0000000000000000
0.0362191235245795
0.0345938479310539
0.0312390508249978
0.0263521237805923
0.0201946457503032
0.0130048002735576
0.0047713501891535
0.0000000000000000
0.0000000000000000
0.0000000000000000
0.0000000000000000
0.0000000000000000
0.0000000000000000
0.0000000000000000
0.0000000000000000
0.0000000000000000
0.0000000000000000
0.0431197301363833
0.0000000000000000
0.0000000000000000
0.0000000000000000
0.0000000000000000
0.0000000000000000
0.0000000000000000
0.0361548014363215
0.0345339912633375
0.0311806824666684
0.0262919759419485
0.0201289836305898
0.0129281876202620
0.0046737478737521
0.0000000000000000
0.0000000000000000
0.0000000000000000
0.0000000000000000
0.0000000000000000
0.0000000000000000
0.0000000000000000
0.0000000000000000
0.0000000000000000
0.0000000000000000
0.0407667273050158
0.0000000000000000
0.0000000000000000
0.0000000000000000
0.0000000000000000
0.0000000000000000
0.0000000000000000
0.0360879630457705
0.0344712153243230
0.0311190127616772
0.0262281784334969
0.0200593435548171
0.0128471815670984
0.0045711513714943
0.0000000000000000
0.0000000000000000
0.0000000000000000
0.0000000000000000
0.0000000000000000
0.0000000000000000
0.0000000000000000
0.0000000000000000
0.0000000000000000
0.0000000000000000
0.0383966347473933
0.0000000000000000
0.0000000000000000
0.0000000000000000
0.0000000000000000
0.0000000000000000
0.0000000000000000
0.0360185994317102
0.0344055095100612
0.0310540328339824
0.0261607271490485
0.0199857280163005
0.0127617887082186
0.0044636014526908
0.0000000000000000
0.0000000000000000
0.0000000000000000
0.0000000000000000
0.0000000000000000
0.0000000000000000
0.0000000000000000
0.0000000000000000
0.0000000000000000
0.0000000000000000
0.0360158651715715
0.0000000000000000
0.0000000000000000
0.0000000000000000
0.0000000000000000
0.0000000000000000
0.0000000000000000
0.0359467027895216
0.0343368653444465
0.0309857368576297
0.0260896217951344
0.0199081438429262
0.0126720200357527
0.0043511497307298
0.0000000000000000
0.0000000000000000
0.0000000000000000
0.0000000000000000
0.0000000000000000
0.0000000000000000
0.0000000000000000
0.0000000000000000
0.0000000000000000
0.0000000000000000
0.0336315778985575
0.0000000000000000
0.0000000000000000
0.0000000000000000
0.0000000000000000
0.0000000000000000
0.0000000000000000
0.0358722662490625
0.0342652762139073
0.0309141217000809
0.0260148654441700
0.0198266016535437
0.0125778902894846
0.0042338590717879
0.0000000000000000
0.0000000000000000
0.0000000000000000
0.0000000000000000
0.0000000000000000
0.0000000000000000
0.0000000000000000
0.0000000000000000
0.0000000000000000
0.0000000000000000
0.0312517220306426
0.0000000000000000
0.0000000000000000
0.0000000000000000
0.0000000000000000
0.0000000000000000
0.0000000000000000
0.0357952837579118
0.0341907371531484
0.0308391866113699
0.0259364641279042
0.0197411153672948
0.0124794173718343
0.0041118043114330
0.0000000000000000
0.0000000000000000
0.0000000000000000
0.0000000000000000
0.0000000000000000
0.0000000000000000
