0.0000000000000000
0.0000000000000000
0.0000000000000000
0.0000000000000000
0.0878715628671239
0.1438489920527336
0.0000000000000000
0.0000000000000000
0.0000000000000000
0.0000000000000000
0.0000000000000000
0.0370450950346765
0.0352070858838940
0.0317081879922742
0.0267567024108893
0.0206231347103816
0.0135620024154982
0.0056146140920833
0.0000000000000000
0.0000000000000000
0.0000000000000000
0.0000000000000000
0.0000000000000000
0.0000000000000000
0.0000000000000000
0.0000000000000000
0.0000000000000000
0.0000000000000000
0.0866898932365235
0.1434579606217912
0.0000000000000000
0.0000000000000000
0.0000000000000000
0.0000000000000000
0.0000000000000000
0.0370366758161343
0.0352109046345883
0.0317217899902728
0.0267770421987971
0.0206468525909555
0.0135858396662141
0.0056355474878286
0.0000000000000000
0.0000000000000000
0.0000000000000000
0.0000000000000000
0.0000000000000000
0.0000000000000000
0.0000000000000000
0.0000000000000000
0.0000000000000000
0.0000000000000000
0.0854583282794104
0.1430467212807136
0.0000000000000000
0.0000000000000000
0.0000000000000000
0.0000000000000000
0.0000000000000000
0.0370261175655359
0.0352123527635927
0.0317327332554504
0.0267943881652974
0.0206671895970791
0.0136057941810540
0.0056517789190551
0.0000000000000000
0.0000000000000000
0.0000000000000000
0.0000000000000000
0.0000000000000000
0.0000000000000000
0.0000000000000000
0.0000000000000000
0.0000000000000000
0.0000000000000000
0.0841764095812369
0.1426150613814046
0.0000000000000000
0.0000000000000000
0.0000000000000000
0.0000000000000000
0.0000000000000000
0.0370134051561515
0.0352114052107370
0.0317409854256349
0.0268087037520178
0.0206841083662377
0.0136218313258683
0.0056632774856154
0.0000000000000000
0.0000000000000000
0.0000000000000000
0.0000000000000000
0.0000000000000000
0.0000000000000000
0.0000000000000000
0.0000000000000000
0.0000000000000000
0.0000000000000000
0.0828436843911896
0.1421627586400309
0.0000000000000000
0.0000000000000000
0.0000000000000000
0.0000000000000000
0.0000000000000000
0.0369985230826455
0.0352080369103794
0.0317465145562086
0.0268199532574172
0.0206975727903011
0.0136339179359089
0.0056700139959695
0.0000000000000000
0.0000000000000000
0.0000000000000000
0.0000000000000000
0.0000000000000000
0.0000000000000000
0.0000000000000000
0.0000000000000000
0.0000000000000000
0.0000000000000000
0.0814597156712884
0.1416895822949100
0.0000000000000000
0.0000000000000000
0.0000000000000000
0.0000000000000000
0.0000000000000000
0.0369814554187993
0.0352022226913857
0.0317492889647357
0.0268281016294158
0.0207075477674614
0.0136420220222914
0.0056719605991082
0.0000000000000000
0.0000000000000000
0.0000000000000000
0.0000000000000000
0.0000000000000000
0.0000000000000000
0.0000000000000000
0.0000000000000000
0.0000000000000000
0.0000000000000000
0.0800240916711258
0.1411952938480268
0.0000000000000000
0.0000000000000000
0.0000000000000000
0.0000000000000000
0.0000000000000000
0.0369621858034359
0.0351939372358685
0.0317492771637387
0.0268331143765684
0.0207139990872981
0.0136461126326445
0.0056690905934917
0.0000000000000000
0.0000000000000000
0.0000000000000000
0.0000000000000000
0.0000000000000000
0.0000000000000000
0.0000000000000000
0.0000000000000000
0.0000000000000000
0.0000000000000000
0.0785364354472120
0.1406796474824385
0.0000000000000000
0.0000000000000000
0.0000000000000000
0.0000000000000000
0.0000000000000000
0.0369406974541852
0.0351831550937553
0.0317464478748184
0.0268349575767323
0.0207168934367838
0.0136461598425058
0.0056613784047068
0.0000000000000000
0.0000000000000000
0.0000000000000000
0.0000000000000000
0.0000000000000000
0.0000000000000000
0.0000000000000000
0.0000000000000000
0.0000000000000000
0.0000000000000000
0.0769964149858457
0.1401423903212977
0.0000000000000000
0.0000000000000000
0.0000000000000000
0.0000000000000000
0.0000000000000000
0.0369169732096200
0.0351698507411789
0.0317407700998680
0.0268335979611952
0.0207161984874613
0.0136421348472463
0.0056487996817433
0.0000000000000000
0.0000000000000000
0.0000000000000000
0.0000000000000000
0.0000000000000000
0.0000000000000000
0.0000000000000000
0.0000000000000000
0.0000000000000000
0.0000000000000000
0.0754037548948264
0.1395832627786898
0.0000000000000000
0.0000000000000000
0.0000000000000000
0.0000000000000000
0.0000000000000000
0.0368909955931915
0.0351539986660153
0.0317322132262373
0.0268290030320102
0.0207118830257790
0.0136340100911111
0.0056313314566024
0.0000000000000000
0.0000000000000000
0.0000000000000000
0.0000000000000000
0.0000000000000000
0.0000000000000000
0.0000000000000000
0.0000000000000000
0.0000000000000000
0.0000000000000000
0.0737582504595957
0.1390019992246628
0.0000000000000000
0.0000000000000000
0.0000000000000000
0.0000000000000000
0.0000000000000000
0.0368627468906745
0.0351355734546144
0.0317207471204558
0.0268211411634754
0.0207039170542663
0.0136217593732874
0.0056089522809855
0.0000000000000000
0.0000000000000000
0.0000000000000000
0.0000000000000000
0.0000000000000000
0.0000000000000000
0.0000000000000000
0.0000000000000000
0.0000000000000000
0.0000000000000000
0.0720597852105886
0.1383983292417169
0.0000000000000000
0.0000000000000000
0.0000000000000000
0.0000000000000000
0.0000000000000000
0.0368322092293915
0.0351145498571192
0.0317063421788024
0.0268099816358871
0.0206922718150766
0.0136053578528171
0.0055816422683980
0.0000000000000000
0.0000000000000000
0.0000000000000000
0.0000000000000000
0.0000000000000000
0.0000000000000000
0.0000000000000000
0.0000000000000000
0.0000000000000000
0.0000000000000000
0.0703083526543611
0.1377719796667068
0.0000000000000000
0.0000000000000000
0.0000000000000000
0.0000000000000000
0.0000000000000000
0.0367993646554477
0.0350909028174932
0.0316889693138984
0.0267954945862912
0.0206769197060619
0.0135847819395151
0.0055493830131009
0.0000000000000000
0.0000000000000000
0.0000000000000000
0.0000000000000000
0.0000000000000000
0.0000000000000000
0.0000000000000000
0.0000000000000000
0.0000000000000000
0.0000000000000000
0.0685040827221960
0.1371226775361631
0.0000000000000000
0.0000000000000000
0.0000000000000000
0.0000000000000000
0.0000000000000000
0.0367641952178519
0.0350646074869370
0.0316685999019256
0.0267776508977745
0.0206578341295423
0.0135600091042868
0.0055121574468752
0.0000000000000000
0.0000000000000000
0.0000000000000000
0.0000000000000000
0.0000000000000000
0.0000000000000000
0.0000000000000000
0.0000000000000000
0.0000000000000000
0.0000000000000000
0.0666472729794707
0.1364501539273154
0.0000000000000000
0.0000000000000000
0.0000000000000000
0.0000000000000000
0.0000000000000000
0.0367266830815321
0.0350356392518120
0.0316452057371093
0.0267564220967440
0.0206349893432269
0.0135310176992863
0.0054699497248772
0.0000000000000000
0.0000000000000000
0.0000000000000000
0.0000000000000000
0.0000000000000000
0.0000000000000000
0.0000000000000000
0.0000000000000000
0.0000000000000000
0.0000000000000000
0.0647384245786505
0.1357541486945944
0.0000000000000000
0.0000000000000000
0.0000000000000000
0.0000000000000000
0.0000000000000000
0.0366868106853977
0.0350039738086924
0.0316187590346968
0.0267317802980980
0.0206083603711107
0.0134977868441646
0.0054227452217464
0.0000000000000000
0.0000000000000000
0.0000000000000000
0.0000000000000000
0.0000000000000000
0.0000000000000000
0.0000000000000000
0.0000000000000000
0.0000000000000000
0.0000000000000000
0.0627782822592092
0.1350344157912454
0.0000000000000000
0.0000000000000000
0.0000000000000000
0.0000000000000000
0.0000000000000000
0.0366445609315523
0.0349695872748453
0.0315892324755988
0.0267036982007873
0.0205779229615784
0.0134602963638464
0.0053705305948401
0.0000000000000000
0.0000000000000000
0.0000000000000000
0.0000000000000000
0.0000000000000000
0.0000000000000000
0.0000000000000000
0.0000000000000000
0.0000000000000000
0.0000000000000000
0.0607678764051000
0.1342907284512349
0.0000000000000000
0.0000000000000000
0.0000000000000000
0.0000000000000000
0.0000000000000000
0.0365999173475249
0.0349324562845093
0.0315565992428507
0.0266721490734434
0.0205436535355133
0.0134185266948346
0.0053132938225319
0.0000000000000000
0.0000000000000000
0.0000000000000000
0.0000000000000000
0.0000000000000000
0.0000000000000000
0.0000000000000000
0.0000000000000000
0.0000000000000000
0.0000000000000000
0.0587085633348033
0.1335228828211331
0.0000000000000000
0.0000000000000000
0.0000000000000000
0.0000000000000000
0.0000000000000000
0.0365528641472629
0.0348925580105711
0.0315208330031972
0.0266371066936756
0.0205055290755382
0.0133724587171619
0.0052510241431795
0.0000000000000000
0.0000000000000000
0.0000000000000000
0.0000000000000000
0.0000000000000000
0.0000000000000000
0.0000000000000000
0.0000000000000000
0.0000000000000000
0.0000000000000000
0.0566020598159208
0.1327306985140323
0.0000000000000000
0.0000000000000000
0.0000000000000000
0.0000000000000000
0.0000000000000000
0.0365033861511974
0.0348498701044574
0.0314819078515849
0.0265985452802336
0.0204635270270533
0.0133220735795921
0.0051837119996161
0.0000000000000000
0.0000000000000000
0.0000000000000000
0.0000000000000000
0.0000000000000000
0.0000000000000000
0.0000000000000000
0.0000000000000000
0.0000000000000000
0.0000000000000000
0.0544504697494989
0.1319140154136840
0.0000000000000000
0.0000000000000000
0.0000000000000000
0.0000000000000000
0.0000000000000000
0.0364514686124039
0.0348043706288636
0.0314397983269868
0.0265564395584968
0.0204176253711121
0.0132673527371816
0.0051113492547447
0.0000000000000000
0.0000000000000000
0.0000000000000000
0.0000000000000000
0.0000000000000000
0.0000000000000000
0.0000000000000000
0.0000000000000000
0.0000000000000000
0.0000000000000000
0.0522563056865145
0.1310726875225543
0.0000000000000000
0.0000000000000000
0.0000000000000000
0.0000000000000000
0.0000000000000000
0.0363970970718508
0.0347560381158520
0.0313944796397763
0.0265107651179055
0.0203678030647131
0.0132082784131887
0.0050339299790856
0.0000000000000000
0.0000000000000000
0.0000000000000000
0.0000000000000000
0.0000000000000000
0.0000000000000000
0.0000000000000000
0.0000000000000000
0.0000000000000000
0.0000000000000000
0.0500225112835302
0.1302065761258734
0.0000000000000000
0.0000000000000000
0.0000000000000000
0.0000000000000000
0.0000000000000000
0.0363402573744107
0.0347048518475022
0.0313459281909362
0.0264614991249573
0.0203140409003066
0.0131448345664236
0.0049514519148083
0.0000000000000000
0.0000000000000000
0.0000000000000000
0.0000000000000000
0.0000000000000000
0.0000000000000000
0.0000000000000000
0.0000000000000000
0.0000000000000000
0.0000000000000000
0.0477524914211913
0.1293155445499704
0.0000000000000000
0.0000000000000000
0.0000000000000000
0.0000000000000000
0.0000000000000000
0.0362809358918877
0.0346507923502993
0.0312941223120711
0.0264086212802087
0.0202563226399389
0.0130770081748763
0.0048639184192997
0.0000000000000000
0.0000000000000000
0.0000000000000000
0.0000000000000000
0.0000000000000000
0.0000000000000000
0.0000000000000000
0.0000000000000000
0.0000000000000000
0.0000000000000000
0.0454501527508533
0.1283994556155700
0.0000000000000000
0.0000000000000000
0.0000000000000000
0.0000000000000000
0.0000000000000000
0.0362191198735976
0.0345938419598136
0.0312390430336715
0.0263521147618635
0.0201946361113297
0.0130047904725361
0.0047713404357454
0.0000000000000000
0.0000000000000000
0.0000000000000000
0.0000000000000000
0.0000000000000000
0.0000000000000000
0.0000000000000000
0.0000000000000000
0.0000000000000000
0.0000000000000000
0.0431199524384977
0.1274581710309482
0.0000000000000000
0.0000000000000000
0.0000000000000000
0.0000000000000000
0.0000000000000000
0.0361547977639884
0.0345339852658679
0.0311806746441624
0.0262919668869794
0.0201289739494548
0.0129281777667743
0.0046737380620509
0.0000000000000000
0.0000000000000000
0.0000000000000000
0.0000000000000000
0.0000000000000000
0.0000000000000000
0.0000000000000000
0.0000000000000000
0.0000000000000000
0.0000000000000000
0.0407669498648945
0.1264915510895860
0.0000000000000000
0.0000000000000000
0.0000000000000000
0.0000000000000000
0.0000000000000000
0.0180439794536374
0.0344712092995509
0.0311190049070174
0.0262281693414064
0.0200593338306596
0.0128471716600087
0.0045711415018600
0.0000000000000000
0.0000000000000000
0.0000000000000000
0.0000000000000000
0.0000000000000000
0.0000000000000000
0.0000000000000000
0.0000000000000000
0.0000000000000000
0.0000000000000000
0.0383968570917686
0.1254994534912402
0.0000000000000000
0.0000000000000000
0.0000000000000000
0.0000000000000000
0.0000000000000000
0.0180092976318798
0.0344055034569311
0.0310540249462167
0.0261607180189798
0.0199857182482828
0.0127617787464005
0.0044635915258164
0.0000000000000000
0.0000000000000000
0.0000000000000000
0.0000000000000000
0.0000000000000000
0.0000000000000000
0.0000000000000000
0.0000000000000000
0.0000000000000000
0.0000000000000000
0.0360160867640342
0.0622408652361945
0.0000000000000000
0.0000000000000000
0.0000000000000000
0.0000000000000000
0.0000000000000000
0.0179733492954580
0.0343368592619224
0.0309857289358291
0.0260896126262560
0.0199081340302339
0.0126720100180883
0.0043511397476959
0.0000000000000000
0.0000000000000000
0.0000000000000000
0.0000000000000000
0.0000000000000000
0.0000000000000000
0.0000000000000000
0.0000000000000000
0.0000000000000000
0.0000000000000000
0.0336317981357309
0.0617191156318372
0.0000000000000000
0.0000000000000000
0.0000000000000000
0.0000000000000000
0.0000000000000000
0.0179361310093106
0.0342652701009733
0.0309141137433403
0.0260148562356762
0.0198265917953854
0.0125778802148631
0.0042338490341267
0.0000000000000000
0.0000000000000000
0.0000000000000000
0.0000000000000000
0.0000000000000000
0.0000000000000000
0.0000000000000000
0.0000000000000000
0.0000000000000000
0.0000000000000000
0.0312519402390697
0.0611843980654012
0.0000000000000000
0.0000000000000000
0.0000000000000000
0.0000000000000000
0.0000000000000000
0.0178976397472370
0.0341907310088102
0.0308391786188090
0.0259364548790151
0.0197411054629022
0.0124794072391508
0.0041117942212029
0.0000000000000000
0.0000000000000000
0.0000000000000000
0.0000000000000000
0.0000000000000000
0.0000000000000000
