0.0000000000000000
0.0000000000000000
0.0000000000000000
0.0000000000000000
0.0255082844665237
0.0642141310202059
0.0942843181637474
0.1128719881448558
0.1190141104829617
0.1127275424444073
0.0949454272831078
0.0674891716444635
0.0000000000000000
0.0000000000000000
0.0000000000000000
0.0000000000000000
0.0000000000000000
0.0000000000000000
0.0000000000000000
0.0000000000000000
0.0000000000000000
0.0000000000000000
0.0000000000000000
0.0000000000000000
0.0000000000000000
0.0000000000000000
0.0000000000000000
0.0000000000000000
0.0251411483626149
0.0640185921001401
0.0942443412624060
0.1129671269019867
0.1192278177563044
0.1130414458927748
0.0953372169591229
0.0679323097140589
0.0000000000000000
0.0000000000000000
0.0000000000000000
0.0000000000000000
0.0000000000000000
0.0000000000000000
0.0000000000000000
0.0000000000000000
0.0000000000000000
0.0000000000000000
0.0000000000000000
0.0000000000000000
0.0000000000000000
0.0000000000000000
0.0000000000000000
0.0000000000000000
0.0247688551694781
0.0638299625997976
0.0942172605780619
0.1130777224148778
0.1194577071426626
0.1133711296429016
0.0957436640047814
0.0683885662935180
0.0000000000000000
0.0000000000000000
0.0000000000000000
0.0000000000000000
0.0000000000000000
0.0000000000000000
0.0000000000000000
0.0000000000000000
0.0000000000000000
0.0000000000000000
0.0000000000000000
0.0000000000000000
0.0000000000000000
0.0000000000000000
0.0000000000000000
0.0000000000000000
0.0243909778432902
0.0636480559853550
0.0942029447474889
0.1132036026009728
0.1197035418102398
0.1137162940881863
0.0961644201580404
0.0688575652766978
0.0000000000000000
0.0000000000000000
0.0000000000000000
0.0000000000000000
0.0000000000000000
0.0000000000000000
0.0000000000000000
0.0000000000000000
0.0000000000000000
0.0000000000000000
0.0000000000000000
0.0000000000000000
0.0000000000000000
0.0000000000000000
0.0000000000000000
0.0000000000000000
0.0240070534104655
0.0634726602129839
0.0942012441529032
0.1133445799701377
0.1199650717963640
0.1140766289789934
0.0965991292581189
0.0693389255127882
0.0000000000000000
0.0000000000000000
0.0000000000000000
0.0000000000000000
0.0000000000000000
0.0000000000000000
0.0000000000000000
0.0000000000000000
0.0000000000000000
0.0000000000000000
0.0000000000000000
0.0000000000000000
0.0000000000000000
0.0000000000000000
0.0000000000000000
0.0000000000000000
0.0236165861789363
0.0633035394368441
0.0942119924412924
0.1135004527540683
0.1202420346888014
0.1144518136636775
0.0970474270967919
0.0698322603150430
0.0000000000000000
0.0000000000000000
0.0000000000000000
0.0000000000000000
0.0000000000000000
0.0000000000000000
0.0000000000000000
0.0000000000000000
0.0000000000000000
0.0000000000000000
0.0000000000000000
0.0000000000000000
0.0000000000000000
0.0000000000000000
0.0000000000000000
0.0000000000000000
0.0232190505148459
0.0631404350193340
0.0942350075283124
0.1136710057149932
0.1205341562219774
0.1148415174691323
0.0975089415880641
0.0703371774767449
0.0000000000000000
0.0000000000000000
0.0000000000000000
0.0000000000000000
0.0000000000000000
0.0000000000000000
0.0000000000000000
0.0000000000000000
0.0000000000000000
0.0000000000000000
0.0000000000000000
0.0000000000000000
0.0000000000000000
0.0000000000000000
0.0000000000000000
0.0000000000000000
0.0228138933702303
0.0629830659231245
0.0942700920931892
0.1138560106256744
0.1208411507149723
0.1152454001003142
0.0979832931392819
0.0708532795800641
0.0000000000000000
0.0000000000000000
0.0000000000000000
0.0000000000000000
0.0000000000000000
0.0000000000000000
0.0000000000000000
0.0000000000000000
0.0000000000000000
0.0000000000000000
0.0000000000000000
0.0000000000000000
0.0000000000000000
0.0000000000000000
0.0000000000000000
0.0000000000000000
0.0224005368299032
0.0628311286167693
0.0943170336580458
0.1140552264047819
0.1211627212812312
0.1156631119249963
0.0984700949911419
0.0713801644048825
0.0000000000000000
0.0000000000000000
0.0000000000000000
0.0000000000000000
0.0000000000000000
0.0000000000000000
0.0000000000000000
0.0000000000000000
0.0000000000000000
0.0000000000000000
0.0000000000000000
0.0000000000000000
0.0000000000000000
0.0000000000000000
0.0000000000000000
0.0000000000000000
0.0219783810935854
0.0626842967655463
0.0943756043874615
0.1142683989956093
0.1214985597966085
0.1160942940427588
0.0989689533916168
0.0719174251597759
0.0000000000000000
0.0000000000000000
0.0000000000000000
0.0000000000000000
0.0000000000000000
0.0000000000000000
0.0000000000000000
0.0000000000000000
0.0000000000000000
0.0000000000000000
0.0000000000000000
0.0000000000000000
0.0000000000000000
0.0000000000000000
0.0000000000000000
0.0000000000000000
0.0215468082603738
0.0625422209966233
0.0944455608775396
0.1144952611245930
0.1218483466754454
0.1165385780987193
0.0994794674382683
0.0724646503669934
0.0000000000000000
0.0000000000000000
0.0000000000000000
0.0000000000000000
0.0000000000000000
0.0000000000000000
0.0000000000000000
0.0000000000000000
0.0000000000000000
0.0000000000000000
0.0000000000000000
0.0000000000000000
0.0000000000000000
0.0000000000000000
0.0000000000000000
0.0000000000000000
0.0211051874329337
0.0624045291099823
0.0945266441732820
0.1147355321317668
0.1222117505402117
0.1169955858165793
0.1000012285059937
0.0730214231890882
0.0000000000000000
0.0000000000000000
0.0000000000000000
0.0000000000000000
0.0000000000000000
0.0000000000000000
0.0000000000000000
0.0000000000000000
0.0000000000000000
0.0000000000000000
0.0000000000000000
0.0000000000000000
0.0000000000000000
0.0000000000000000
0.0000000000000000
0.0000000000000000
0.0206528814336322
0.0622708269707726
0.0946185802472564
0.1149889179967810
0.1225884278514473
0.1174649282760390
0.1005338192067377
0.0735873201447994
0.0000000000000000
0.0000000000000000
0.0000000000000000
0.0000000000000000
0.0000000000000000
0.0000000000000000
0.0000000000000000
0.0000000000000000
0.0000000000000000
0.0000000000000000
0.0000000000000000
0.0000000000000000
0.0000000000000000
0.0000000000000000
0.0000000000000000
0.0000000000000000
0.0201892553332429
0.0621407001091309
0.0947210808766356
0.1152551115340762
0.1229780224682942
0.1179462049004798
0.1010768118942783
0.0741619092243405
0.0000000000000000
0.0000000000000000
0.0000000000000000
0.0000000000000000
0.0000000000000000
0.0000000000000000
0.0000000000000000
0.0000000000000000
0.0000000000000000
0.0000000000000000
0.0000000000000000
0.0000000000000000
0.0000000000000000
0.0000000000000000
0.0000000000000000
0.0000000000000000
0.0197136867401052
0.0620137157715426
0.0948338447098410
0.1155337925437511
0.1233801650009165
0.1184390021066505
0.1016297667135126
0.0747447474976237
0.0000000000000000
0.0000000000000000
0.0000000000000000
0.0000000000000000
0.0000000000000000
0.0000000000000000
0.0000000000000000
0.0000000000000000
0.0000000000000000
0.0000000000000000
0.0000000000000000
0.0000000000000000
0.0000000000000000
0.0000000000000000
0.0000000000000000
0.0000000000000000
0.0192255778164124
0.0618894252018449
0.0949565582441892
0.1158246277420794
0.1237944718478072
0.1189428915897387
0.1021922292866043
0.0753353783460754
0.0000000000000000
0.0000000000000000
0.0000000000000000
0.0000000000000000
0.0000000000000000
0.0000000000000000
0.0000000000000000
0.0000000000000000
0.0000000000000000
0.0000000000000000
0.0000000000000000
0.0000000000000000
0.0000000000000000
0.0000000000000000
0.0000000000000000
0.0000000000000000
0.0187243689139077
0.0617673659765671
0.0950888967084456
0.1161272705379044
0.1242205441070781
0.1194574285281740
0.1027637283580449
0.0759333287325642
0.0000000000000000
0.0000000000000000
0.0000000000000000
0.0000000000000000
0.0000000000000000
0.0000000000000000
0.0000000000000000
0.0000000000000000
0.0000000000000000
0.0000000000000000
0.0000000000000000
0.0000000000000000
0.0000000000000000
0.0000000000000000
0.0000000000000000
0.0000000000000000
0.0182095534964742
0.0616470644229783
0.0952305251056746
0.1164413611484409
0.1246579669806412
0.1199821504300329
0.1033437742115265
0.0765381072964346
0.0000000000000000
0.0000000000000000
0.0000000000000000
0.0000000000000000
0.0000000000000000
0.0000000000000000
0.0000000000000000
0.0000000000000000
0.0000000000000000
0.0000000000000000
0.0000000000000000
0.0000000000000000
0.0000000000000000
0.0000000000000000
0.0000000000000000
0.0000000000000000
0.0176806934613882
0.0615280378790454
0.0953810997013836
0.1167665276205884
0.1251063104880179
0.1205165776033742
0.1039318589327016
0.0771492044587921
0.0000000000000000
0.0000000000000000
0.0000000000000000
0.0000000000000000
0.0000000000000000
0.0000000000000000
0.0000000000000000
0.0000000000000000
0.0000000000000000
0.0000000000000000
0.0000000000000000
0.0000000000000000
0.0000000000000000
0.0000000000000000
0.0000000000000000
0.0000000000000000
0.0171374337308997
0.0614097961550726
0.0955402697766754
0.1171023879392879
0.1255651319005204
0.1210602158553652
0.1045274592886906
0.0777660953529036
0.0000000000000000
0.0000000000000000
0.0000000000000000
0.0000000000000000
0.0000000000000000
0.0000000000000000
0.0000000000000000
0.0000000000000000
0.0000000000000000
0.0000000000000000
0.0000000000000000
0.0000000000000000
0.0000000000000000
0.0000000000000000
0.0000000000000000
0.0000000000000000
0.0165795152570455
0.0612918413295305
0.0957076789123665
0.1174485525651115
0.1260339793761813
0.1216125610366952
0.1051300419464893
0.0783882454753234
0.0000000000000000
0.0000000000000000
0.0000000000000000
0.0000000000000000
0.0000000000000000
0.0000000000000000
0.0000000000000000
0.0000000000000000
0.0000000000000000
0.0000000000000000
0.0000000000000000
0.0000000000000000
0.0000000000000000
0.0000000000000000
0.0000000000000000
0.0000000000000000
0.0160067869059921
0.0611736651940667
0.0958829647265524
0.1178046261363577
0.1265123953902550
0.1221731039573301
0.1057390695880941
0.0790151176084955
0.0000000000000000
0.0000000000000000
0.0000000000000000
0.0000000000000000
0.0000000000000000
0.0000000000000000
0.0000000000000000
0.0000000000000000
0.0000000000000000
0.0000000000000000
0.0000000000000000
0.0000000000000000
0.0000000000000000
0.0000000000000000
0.0000000000000000
0.0000000000000000
0.0154192179071133
0.0610547446204262
0.0960657564957408
0.1181702071926217
0.1269999184489933
0.1227413339076329
0.1063540059399558
0.0796461780003455
0.0000000000000000
0.0000000000000000
0.0000000000000000
0.0000000000000000
0.0000000000000000
0.0000000000000000
0.0000000000000000
0.0000000000000000
0.0000000000000000
0.0000000000000000
0.0000000000000000
0.0000000000000000
0.0000000000000000
0.0000000000000000
0.0000000000000000
0.0000000000000000
0.0148169132193178
0.0609345359238936
0.0962556710134828
0.1185448857585144
0.1274960824718117
0.1233167397819764
0.1069743184666414
0.0802809002898230
0.0000000000000000
0.0000000000000000
0.0000000000000000
0.0000000000000000
0.0000000000000000
0.0000000000000000
0.0000000000000000
0.0000000000000000
0.0000000000000000
0.0000000000000000
0.0000000000000000
0.0000000000000000
0.0000000000000000
0.0000000000000000
0.0000000000000000
0.0000000000000000
0.0142001333505562
0.0608124698060243
0.0964523079882188
0.1189282398198433
0.1280004145962566
0.1238988092699830
0.1075994788488618
0.0809187670877141
0.0000000000000000
0.0000000000000000
0.0000000000000000
0.0000000000000000
0.0000000000000000
0.0000000000000000
0.0000000000000000
0.0000000000000000
0.0000000000000000
0.0000000000000000
0.0000000000000000
0.0000000000000000
0.0000000000000000
0.0000000000000000
0.0000000000000000
0.0000000000000000
0.0135693187150600
0.0606879480068535
0.0966552465651117
0.1193198323781170
0.1285124330390668
0.1244870276119708
0.1082289626085352
0.0815592703239122
0.0000000000000000
0.0000000000000000
0.0000000000000000
0.0000000000000000
0.0000000000000000
0.0000000000000000
0.0000000000000000
0.0000000000000000
0.0000000000000000
0.0000000000000000
0.0000000000000000
0.0000000000000000
0.0000000000000000
0.0000000000000000
0.0000000000000000
0.0000000000000000
0.0129251173599307
0.0605603420102309
0.0968640439091498
0.1197192103581795
0.1290316464399873
0.1250808773874546
0.1088622492822873
0.0822019117327556
0.0000000000000000
0.0000000000000000
0.0000000000000000
0.0000000000000000
0.0000000000000000
0.0000000000000000
0.0000000000000000
0.0000000000000000
0.0000000000000000
0.0000000000000000
0.0000000000000000
0.0000000000000000
0.0000000000000000
0.0000000000000000
0.0000000000000000
0.0000000000000000
0.0122684147505515
0.0604289933749518
0.0970782358877849
0.1201259055823722
0.1295575550337370
0.1256798397772891
0.1094988236753833
0.0828462039947511
0.0000000000000000
0.0000000000000000
0.0000000000000000
0.0000000000000000
0.0000000000000000
0.0000000000000000
0.0000000000000000
0.0000000000000000
0.0000000000000000
0.0000000000000000
0.0000000000000000
0.0000000000000000
0.0000000000000000
0.0000000000000000
0.0000000000000000
0.0000000000000000
0.0116003648681248
0.0602932150652957
0.0972973390539284
0.1205394370381761
0.1300896529114236
0.1262833966373911
0.1101381776193264
0.0834916721256186
0.0000000000000000
0.0000000000000000
0.0000000000000000
0.0000000000000000
0.0000000000000000
0.0000000000000000
0.0000000000000000
0.0000000000000000
0.0000000000000000
0.0000000000000000
0.0000000000000000
0.0000000000000000
0.0000000000000000
0.0000000000000000
0.0000000000000000
0.0000000000000000
0.0109224225024197
0.0601522932834154
0.0975208530662902
0.1209593133587760
0.1306274302645819
0.1268910323175371
0.1107798112758437
0.0841378542228319
0.0000000000000000
0.0000000000000000
0.0000000000000000
0.0000000000000000
0.0000000000000000
0.0000000000000000
0.0000000000000000
0.0000000000000000
0.0000000000000000
0.0000000000000000
0.0000000000000000
0.0000000000000000
0.0000000000000000
0.0000000000000000
0.0000000000000000
0.0000000000000000
0.0102363762521018
0.0600054896606768
0.0977482629717584
0.1213850348647175
0.1311703749394658
0.1275022346170053
0.1114232334474372
0.0847843011888711
0.0000000000000000
0.0000000000000000
0.0000000000000000
0.0000000000000000
0.0000000000000000
0.0000000000000000
0.0000000000000000
0.0000000000000000
0.0000000000000000
0.0000000000000000
0.0000000000000000
0.0000000000000000
