0.0000000000000000
0.0000000000000000
0.0000000000000000
0.0000000000000000
0.0878718392413396
0.1438490709053196
0.1552807000709780
0.1426949920317959
0.1149130171345912
0.0000000000000000
0.0000000000000000
0.0000000000000000
0.0176035382931220
0.0317081757052500
0.0267566878814808
0.0206231189156060
0.0135619861271713
0.0056145975802490
0.0000000000000000
0.0000000000000000
0.0000000000000000
0.0000000000000000
0.0000000000000000
0.0000000000000000
0.0000000000000000
0.0000000000000000
0.0000000000000000
0.0000000000000000
0.0866901730995784
0.1434580408406289
0.1552198183345146
0.1428003952920986
0.1151067301361061
0.0000000000000000
0.0000000000000000
0.0000000000000000
0.0176054476718134
0.0317217777038187
0.0267770276601398
0.0206468367771869
0.0135858233497955
0.0056355309342737
0.0000000000000000
0.0000000000000000
0.0000000000000000
0.0000000000000000
0.0000000000000000
0.0000000000000000
0.0000000000000000
0.0000000000000000
0.0000000000000000
0.0000000000000000
0.0854586117380642
0.1430468029023044
0.1551468143887589
0.1428950880839706
0.1152890251412602
0.0000000000000000
0.0000000000000000
0.0000000000000000
0.0176061717387146
0.0317327209677425
0.0267943736155155
0.0206671737623434
0.0136057778341984
0.0056517623210448
0.0000000000000000
0.0000000000000000
0.0000000000000000
0.0000000000000000
0.0000000000000000
0.0000000000000000
0.0000000000000000
0.0000000000000000
0.0000000000000000
0.0000000000000000
0.0841766967385437
0.1426151444424939
0.1550615096946530
0.1429788438651354
0.1154596409093014
0.0000000000000000
0.0000000000000000
0.0000000000000000
0.0176056979637369
0.0317409731348492
0.0268086891892443
0.0206840925085785
0.0136218149462552
0.0056632608404219
0.0000000000000000
0.0000000000000000
0.0000000000000000
0.0000000000000000
0.0000000000000000
0.0000000000000000
0.0000000000000000
0.0000000000000000
0.0000000000000000
0.0000000000000000
0.0828439753457390
0.1421628431776352
0.1549637236528924
0.1430514376519615
0.1156183210278840
0.0000000000000000
0.0000000000000000
0.0000000000000000
0.0176040138140569
0.0317465022605220
0.0268199386797955
0.0206975569077803
0.0136339015212428
0.0056699973008778
0.0000000000000000
0.0000000000000000
0.0000000000000000
0.0000000000000000
0.0000000000000000
0.0000000000000000
0.0000000000000000
0.0000000000000000
0.0000000000000000
0.0000000000000000
0.0814600105163175
0.1416896683463389
0.1548532735916175
0.1431126452712170
0.1157648126994591
0.0000000000000000
0.0000000000000000
0.0000000000000000
0.0176011067041055
0.0317492766623280
0.0268280870351005
0.0207075318581607
0.0136420055703016
0.0056719438514217
0.0000000000000000
0.0000000000000000
0.0000000000000000
0.0000000000000000
0.0000000000000000
0.0000000000000000
0.0000000000000000
0.0000000000000000
0.0000000000000000
0.0000000000000000
0.0800243904934857
0.1411953814509014
0.1547299748617316
0.1431622430692472
0.1158988661702976
0.0000000000000000
0.0000000000000000
0.0000000000000000
0.0175969639749374
0.0317492648527932
0.0268330997637267
0.0207139831493192
0.0136460961410851
0.0056690737905380
0.0000000000000000
0.0000000000000000
0.0000000000000000
0.0000000000000000
0.0000000000000000
0.0000000000000000
0.0000000000000000
0.0000000000000000
0.0000000000000000
0.0000000000000000
0.0785367383261798
0.1406797366747089
0.1545936410345231
0.1432000079877522
0.1160202347601947
0.0000000000000000
0.0000000000000000
0.0000000000000000
0.0175915729015158
0.0317464355535234
0.0268349429435448
0.0207168774682493
0.0136461433091550
0.0056613615438435
0.0000000000000000
0.0000000000000000
0.0000000000000000
0.0000000000000000
0.0000000000000000
0.0000000000000000
0.0000000000000000
0.0000000000000000
0.0000000000000000
0.0000000000000000
0.0769967219917653
0.1401424811412599
0.1544440842057417
0.1432257179359920
0.1161286752738756
0.0000000000000000
0.0000000000000000
0.0000000000000000
0.0175849207219068
0.0317407577664181
0.0268335833058574
0.0207161824865158
0.0136421182699066
0.0056487827603641
0.0000000000000000
0.0000000000000000
0.0000000000000000
0.0000000000000000
0.0000000000000000
0.0000000000000000
0.0000000000000000
0.0000000000000000
0.0000000000000000
0.0000000000000000
0.0754040660875478
0.1395833552650036
0.1542811154041510
0.1432391523006133
0.1162239486216164
0.0000000000000000
0.0000000000000000
0.0000000000000000
0.0175769946800490
0.0317322008788341
0.0268289883527332
0.0207118669905893
0.0136339934676085
0.0056313144721434
0.0000000000000000
0.0000000000000000
0.0000000000000000
0.0000000000000000
0.0000000000000000
0.0000000000000000
0.0000000000000000
0.0000000000000000
0.0000000000000000
0.0000000000000000
0.0737585658866976
0.1390020934163665
0.1541045450909583
0.1432400924401279
0.1163058203338739
0.0000000000000000
0.0000000000000000
0.0000000000000000
0.0175677820691182
0.0317207347573099
0.0268211264584872
0.0207039009830227
0.0136217427014714
0.0056089352309326
0.0000000000000000
0.0000000000000000
0.0000000000000000
0.0000000000000000
0.0000000000000000
0.0000000000000000
0.0000000000000000
0.0000000000000000
0.0000000000000000
0.0000000000000000
0.0720601049053447
0.1383984251782401
0.1539141837391771
0.1432283219788382
0.1163740607154956
0.0000000000000000
0.0000000000000000
0.0000000000000000
0.0175572702641880
0.0317063297981341
0.0268099669034339
0.0206922557059933
0.0136053411305605
0.0055816251502949
0.0000000000000000
0.0000000000000000
0.0000000000000000
0.0000000000000000
0.0000000000000000
0.0000000000000000
0.0000000000000000
0.0000000000000000
0.0000000000000000
0.0000000000000000
0.0703086766334170
0.1377720773878758
0.1537098425015134
0.1432036268133793
0.1164284444652403
0.0000000000000000
0.0000000000000000
0.0000000000000000
0.0175454467372424
0.0316889569139392
0.0267954798246381
0.0206769035573780
0.0135847651647134
0.0055493658245582
0.0000000000000000
0.0000000000000000
0.0000000000000000
0.0000000000000000
0.0000000000000000
0.0000000000000000
0.0000000000000000
0.0000000000000000
0.0000000000000000
0.0000000000000000
0.0685044109829289
0.1371227770821968
0.1534913340243437
0.1431657948838790
0.1164687498551110
0.0000000000000000
0.0000000000000000
0.0000000000000000
0.0175322990638849
0.0316685874809193
0.0267776361052072
0.0206578179395228
0.0135599922748584
0.0055121401855808
0.0000000000000000
0.0000000000000000
0.0000000000000000
0.0000000000000000
0.0000000000000000
0.0000000000000000
0.0000000000000000
0.0000000000000000
0.0000000000000000
0.0000000000000000
0.0666476054969883
0.1364502553388093
0.1532584735153615
0.1431146159306362
0.1164947577403438
0.0000000000000000
0.0000000000000000
0.0000000000000000
0.0175178149372996
0.0316451932933134
0.0267564072715697
0.0206349731101633
0.0135310008131722
0.0054699323886085
0.0000000000000000
0.0000000000000000
0.0000000000000000
0.0000000000000000
0.0000000000000000
0.0000000000000000
0.0000000000000000
0.0000000000000000
0.0000000000000000
0.0000000000000000
0.0647387613023991
0.1357542520124875
0.1530110801603843
0.1430498814257191
0.1165062507267109
0.0000000000000000
0.0000000000000000
0.0000000000000000
0.0175019822057779
0.0316187465663831
0.0267317654386464
0.0206083440933221
0.0134977698993282
0.0054227278083841
0.0000000000000000
0.0000000000000000
0.0000000000000000
0.0000000000000000
0.0000000000000000
0.0000000000000000
0.0000000000000000
0.0000000000000000
0.0000000000000000
0.0000000000000000
0.0627786231091657
0.1350345210567733
0.1527489788417175
0.1429713847721575
0.1165030125760580
0.0000000000000000
0.0000000000000000
0.0000000000000000
0.0174847889279579
0.0315892199810549
0.0267036833054119
0.0205779066374126
0.0134602793582738
0.0053705131023850
0.0000000000000000
0.0000000000000000
0.0000000000000000
0.0000000000000000
0.0000000000000000
0.0000000000000000
0.0000000000000000
0.0000000000000000
0.0000000000000000
0.0000000000000000
0.0607682212675238
0.1342908357058626
0.1524720018543963
0.1428789216176535
0.1164848278367316
0.0000000000000000
0.0000000000000000
0.0000000000000000
0.0174662234209639
0.0315565867203808
0.0266721341405228
0.0205436371633478
0.0134185096265347
0.0053132762491237
0.0000000000000000
0.0000000000000000
0.0000000000000000
0.0000000000000000
0.0000000000000000
0.0000000000000000
0.0000000000000000
0.0000000000000000
0.0000000000000000
0.0000000000000000
0.0587089120575470
0.1335229921064805
0.1521799901095423
0.1427722901475277
0.1164514816281293
0.0000000000000000
0.0000000000000000
0.0000000000000000
0.0174462742712448
0.0315208204511232
0.0266370917216143
0.0205055126537812
0.0133724415841661
0.0052510064871188
0.0000000000000000
0.0000000000000000
0.0000000000000000
0.0000000000000000
0.0000000000000000
0.0000000000000000
0.0000000000000000
0.0000000000000000
0.0000000000000000
0.0000000000000000
0.0566024122032974
0.1327308098717934
0.1518727933702652
0.1426512913514269
0.1164027598910915
0.0000000000000000
0.0000000000000000
0.0000000000000000
0.0174249303045199
0.0314818952682469
0.0265985302674631
0.0204635105541443
0.0133220563799539
0.0051836942593890
0.0000000000000000
0.0000000000000000
0.0000000000000000
0.0000000000000000
0.0000000000000000
0.0000000000000000
0.0000000000000000
0.0000000000000000
0.0000000000000000
0.0000000000000000
0.0544508255567311
0.1319141288855556
0.1515502694772109
0.1425157295859024
0.1163384506131785
0.0000000000000000
0.0000000000000000
0.0000000000000000
0.0174021805521428
0.0314397857107441
0.0265564245034759
0.0204176088455221
0.0132673354689756
0.0051113314290515
0.0000000000000000
0.0000000000000000
0.0000000000000000
0.0000000000000000
0.0000000000000000
0.0000000000000000
0.0000000000000000
0.0000000000000000
0.0000000000000000
0.0000000000000000
0.0522566646137547
0.1310728031501834
0.1512122830771802
0.1423654138772588
0.1162583465638502
0.0000000000000000
0.0000000000000000
0.0000000000000000
0.0173780142801514
0.0313944669890073
0.0265107500191209
0.0203677864849446
0.0132082610745086
0.0050339120668731
0.0000000000000000
0.0000000000000000
0.0000000000000000
0.0000000000000000
0.0000000000000000
0.0000000000000000
0.0000000000000000
0.0000000000000000
0.0000000000000000
0.0000000000000000
0.0500228729694781
0.1302066939508280
0.1508587046912514
0.1422001602467495
0.1161622495595156
0.0000000000000000
0.0000000000000000
0.0000000000000000
0.0173524211295924
0.0313459155040402
0.0264614839809241
0.0203140242648934
0.0131448171553810
0.0049514339153081
0.0000000000000000
0.0000000000000000
0.0000000000000000
0.0000000000000000
0.0000000000000000
0.0000000000000000
0.0000000000000000
0.0000000000000000
0.0000000000000000
0.0000000000000000
0.0477528554362996
0.1293156646137302
0.1504894107357798
0.1420197948519354
0.1160499756209113
0.0000000000000000
0.0000000000000000
0.0000000000000000
0.0173253913637162
0.0312941095874691
0.0264086060894714
0.0202563059474464
0.0130769906895990
0.0048639003320732
0.0000000000000000
0.0000000000000000
0.0000000000000000
0.0000000000000000
0.0000000000000000
0.0000000000000000
0.0000000000000000
0.0000000000000000
0.0000000000000000
0.0000000000000000
0.0454505185901661
0.1283995779595305
0.1501042844496732
0.1418241572731544
0.1159213598717338
0.0000000000000000
0.0000000000000000
0.0000000000000000
0.0172969161503170
0.0156195150794829
0.0263520995229974
0.0201946193603556
0.0130047729111666
0.0047713222607370
0.0000000000000000
0.0000000000000000
0.0000000000000000
0.0000000000000000
0.0000000000000000
0.0000000000000000
0.0000000000000000
0.0000000000000000
0.0000000000000000
0.0000000000000000
0.0431203195141991
0.1274582956964298
0.1497032170440600
0.1416131030574377
0.1157762600957715
0.0000000000000000
0.0000000000000000
0.0000000000000000
0.0172669877843167
0.0155903308615393
0.0262919515985921
0.0201289571386294
0.0129281601274693
0.0046737197996499
0.0000000000000000
0.0000000000000000
0.0000000000000000
0.0000000000000000
0.0000000000000000
0.0000000000000000
0.0000000000000000
0.0000000000000000
0.0000000000000000
0.0000000000000000
0.0407673174986992
0.1264916781178453
0.1492861082375934
0.1413865049237247
0.1156145583266546
0.0000000000000000
0.0000000000000000
0.0000000000000000
0.0172355997812716
0.0155594959689966
0.0262281540021397
0.0200593169586473
0.0128471539409381
0.0045711231529737
0.0000000000000000
0.0000000000000000
0.0000000000000000
0.0000000000000000
0.0000000000000000
0.0000000000000000
0.0000000000000000
0.0000000000000000
0.0000000000000000
0.0000000000000000
0.0383972245073512
0.1254995829234840
0.1488528657961883
0.1411442525614079
0.1154361606249778
0.0000000000000000
0.0000000000000000
0.0000000000000000
0.0172027468392289
0.0155270059638620
0.0261607026275114
0.0199857013137821
0.0127617609457459
0.0044635730919552
0.0000000000000000
0.0000000000000000
0.0000000000000000
0.0000000000000000
0.0000000000000000
0.0000000000000000
0.0000000000000000
0.0000000000000000
0.0000000000000000
0.0000000000000000
0.0360164530797740
0.1244818633498079
0.1484034043493811
0.1408862514513780
0.1152409955977829
0.0000000000000000
0.0000000000000000
0.0000000000000000
0.0171684247201602
0.0154928579331877
0.0260895971813007
0.0199081170319780
0.0126719921340419
0.0043511212310720
0.0000000000000000
0.0000000000000000
0.0000000000000000
0.0000000000000000
0.0000000000000000
0.0000000000000000
0.0000000000000000
0.0000000000000000
0.0000000000000000
0.0000000000000000
0.0336321623581336
0.1234383666764579
0.1479376441392128
0.1406124213339791
0.1150290123797652
0.0000000000000000
0.0000000000000000
0.0000000000000000
0.0171326301173051
0.0154570503107350
0.0260148407359867
0.0198265747321422
0.0125778622456258
0.0042338304377697
0.0000000000000000
0.0000000000000000
0.0000000000000000
0.0000000000000000
0.0000000000000000
0.0000000000000000
0.0000000000000000
0.0000000000000000
0.0000000000000000
0.0000000000000000
0.0312523012573641
0.1223689341227014
0.1474555102124830
0.1403226947541030
0.1148001785629581
0.0000000000000000
0.0000000000000000
0.0000000000000000
0.0170953605480433
0.0154195827215527
0.0259364393233830
0.0197410883334741
0.0124793891829296
0.0041117755490954
0.0000000000000000
0.0000000000000000
0.0000000000000000
0.0000000000000000
0.0000000000000000
0.0000000000000000
