0.0000000000000000
0.0000000000000000
0.0000000000000000
0.0000000000000000
0.0000000000000000
0.0000000000000000
0.0000000000000000
0.0000000000000000
0.0000000000000000
0.0353942490368733
0.0388923078634916
0.0815257321787170
0.1169726771692686
0.1415641720617251
0.1520764904113892
0.1454082886788655
0.1173043774853388
0.0582955948530969
0.0000000000000000
0.0000000000000000
0.0000000000000000
0.0000000000000000
0.0000000000000000
0.0000000000000000
0.0000000000000000
0.0000000000000000
0.0000000000000000
0.0000000000000000
0.0000000000000000
0.0000000000000000
0.0000000000000000
0.0000000000000000
0.0000000000000000
0.0353572074126354
0.0386204613121191
0.0813188802688779
0.1168549121365836
0.1415510075204566
0.1521739247977203
0.1456113298621477
0.1175926474757299
0.0586015344440738
0.0000000000000000
0.0000000000000000
0.0000000000000000
0.0000000000000000
0.0000000000000000
0.0000000000000000
0.0000000000000000
0.0000000000000000
0.0000000000000000
0.0000000000000000
0.0000000000000000
0.0000000000000000
0.0000000000000000
0.0000000000000000
0.0000000000000000
0.0353182738041209
0.0383589138261933
0.0811231090316119
0.1167482295314861
0.1415478402823967
0.1522787079068952
0.1458164499694633
0.1178720129215130
0.0588726300475078
0.0000000000000000
0.0000000000000000
0.0000000000000000
0.0000000000000000
0.0000000000000000
0.0000000000000000
0.0000000000000000
0.0000000000000000
0.0000000000000000
0.0000000000000000
0.0000000000000000
0.0000000000000000
0.0000000000000000
0.0000000000000000
0.0000000000000000
0.0352774580921196
0.0381079025516886
0.0809385819600699
0.1166527019833999
0.1415546426936123
0.1523907108600973
0.1460234265246905
0.1181421695297486
0.0591084243849190
0.0000000000000000
0.0000000000000000
0.0000000000000000
0.0000000000000000
0.0000000000000000
0.0000000000000000
0.0000000000000000
0.0000000000000000
0.0000000000000000
0.0000000000000000
0.0000000000000000
0.0000000000000000
0.0000000000000000
0.0000000000000000
0.0000000000000000
0.0352347692783323
0.0378676524949815
0.0807654487159311
0.1165683874174269
0.1415713722227300
0.1525097899951653
0.1462320210640371
0.1184027883530193
0.0593084063675353
0.0000000000000000
0.0000000000000000
0.0000000000000000
0.0000000000000000
0.0000000000000000
0.0000000000000000
0.0000000000000000
0.0000000000000000
0.0000000000000000
0.0000000000000000
0.0000000000000000
0.0000000000000000
0.0000000000000000
0.0000000000000000
0.0000000000000000
0.0351902155584504
0.0376383782202280
0.0806038467297436
0.1164953303747758
0.1415979723889520
0.1526357872590045
0.1464419788033205
0.1186535143352350
0.0594720072842589
0.0000000000000000
0.0000000000000000
0.0000000000000000
0.0000000000000000
0.0000000000000000
0.0000000000000000
0.0000000000000000
0.0000000000000000
0.0000000000000000
0.0000000000000000
0.0000000000000000
0.0000000000000000
0.0000000000000000
0.0000000000000000
0.0000000000000000
0.0351438043568635
0.0374202847108726
0.0804539020065227
0.1164335627379436
0.1416343733163138
0.1527685305098417
0.1466530285727688
0.1188939656154246
0.0595985985704618
0.0000000000000000
0.0000000000000000
0.0000000000000000
0.0000000000000000
0.0000000000000000
0.0000000000000000
0.0000000000000000
0.0000000000000000
0.0000000000000000
0.0000000000000000
0.0000000000000000
0.0000000000000000
0.0000000000000000
0.0000000000000000
0.0000000000000000
0.0350955423368013
0.0372135674542356
0.0803157292851162
0.1163831039009665
0.1416804919168544
0.1529078336942813
0.1468648829313409
0.1191237333977872
0.0596874910411739
0.0000000000000000
0.0000000000000000
0.0000000000000000
0.0000000000000000
0.0000000000000000
0.0000000000000000
0.0000000000000000
0.0000000000000000
0.0000000000000000
0.0000000000000000
0.0000000000000000
0.0000000000000000
0.0000000000000000
0.0000000000000000
0.0000000000000000
0.0350454354046028
0.0370184120529015
0.0801894316892362
0.1163439605428562
0.1417362317937073
0.1530534968797356
0.1470772383248440
0.1193423821828325
0.0597379351038872
0.0000000000000000
0.0000000000000000
0.0000000000000000
0.0000000000000000
0.0000000000000000
0.0000000000000000
0.0000000000000000
0.0000000000000000
0.0000000000000000
0.0000000000000000
0.0000000000000000
0.0000000000000000
0.0000000000000000
0.0000000000000000
0.0000000000000000
0.0349934887293009
0.0368351626057533
0.0800751002128139
0.1163161262100226
0.1418014829691625
0.1532053061671068
0.1472897751993523
0.1195494500193406
0.0597491214528080
0.0000000000000000
0.0000000000000000
0.0000000000000000
0.0000000000000000
0.0000000000000000
0.0000000000000000
0.0000000000000000
0.0000000000000000
0.0000000000000000
0.0000000000000000
0.0000000000000000
0.0000000000000000
0.0000000000000000
0.0000000000000000
0.0000000000000000
0.0349397067948485
0.0367948768523697
0.0799728133371049
0.1162995810138810
0.1418761216579960
0.1533630335423347
0.1475021579360561
0.1197444484925976
0.0597201814737164
0.0000000000000000
0.0000000000000000
0.0000000000000000
0.0000000000000000
0.0000000000000000
0.0000000000000000
0.0000000000000000
0.0000000000000000
0.0000000000000000
0.0000000000000000
0.0000000000000000
0.0000000000000000
0.0000000000000000
0.0000000000000000
0.0000000000000000
0.0348840935053466
0.0367525636112492
0.0798826371829347
0.1162942917084688
0.1419600102550002
0.1535264367407100
0.1477140345450955
0.1199268620744636
0.0596501867198253
0.0000000000000000
0.0000000000000000
0.0000000000000000
0.0000000000000000
0.0000000000000000
0.0000000000000000
0.0000000000000000
0.0000000000000000
0.0000000000000000
0.0000000000000000
0.0000000000000000
0.0000000000000000
0.0000000000000000
0.0000000000000000
0.0000000000000000
0.0348266523493396
0.0367082146567641
0.0798046263481210
0.1163002123303847
0.1420529976544578
0.1536952591597528
0.1479250360722164
0.1200961467804056
0.0595381471880233
0.0000000000000000
0.0000000000000000
0.0000000000000000
0.0000000000000000
0.0000000000000000
0.0000000000000000
0.0000000000000000
0.0000000000000000
0.0000000000000000
0.0000000000000000
0.0000000000000000
0.0000000000000000
0.0000000000000000
0.0000000000000000
0.0000000000000000
0.0347673866290716
0.0366618216315626
0.0797388253319143
0.1163172852443864
0.1421549198014345
0.1538692297864227
0.1481347757683502
0.1202517282508080
0.0593830089233818
0.0000000000000000
0.0000000000000000
0.0000000000000000
0.0000000000000000
0.0000000000000000
0.0000000000000000
0.0000000000000000
0.0000000000000000
0.0000000000000000
0.0000000000000000
0.0000000000000000
0.0000000000000000
0.0000000000000000
0.0000000000000000
0.0000000000000000
0.0347062997481599
0.0366133762481257
0.0796852701753514
0.1163454423405946
0.1422656002647144
0.1540480630366825
0.1483428480897850
0.1203929996354779
0.0591836517568248
0.0000000000000000
0.0000000000000000
0.0000000000000000
0.0000000000000000
0.0000000000000000
0.0000000000000000
0.0000000000000000
0.0000000000000000
0.0000000000000000
0.0000000000000000
0.0000000000000000
0.0000000000000000
0.0000000000000000
0.0000000000000000
0.0000000000000000
0.0346433955528651
0.0365628705374580
0.0796439900057184
0.1163846060714202
0.1423848506562660
0.1542314584670670
0.1485488276394944
0.1205193195646815
0.0589388879842868
0.0000000000000000
0.0000000000000000
0.0000000000000000
0.0000000000000000
0.0000000000000000
0.0000000000000000
0.0000000000000000
0.0000000000000000
0.0000000000000000
0.0000000000000000
0.0000000000000000
0.0000000000000000
0.0000000000000000
0.0000000000000000
0.0000000000000000
0.0345786786933737
0.0365102971234900
0.0796150083559986
0.1164346903479629
0.1425124709690171
0.1544191004929545
0.1487522682246472
0.1206300103695886
0.0586474617993245
0.0000000000000000
0.0000000000000000
0.0000000000000000
0.0000000000000000
0.0000000000000000
0.0000000000000000
0.0000000000000000
0.0000000000000000
0.0000000000000000
0.0000000000000000
0.0000000000000000
0.0000000000000000
0.0000000000000000
0.0000000000000000
0.0000000000000000
0.0345121549291269
0.0364556494563435
0.0795983443892020
0.1164956014559093
0.1426482501106740
0.1546106584565961
0.1489527023591205
0.1207243566228363
0.0583080489878435
0.0000000000000000
0.0000000000000000
0.0000000000000000
0.0000000000000000
0.0000000000000000
0.0000000000000000
0.0000000000000000
0.0000000000000000
0.0000000000000000
0.0000000000000000
0.0000000000000000
0.0000000000000000
0.0000000000000000
0.0000000000000000
0.0000000000000000
0.0344438312590832
0.0363989219095436
0.0795940139021431
0.1165672390829298
0.1427919668492379
0.1548057873810459
0.1491496415850149
0.1208016043034744
0.0579192565178934
0.0000000000000000
0.0000000000000000
0.0000000000000000
0.0000000000000000
0.0000000000000000
0.0000000000000000
0.0000000000000000
0.0000000000000000
0.0000000000000000
0.0000000000000000
0.0000000000000000
0.0000000000000000
0.0000000000000000
0.0000000000000000
0.0000000000000000
0.0343737157754149
0.0363401096702926
0.0796020296790415
0.1166494970858849
0.1429433909939255
0.1550041294379761
0.1493425778970159
0.1208609610715729
0.0574796230921486
0.0000000000000000
0.0000000000000000
0.0000000000000000
0.0000000000000000
0.0000000000000000
0.0000000000000000
0.0000000000000000
0.0000000000000000
0.0000000000000000
0.0000000000000000
0.0000000000000000
0.0000000000000000
0.0000000000000000
0.0000000000000000
0.0000000000000000
0.0343018172302306
0.0362792084409624
0.0796224003085749
0.1167422632362567
0.1431022841425398
0.1552053156719664
0.1495309861408061
0.1209015982930668
0.0569876229176050
0.0000000000000000
0.0000000000000000
0.0000000000000000
0.0000000000000000
0.0000000000000000
0.0000000000000000
0.0000000000000000
0.0000000000000000
0.0000000000000000
0.0000000000000000
0.0000000000000000
0.0000000000000000
0.0000000000000000
0.0000000000000000
0.0000000000000000
0.0342281444446034
0.0362162140734289
0.0796551268711578
0.1168454171674168
0.1432683992034822
0.1554089672273705
0.1497143268987022
0.1209226549610691
0.0564416751646565
0.0000000000000000
0.0000000000000000
0.0000000000000000
0.0000000000000000
0.0000000000000000
0.0000000000000000
0.0000000000000000
0.0000000000000000
0.0000000000000000
0.0000000000000000
0.0000000000000000
0.0000000000000000
0.0000000000000000
0.0000000000000000
0.0000000000000000
0.0341527057641690
0.0361511223052665
0.0797001975814611
0.1169588264405674
0.1434414783063677
0.1556146954957525
0.1498920491683824
0.1209232431265107
0.0558401599599648
0.0000000000000000
0.0000000000000000
0.0000000000000000
0.0000000000000000
0.0000000000000000
0.0000000000000000
0.0000000000000000
0.0000000000000000
0.0000000000000000
0.0000000000000000
0.0000000000000000
0.0000000000000000
0.0000000000000000
0.0000000000000000
0.0000000000000000
0.0340755087363986
0.0360839287047805
0.0797575814637287
0.1170823414746015
0.1436212495656566
0.1558221012022666
0.1500635923784087
0.1209024537414527
0.0551814393567218
0.0000000000000000
0.0000000000000000
0.0000000000000000
0.0000000000000000
0.0000000000000000
0.0000000000000000
0.0000000000000000
0.0000000000000000
0.0000000000000000
0.0000000000000000
0.0000000000000000
0.0000000000000000
0.0000000000000000
0.0000000000000000
0.0000000000000000
0.0339965600360401
0.0360146288044662
0.0798272226180008
0.1172157908020240
0.1438074237789957
0.1560307730850248
0.1502283876941622
0.1208593617112009
0.0544638796101270
0.0000000000000000
0.0000000000000000
0.0000000000000000
0.0000000000000000
0.0000000000000000
0.0000000000000000
0.0000000000000000
0.0000000000000000
0.0000000000000000
0.0000000000000000
0.0000000000000000
0.0000000000000000
0.0000000000000000
0.0000000000000000
0.0000000000000000
0.0339158655310258
0.0359432182891166
0.0799090364460210
0.1173589779287239
0.1439996922747236
0.1562402870398942
0.1503858588962135
0.1207930291989653
0.0536858712685874
0.0000000000000000
0.0000000000000000
0.0000000000000000
0.0000000000000000
0.0000000000000000
0.0000000000000000
0.0000000000000000
0.0000000000000000
0.0000000000000000
0.0000000000000000
0.0000000000000000
0.0000000000000000
0.0000000000000000
0.0000000000000000
0.0000000000000000
0.0338334303328702
0.0358696930970802
0.0800029083420750
0.1175116804394934
0.1441977264961276
0.1564502062744863
0.1505354231462615
0.1207025068663963
0.0528458452051258
0.0000000000000000
0.0000000000000000
0.0000000000000000
0.0000000000000000
0.0000000000000000
0.0000000000000000
0.0000000000000000
0.0000000000000000
0.0000000000000000
0.0000000000000000
0.0000000000000000
0.0000000000000000
0.0000000000000000
0.0000000000000000
0.0000000000000000
0.0337492587545051
0.0357940493791544
0.0801086945609425
0.1176736510491516
0.1444011791616185
0.1566600823984586
0.1506764916968077
0.1205868332793625
0.0519422856262426
0.0000000000000000
0.0000000000000000
0.0000000000000000
0.0000000000000000
0.0000000000000000
0.0000000000000000
0.0000000000000000
0.0000000000000000
0.0000000000000000
0.0000000000000000
0.0000000000000000
0.0000000000000000
0.0000000000000000
0.0000000000000000
0.0000000000000000
0.0336633542118755
0.0357557965693366
0.0802262243876780
0.1178446198178109
0.1446096862768265
0.1568694569411047
0.1508084704021322
0.1204450330411298
0.0509737426656174
0.0000000000000000
0.0000000000000000
0.0000000000000000
0.0000000000000000
0.0000000000000000
0.0000000000000000
0.0000000000000000
0.0000000000000000
0.0000000000000000
0.0000000000000000
0.0000000000000000
0.0000000000000000
0.0000000000000000
0.0000000000000000
0.0000000000000000
0.0335757191676494
0.0358316662555929
0.0803553028909646
0.1180242967284559
0.1448228692933383
0.1570778627554005
0.1509307598437609
0.1202761142262070
0.0499388475605947
0.0000000000000000
0.0000000000000000
0.0000000000000000
0.0000000000000000
0.0000000000000000
0.0000000000000000
0.0000000000000000
0.0000000000000000
0.0000000000000000
0.0000000000000000
0.0000000000000000
0.0000000000000000
0.0000000000000000
0.0000000000000000
0.0000000000000000
0.0334863551783385
0.0359207405241335
0.0804957137240810
0.1182123741951564
0.1450403370317541
0.1572848250758510
0.1510427550648606
0.1200790655097040
0.0488363323719438
0.0000000000000000
0.0000000000000000
0.0000000000000000
0.0000000000000000
0.0000000000000000
0.0000000000000000
