0.0000000000000000
0.0000000000000000
0.0000000000000000
0.0000000000000000
0.0878721043530305
0.1438491522001310
0.1552806917056165
0.1426949298581328
0.1149129201099213
0.0775480669519021
0.0371092490808098
0.0000000000000000
0.0000000000000000
0.0000000000000000
0.0133783361495106
0.0206231004395287
0.0135619655653243
0.0056145747311849
0.0000000000000000
0.0000000000000000
0.0000000000000000
0.0000000000000000
0.0000000000000000
0.0000000000000000
0.0000000000000000
0.0000000000000000
0.0000000000000000
0.0000000000000000
0.0866904415501953
0.1434581235171879
0.1552198106096349
0.1428003334623909
0.1151066332842094
0.0777787479356699
0.0370869150226816
0.0000000000000000
0.0000000000000000
0.0000000000000000
0.0133885060424790
0.0206468183019830
0.0135858027801138
0.0056355080646030
0.0000000000000000
0.0000000000000000
0.0000000000000000
0.0000000000000000
0.0000000000000000
0.0000000000000000
0.0000000000000000
0.0000000000000000
0.0000000000000000
0.0000000000000000
0.0854588836423578
0.1430468870029594
0.1551468073136839
0.1428950265979188
0.1152889284586601
0.0779966205741943
0.0370626049605859
0.0000000000000000
0.0000000000000000
0.0000000000000000
0.0133971790231589
0.0206671552866611
0.0136057572548047
0.0056517394283143
0.0000000000000000
0.0000000000000000
0.0000000000000000
0.0000000000000000
0.0000000000000000
0.0000000000000000
0.0000000000000000
0.0000000000000000
0.0000000000000000
0.0000000000000000
0.0841769722082287
0.1426152300100464
0.1550615032785802
0.1429787827223001
0.1154595443924576
0.0782014177089159
0.0370363156791790
0.0000000000000000
0.0000000000000000
0.0000000000000000
0.0134043368123674
0.0206840740310710
0.0136217943552871
0.0056632379221678
0.0000000000000000
0.0000000000000000
0.0000000000000000
0.0000000000000000
0.0000000000000000
0.0000000000000000
0.0000000000000000
0.0000000000000000
0.0000000000000000
0.0000000000000000
0.0828442544887910
0.1421629302553769
0.1549637179049066
0.1430513768517725
0.1156182246732025
0.0783928801659683
0.0370080432864025
0.0000000000000000
0.0000000000000000
0.0000000000000000
0.0134099615593387
0.0206975384271073
0.0136338809168529
0.0056699743546346
0.0000000000000000
0.0000000000000000
0.0000000000000000
0.0000000000000000
0.0000000000000000
0.0000000000000000
0.0000000000000000
0.0000000000000000
0.0000000000000000
0.0000000000000000
0.0814602934361410
0.1416897569780834
0.1548532685206994
0.1431125848129813
0.1157647165032999
0.0785707552197386
0.0369777832301388
0.0000000000000000
0.0000000000000000
0.0000000000000000
0.0134140357380386
0.0207075133729888
0.0136419849506574
0.0056719208747307
0.0000000000000000
0.0000000000000000
0.0000000000000000
0.0000000000000000
0.0000000000000000
0.0000000000000000
0.0000000000000000
0.0000000000000000
0.0000000000000000
0.0000000000000000
0.0800246772879469
0.1411954716810151
0.1547299704767660
0.1431621829521565
0.1158987701289834
0.0787347958703065
0.0369455303099843
0.0000000000000000
0.0000000000000000
0.0000000000000000
0.0134165421027514
0.0207139646583233
0.0136460755043685
0.0056690507809553
0.0000000000000000
0.0000000000000000
0.0000000000000000
0.0000000000000000
0.0000000000000000
0.0000000000000000
0.0000000000000000
0.0000000000000000
0.0000000000000000
0.0000000000000000
0.0785370290864834
0.1406798285481390
0.1545936373443062
0.1431999482108886
0.1160201388700172
0.0788847608052211
0.0369112786895198
0.0000000000000000
0.0000000000000000
0.0000000000000000
0.0134174636924137
0.0207168589701130
0.0136461226535626
0.0056613384989482
0.0000000000000000
0.0000000000000000
0.0000000000000000
0.0000000000000000
0.0000000000000000
0.0000000000000000
0.0000000000000000
0.0000000000000000
0.0000000000000000
0.0000000000000000
0.0769970168011610
0.1401425747035641
0.1544440812189890
0.1432256584983357
0.1161285795311039
0.0790204148593734
0.0368750219200574
0.0000000000000000
0.0000000000000000
0.0000000000000000
0.0134167838726783
0.0207161639799321
0.0136420975936489
0.0056487596777671
0.0000000000000000
0.0000000000000000
0.0000000000000000
0.0000000000000000
0.0000000000000000
0.0000000000000000
0.0000000000000000
0.0000000000000000
0.0000000000000000
0.0000000000000000
0.0754043650198422
0.1395834505623778
0.1542811131295048
0.1432390932010490
0.1162238530225046
0.0791415296789687
0.0368367529821316
0.0000000000000000
0.0000000000000000
0.0000000000000000
0.0134144863945818
0.0207118484742617
0.0136339727689099
0.0056312913494963
0.0000000000000000
0.0000000000000000
0.0000000000000000
0.0000000000000000
0.0000000000000000
0.0000000000000000
0.0000000000000000
0.0000000000000000
0.0000000000000000
0.0000000000000000
0.0737588690045431
0.1390021904956722
0.1541045435369953
0.1432400336774526
0.1163057248746686
0.0792478842775070
0.0369012468014130
0.0000000000000000
0.0000000000000000
0.0000000000000000
0.0134105554452846
0.0207038824556659
0.0136217219785698
0.0056089120659377
0.0000000000000000
0.0000000000000000
0.0000000000000000
0.0000000000000000
0.0000000000000000
0.0000000000000000
0.0000000000000000
0.0000000000000000
0.0000000000000000
0.0000000000000000
0.0720604122582786
0.1383985240870289
0.1539141829144156
0.1432282635517677
0.1163739653924444
0.0793392650876694
0.0369761169732864
0.0000000000000000
0.0000000000000000
0.0000000000000000
0.0134049756649471
0.0206922371663338
0.0136053203817070
0.0055816019407162
0.0000000000000000
0.0000000000000000
0.0000000000000000
0.0000000000000000
0.0000000000000000
0.0000000000000000
0.0000000000000000
0.0000000000000000
0.0000000000000000
0.0000000000000000
0.0703089882556123
0.1377721781744062
0.1537098424144168
0.1432035687205538
0.1164283492745982
0.0794154653770612
0.0370347190979252
0.0000000000000000
0.0000000000000000
0.0000000000000000
0.0133977321221057
0.0206768850041552
0.0135847443881720
0.0055493425682330
0.0000000000000000
0.0000000000000000
0.0000000000000000
0.0000000000000000
0.0000000000000000
0.0000000000000000
0.0000000000000000
0.0000000000000000
0.0000000000000000
0.0000000000000000
0.0685047268906212
0.1371228797954427
0.1534913346833205
0.1431657371238657
0.1164686547931463
0.0794762840677658
0.0370769010212515
0.0000000000000000
0.0000000000000000
0.0000000000000000
0.0133888102583182
0.0206577993714891
0.0135599714689054
0.0055121168804337
0.0000000000000000
0.0000000000000000
0.0000000000000000
0.0000000000000000
0.0000000000000000
0.0000000000000000
0.0000000000000000
0.0000000000000000
0.0000000000000000
0.0000000000000000
0.0666479256855452
0.1364503600284544
0.1532584749287606
0.1431145585019308
0.1164946628033418
0.0795215243701498
0.0371025169954174
0.0000000000000000
0.0000000000000000
0.0000000000000000
0.0000000000000000
0.0206349545260853
0.0135309799760959
0.0054699090326664
0.0000000000000000
0.0000000000000000
0.0000000000000000
0.0000000000000000
0.0000000000000000
0.0000000000000000
0.0000000000000000
0.0000000000000000
0.0000000000000000
0.0000000000000000
0.0647390857429966
0.1357543587289053
0.1530110823364836
0.1430498243267423
0.1165061559109769
0.0795509925395931
0.0371114263458442
0.0000000000000000
0.0000000000000000
0.0000000000000000
0.0000000000000000
0.0206083254919808
0.0134977490294282
0.0054227043997941
0.0000000000000000
0.0000000000000000
0.0000000000000000
0.0000000000000000
0.0000000000000000
0.0000000000000000
0.0000000000000000
0.0000000000000000
0.0000000000000000
0.0000000000000000
0.0627789517450359
0.1350346298509889
0.1527489817887072
0.1429713280012504
0.1165029178779177
0.0795644969218663
0.0371034923975775
0.0000000000000000
0.0000000000000000
0.0000000000000000
0.0000000000000000
0.0205778880176040
0.0134602584538604
0.0053704896394344
0.0000000000000000
0.0000000000000000
0.0000000000000000
0.0000000000000000
0.0000000000000000
0.0000000000000000
0.0000000000000000
0.0000000000000000
0.0000000000000000
0.0000000000000000
0.0607685540097588
0.1342909466295000
0.1524720055803555
0.1428788651730685
0.1164847332525310
0.0795618471978429
0.0370785815779502
0.0182999549568487
0.0000000000000000
0.0000000000000000
0.0000000000000000
0.0205436185238829
0.0134184886859284
0.0053132527302634
0.0000000000000000
0.0000000000000000
0.0000000000000000
0.0000000000000000
0.0000000000000000
0.0000000000000000
0.0000000000000000
0.0000000000000000
0.0000000000000000
0.0000000000000000
0.0587092487804431
0.1335231052116945
0.1521799946224131
0.1427722340274191
0.1164513871542330
0.0795428538639686
0.0370365626644034
0.0182764283623830
0.0000000000000000
0.0000000000000000
0.0000000000000000
0.0205054939934867
0.0133724206056966
0.0052509829109905
0.0000000000000000
0.0000000000000000
0.0000000000000000
0.0000000000000000
0.0000000000000000
0.0000000000000000
0.0000000000000000
0.0000000000000000
0.0000000000000000
0.0000000000000000
0.0566027527392444
0.1327309252112008
0.1518727986778257
0.1426512355538412
0.1164026655238808
0.0795073283199816
0.0369773066331025
0.0182516893685963
0.0000000000000000
0.0000000000000000
0.0000000000000000
0.0204634918718625
0.0133220353619589
0.0051836706248557
0.0000000000000000
0.0000000000000000
0.0000000000000000
0.0000000000000000
0.0000000000000000
0.0000000000000000
0.0000000000000000
0.0000000000000000
0.0000000000000000
0.0000000000000000
0.0544511696906494
0.1319142465121743
0.1515502755870546
0.1425156741087705
0.1163383563490501
0.0794550843213904
0.0369006879321925
0.0182257306020132
0.0000000000000000
0.0000000000000000
0.0000000000000000
0.0204175901401108
0.0132673144097992
0.0051113077352329
0.0000000000000000
0.0000000000000000
0.0000000000000000
0.0000000000000000
0.0000000000000000
0.0000000000000000
0.0000000000000000
0.0000000000000000
0.0000000000000000
0.0000000000000000
0.0522570120770873
0.1310729231173907
0.1512122899967042
0.1423653587183944
0.1162582523992181
0.0793859413666594
0.0368065879674594
0.0181985448331056
0.0000000000000000
0.0000000000000000
0.0000000000000000
0.0203677677552771
0.0132082399725001
0.0050338883131874
0.0000000000000000
0.0000000000000000
0.0000000000000000
0.0000000000000000
0.0000000000000000
0.0000000000000000
0.0000000000000000
0.0000000000000000
0.0000000000000000
0.0000000000000000
0.0500232234337291
0.1302068163123419
0.1508587124276575
0.1422001054038540
0.1161621554908172
0.0792997300484917
0.0366949007657516
0.0181701249842986
0.0000000000000000
0.0000000000000000
0.0000000000000000
0.0203140055098587
0.0131447960088927
0.0049514101015203
0.0000000000000000
0.0000000000000000
0.0000000000000000
0.0000000000000000
0.0000000000000000
0.0000000000000000
0.0000000000000000
0.0000000000000000
0.0000000000000000
0.0000000000000000
0.0477532085061222
0.1293157894236094
0.1504894192960858
0.1420197403226101
0.1160498816446172
0.0791962984062877
0.0365655398866477
0.0181404642414851
0.0000000000000000
0.0000000000000000
0.0000000000000000
0.0202562871659501
0.0130769694969855
0.0048638764583519
0.0000000000000000
0.0000000000000000
0.0000000000000000
0.0000000000000000
0.0000000000000000
0.0000000000000000
0.0000000000000000
0.0000000000000000
0.0000000000000000
0.0000000000000000
0.0454508737960267
0.1283997052721851
0.1501042938407331
0.1418241030549181
0.1159212659843622
0.0790755178864739
0.0364184448585237
0.0181095562293166
0.0000000000000000
0.0000000000000000
0.0000000000000000
0.0201946005513203
0.0130047516707843
0.0047712983277220
0.0000000000000000
0.0000000000000000
0.0000000000000000
0.0000000000000000
0.0000000000000000
0.0000000000000000
0.0000000000000000
0.0000000000000000
0.0000000000000000
0.0000000000000000
0.0431206763046862
0.1274584255666376
0.1497032272725893
0.1416130491477483
0.1157761662939053
0.0789372875209808
0.0362535856669212
0.0180773951700132
0.0000000000000000
0.0000000000000000
0.0000000000000000
0.0201289383009968
0.0129281388376759
0.0046736958085301
0.0000000000000000
0.0000000000000000
0.0000000000000000
0.0000000000000000
0.0000000000000000
0.0000000000000000
0.0000000000000000
0.0000000000000000
0.0000000000000000
0.0000000000000000
0.0407676752326039
0.1264918106007668
0.1492861193101959
0.1413864513200020
0.1156144646069584
0.0787815357131036
0.0360709645149417
0.0180439759575115
0.0000000000000000
0.0000000000000000
0.0000000000000000
0.0200592980913790
0.0128471326000920
0.0045710991055787
0.0000000000000000
0.0000000000000000
0.0000000000000000
0.0000000000000000
0.0000000000000000
0.0000000000000000
0.0000000000000000
0.0000000000000000
0.0000000000000000
0.0000000000000000
0.0383975824457088
0.1254997180746794
0.1488528777193852
0.1411441992610570
0.1154360669842163
0.0786082198153204
0.0358706151504984
0.0180092941312126
0.0000000000000000
0.0000000000000000
0.0000000000000000
0.0199856824158610
0.0127617395522061
0.0044635489908608
0.0000000000000000
0.0000000000000000
0.0000000000000000
0.0000000000000000
0.0000000000000000
0.0000000000000000
0.0000000000000000
0.0000000000000000
0.0000000000000000
0.0000000000000000
0.0360168103781312
0.1244820012252557
0.1484034171296410
0.1408861984518124
0.1152409020328371
0.0784173242690567
0.0357177943778716
0.0179733457888196
0.0000000000000000
0.0000000000000000
0.0000000000000000
0.0199080981024093
0.0126719706861669
0.0043510970797237
0.0000000000000000
0.0000000000000000
0.0000000000000000
0.0000000000000000
0.0000000000000000
0.0000000000000000
0.0000000000000000
0.0000000000000000
0.0000000000000000
0.0000000000000000
0.0336325180593951
0.1234385073325722
0.1479376577829806
0.1406123686326420
0.1150289188876479
0.0782088580980758
0.0356378966515729
0.0179361274952779
0.0000000000000000
0.0000000000000000
0.0000000000000000
0.0198265557699541
0.0125778407417723
0.0042338062406255
0.0000000000000000
0.0000000000000000
0.0000000000000000
0.0000000000000000
0.0000000000000000
0.0000000000000000
0.0000000000000000
0.0000000000000000
0.0000000000000000
0.0000000000000000
0.0312526542857043
0.1223690776163436
0.1474555247262079
0.1403226423484872
0.1148000851408268
0.0779828523294921
0.0355558688556282
0.0178976362243962
0.0000000000000000
0.0000000000000000
0.0000000000000000
0.0197410693377178
0.0124793676214512
0.0041117513117931
0.0000000000000000
0.0000000000000000
0.0000000000000000
0.0000000000000000
0.0000000000000000
0.0000000000000000
