0.0000000000000000
0.0000000000000000
0.0000000000000000
0.0000000000000000
0.0255082704744233
0.0642141198857890
0.0942843190216815
0.1128720037701071
0.1190141410517256
0.1127275865045890
0.0949454821590451
0.0674892337022824
0.0000000000000000
0.0000000000000000
0.0000000000000000
0.0000000000000000
0.0000000000000000
0.0000000000000000
0.0000000000000000
0.0000000000000000
0.0000000000000000
0.0000000000000000
0.0000000000000000
0.0000000000000000
0.0000000000000000
0.0000000000000000
0.0000000000000000
0.0000000000000000
0.0251411343281049
0.0640185807759659
0.0942443419123366
0.1129671423299298
0.1192278481508665
0.1130414898097435
0.0953372717283453
0.0679323717053268
0.0000000000000000
0.0000000000000000
0.0000000000000000
0.0000000000000000
0.0000000000000000
0.0000000000000000
0.0000000000000000
0.0000000000000000
0.0000000000000000
0.0000000000000000
0.0000000000000000
0.0000000000000000
0.0000000000000000
0.0000000000000000
0.0000000000000000
0.0000000000000000
0.0247688410861491
0.0638299510758254
0.0942172610119055
0.1130777376392172
0.1194577373580426
0.1133711734125883
0.0957437186637929
0.0683886282150169
0.0000000000000000
0.0000000000000000
0.0000000000000000
0.0000000000000000
0.0000000000000000
0.0000000000000000
0.0000000000000000
0.0000000000000000
0.0000000000000000
0.0000000000000000
0.0000000000000000
0.0000000000000000
0.0000000000000000
0.0000000000000000
0.0000000000000000
0.0000000000000000
0.0243909637047924
0.0636480442514762
0.0942029449571906
0.1132036176154776
0.1197035718415240
0.1137163377065727
0.0961644747033693
0.0688576271252029
0.0000000000000000
0.0000000000000000
0.0000000000000000
0.0000000000000000
0.0000000000000000
0.0000000000000000
0.0000000000000000
0.0000000000000000
0.0000000000000000
0.0000000000000000
0.0000000000000000
0.0000000000000000
0.0000000000000000
0.0000000000000000
0.0000000000000000
0.0000000000000000
0.0240070392105066
0.0634726482590070
0.0942012441304292
0.1133445947686374
0.1199651016387016
0.1140766724421076
0.0965991836863139
0.0693389872850645
0.0000000000000000
0.0000000000000000
0.0000000000000000
0.0000000000000000
0.0000000000000000
0.0000000000000000
0.0000000000000000
0.0000000000000000
0.0000000000000000
0.0000000000000000
0.0000000000000000
0.0000000000000000
0.0000000000000000
0.0000000000000000
0.0000000000000000
0.0000000000000000
0.0236165719112802
0.0633035272524786
0.0942119921786236
0.1135004673304487
0.1202420643374009
0.1144518569675915
0.0970474814044203
0.0698323220078438
0.0000000000000000
0.0000000000000000
0.0000000000000000
0.0000000000000000
0.0000000000000000
0.0000000000000000
0.0000000000000000
0.0000000000000000
0.0000000000000000
0.0000000000000000
0.0000000000000000
0.0000000000000000
0.0000000000000000
0.0000000000000000
0.0000000000000000
0.0000000000000000
0.0232190361733158
0.0631404225941742
0.0942350070174372
0.1136710200631917
0.1205341856721035
0.1148415606099586
0.0975089957717081
0.0703372390868080
0.0000000000000000
0.0000000000000000
0.0000000000000000
0.0000000000000000
0.0000000000000000
0.0000000000000000
0.0000000000000000
0.0000000000000000
0.0000000000000000
0.0000000000000000
0.0000000000000000
0.0000000000000000
0.0000000000000000
0.0000000000000000
0.0000000000000000
0.0000000000000000
0.0228138789487139
0.0629830532466318
0.0942700913260959
0.1138560247396768
0.1208411799619429
0.1152454430742028
0.0979833471955356
0.0708533411041100
0.0000000000000000
0.0000000000000000
0.0000000000000000
0.0000000000000000
0.0000000000000000
0.0000000000000000
0.0000000000000000
0.0000000000000000
0.0000000000000000
0.0000000000000000
0.0000000000000000
0.0000000000000000
0.0000000000000000
0.0000000000000000
0.0000000000000000
0.0000000000000000
0.0224005223223636
0.0628311156782547
0.0943170326267156
0.1140552402786175
0.1211627503204135
0.1156631547281318
0.0984701489166093
0.0713802258396116
0.0000000000000000
0.0000000000000000
0.0000000000000000
0.0000000000000000
0.0000000000000000
0.0000000000000000
0.0000000000000000
0.0000000000000000
0.0000000000000000
0.0000000000000000
0.0000000000000000
0.0000000000000000
0.0000000000000000
0.0000000000000000
0.0000000000000000
0.0000000000000000
0.0219783664940782
0.0626842835541519
0.0943756030838607
0.1142684126233470
0.1214985886234162
0.1160943366713574
0.0989690071829079
0.0719174865018660
0.0000000000000000
0.0000000000000000
0.0000000000000000
0.0000000000000000
0.0000000000000000
0.0000000000000000
0.0000000000000000
0.0000000000000000
0.0000000000000000
0.0000000000000000
0.0000000000000000
0.0000000000000000
0.0000000000000000
0.0000000000000000
0.0000000000000000
0.0000000000000000
0.0215467935630717
0.0625422075013026
0.0944455592936123
0.1144952745003372
0.1218483752853355
0.1165386205490257
0.0994795210919973
0.0724647116130979
0.0000000000000000
0.0000000000000000
0.0000000000000000
0.0000000000000000
0.0000000000000000
0.0000000000000000
0.0000000000000000
0.0000000000000000
0.0000000000000000
0.0000000000000000
0.0000000000000000
0.0000000000000000
0.0000000000000000
0.0000000000000000
0.0000000000000000
0.0000000000000000
0.0211051726321595
0.0624045153194820
0.0945266423009422
0.1147355452496538
0.1222117789286811
0.1169956280848643
0.1000012820187760
0.0730214843358334
0.0000000000000000
0.0000000000000000
0.0000000000000000
0.0000000000000000
0.0000000000000000
0.0000000000000000
0.0000000000000000
0.0000000000000000
0.0000000000000000
0.0000000000000000
0.0000000000000000
0.0000000000000000
0.0000000000000000
0.0000000000000000
0.0000000000000000
0.0000000000000000
0.0206528665239024
0.0622708128736126
0.0946185780783821
0.1149889308509751
0.1225884560140313
0.1174649703585970
0.1005338725751884
0.0735873811887830
0.0000000000000000
0.0000000000000000
0.0000000000000000
0.0000000000000000
0.0000000000000000
0.0000000000000000
0.0000000000000000
0.0000000000000000
0.0000000000000000
0.0000000000000000
0.0000000000000000
0.0000000000000000
0.0000000000000000
0.0000000000000000
0.0000000000000000
0.0000000000000000
0.0201892403093241
0.0621406856935861
0.0947210784030626
0.1152551241187685
0.1229780504005644
0.1179462467936281
0.1010768651150104
0.0741619701621304
0.0000000000000000
0.0000000000000000
0.0000000000000000
0.0000000000000000
0.0000000000000000
0.0000000000000000
0.0000000000000000
0.0000000000000000
0.0000000000000000
0.0000000000000000
0.0000000000000000
0.0000000000000000
0.0000000000000000
0.0000000000000000
0.0000000000000000
0.0000000000000000
0.0197136715970837
0.0620137010256234
0.0948338419233581
0.1155338048531583
0.1233801926984816
0.1184390438067287
0.1016298197831367
0.0747448083257575
0.0000000000000000
0.0000000000000000
0.0000000000000000
0.0000000000000000
0.0000000000000000
0.0000000000000000
0.0000000000000000
0.0000000000000000
0.0000000000000000
0.0000000000000000
0.0000000000000000
0.0000000000000000
0.0000000000000000
0.0000000000000000
0.0000000000000000
0.0000000000000000
0.0192255625497816
0.0618894101132805
0.0949565551365357
0.1158246397704445
0.1237944993063136
0.1189429330931099
0.1021922822017296
0.0753354390610600
0.0000000000000000
0.0000000000000000
0.0000000000000000
0.0000000000000000
0.0000000000000000
0.0000000000000000
0.0000000000000000
0.0000000000000000
0.0000000000000000
0.0000000000000000
0.0000000000000000
0.0000000000000000
0.0000000000000000
0.0000000000000000
0.0000000000000000
0.0000000000000000
0.0187243535196748
0.0617673505327876
0.0950888932713094
0.1161272822794988
0.1242205713222127
0.1194574698312270
0.1027637811152798
0.0759333893308771
0.0000000000000000
0.0000000000000000
0.0000000000000000
0.0000000000000000
0.0000000000000000
0.0000000000000000
0.0000000000000000
0.0000000000000000
0.0000000000000000
0.0000000000000000
0.0000000000000000
0.0000000000000000
0.0000000000000000
0.0000000000000000
0.0000000000000000
0.0000000000000000
0.0182095379712889
0.0616470486111008
0.0952305213306921
0.1164413725975687
0.1246579939481358
0.1199821915291853
0.1033438268074817
0.0765381677745249
0.0000000000000000
0.0000000000000000
0.0000000000000000
0.0000000000000000
0.0000000000000000
0.0000000000000000
0.0000000000000000
0.0000000000000000
0.0000000000000000
0.0000000000000000
0.0000000000000000
0.0000000000000000
0.0000000000000000
0.0000000000000000
0.0000000000000000
0.0000000000000000
0.0176806778026981
0.0615280216858569
0.0953810955801412
0.1167665387715905
0.1251063372036530
0.1205166184950765
0.1039319113639923
0.0771492648130827
0.0000000000000000
0.0000000000000000
0.0000000000000000
0.0000000000000000
0.0000000000000000
0.0000000000000000
0.0000000000000000
0.0000000000000000
0.0000000000000000
0.0000000000000000
0.0000000000000000
0.0000000000000000
0.0000000000000000
0.0000000000000000
0.0000000000000000
0.0000000000000000
0.0171374179371332
0.0614097795670138
0.0955402653007083
0.1171023987865450
0.1255651583601298
0.1210602565361033
0.1045275115519395
0.0777661555797922
0.0000000000000000
0.0000000000000000
0.0000000000000000
0.0000000000000000
0.0000000000000000
0.0000000000000000
0.0000000000000000
0.0000000000000000
0.0000000000000000
0.0000000000000000
0.0000000000000000
0.0000000000000000
0.0000000000000000
0.0000000000000000
0.0000000000000000
0.0000000000000000
0.0165794993278283
0.0612918243326762
0.0957076740731565
0.1174485631030463
0.1260340055756536
0.1216126015029928
0.1051300940383269
0.0783883055711839
0.0000000000000000
0.0000000000000000
0.0000000000000000
0.0000000000000000
0.0000000000000000
0.0000000000000000
0.0000000000000000
0.0000000000000000
0.0000000000000000
0.0000000000000000
0.0000000000000000
0.0000000000000000
0.0000000000000000
0.0000000000000000
0.0000000000000000
0.0000000000000000
0.0160067708424014
0.0611736477741023
0.0958829595155216
0.1178046363594327
0.1265124213255328
0.1221731442057479
0.1057391215051591
0.0790151775696770
0.0000000000000000
0.0000000000000000
0.0000000000000000
0.0000000000000000
0.0000000000000000
0.0000000000000000
0.0000000000000000
0.0000000000000000
0.0000000000000000
0.0000000000000000
0.0000000000000000
0.0000000000000000
0.0000000000000000
0.0000000000000000
0.0000000000000000
0.0000000000000000
0.0154192017119762
0.0610547267626217
0.0960657509042428
0.1181702170953352
0.1269999441160702
0.1227413739347656
0.1063540576788922
0.0796462378231716
0.0000000000000000
0.0000000000000000
0.0000000000000000
0.0000000000000000
0.0000000000000000
0.0000000000000000
0.0000000000000000
0.0000000000000000
0.0000000000000000
0.0000000000000000
0.0000000000000000
0.0000000000000000
0.0000000000000000
0.0000000000000000
0.0000000000000000
0.0000000000000000
0.0148168968975607
0.0609345176130756
0.0962556650327921
0.1185448953353932
0.1274961078667264
0.1233167795844481
0.1069743700240955
0.0802809599705894
0.0000000000000000
0.0000000000000000
0.0000000000000000
0.0000000000000000
0.0000000000000000
0.0000000000000000
0.0000000000000000
0.0000000000000000
0.0000000000000000
0.0000000000000000
0.0000000000000000
0.0000000000000000
0.0000000000000000
0.0000000000000000
0.0000000000000000
0.0000000000000000
0.0142001169096090
0.0608124510265500
0.0964523016095184
0.1189282490654353
0.1280004397150868
0.1238988488444421
0.1075995302214780
0.0809188266226866
0.0000000000000000
0.0000000000000000
0.0000000000000000
0.0000000000000000
0.0000000000000000
0.0000000000000000
0.0000000000000000
0.0000000000000000
0.0000000000000000
0.0000000000000000
0.0000000000000000
0.0000000000000000
0.0000000000000000
0.0000000000000000
0.0000000000000000
0.0000000000000000
0.0135693021653200
0.0606879287425836
0.0966552397794828
0.1193198412869839
0.1285124578779223
0.1244870669550839
0.1082290137929517
0.0815593297093244
0.0000000000000000
0.0000000000000000
0.0000000000000000
0.0000000000000000
0.0000000000000000
0.0000000000000000
0.0000000000000000
0.0000000000000000
0.0000000000000000
0.0000000000000000
0.0000000000000000
0.0000000000000000
0.0000000000000000
0.0000000000000000
0.0000000000000000
0.0000000000000000
0.0129251007152846
0.0605603222445046
0.0968640367075604
0.1197192189248887
0.1290316709950036
0.1250809164959016
0.1088623002751323
0.0822019709648073
0.0000000000000000
0.0000000000000000
0.0000000000000000
0.0000000000000000
0.0000000000000000
0.0000000000000000
0.0000000000000000
0.0000000000000000
0.0000000000000000
0.0000000000000000
0.0000000000000000
0.0000000000000000
0.0000000000000000
0.0000000000000000
0.0000000000000000
0.0000000000000000
0.0122683980289553
0.0604289730905614
0.0970782282610784
0.1201259138014892
0.1295575793010682
0.1256798786477564
0.1094988744732706
0.0828462630696058
0.0000000000000000
0.0000000000000000
0.0000000000000000
0.0000000000000000
0.0000000000000000
0.0000000000000000
0.0000000000000000
0.0000000000000000
0.0000000000000000
0.0000000000000000
0.0000000000000000
0.0000000000000000
0.0000000000000000
0.0000000000000000
0.0000000000000000
0.0000000000000000
0.0116003480922352
0.0602931942444601
0.0972973309928119
0.1205394449042562
0.1300896768872351
0.1262834352665662
0.1101382282188511
0.0834917310394015
0.0000000000000000
0.0000000000000000
0.0000000000000000
0.0000000000000000
0.0000000000000000
0.0000000000000000
0.0000000000000000
0.0000000000000000
0.0000000000000000
0.0000000000000000
0.0000000000000000
0.0000000000000000
0.0000000000000000
0.0000000000000000
0.0000000000000000
0.0000000000000000
0.0109224057002710
0.0601522719077518
0.0975208445613213
0.1209593208663554
0.1306274539450434
0.1268910707021023
0.1107798616735777
0.0841379129716276
0.0000000000000000
0.0000000000000000
0.0000000000000000
0.0000000000000000
0.0000000000000000
0.0000000000000000
0.0000000000000000
0.0000000000000000
0.0000000000000000
0.0000000000000000
0.0000000000000000
0.0000000000000000
0.0000000000000000
0.0000000000000000
0.0000000000000000
0.0000000000000000
0.0102363594578100
0.0600054677111736
0.0977482540133328
0.1213850420083050
0.1311703983207438
0.1275022727536323
0.1114232836399252
0.0847843597687217
0.0000000000000000
0.0000000000000000
0.0000000000000000
0.0000000000000000
0.0000000000000000
0.0000000000000000
0.0000000000000000
0.0000000000000000
0.0000000000000000
0.0000000000000000
0.0000000000000000
0.0000000000000000
