0.0000000000000000
0.0000000000000000
0.0000000000000000
0.0000000000000000
0.0878718019851395
0.1438490512231632
0.1552806951859245
0.1426949977406977
0.1149130301404439
0.0387741006060346
0.0000000000000000
0.0000000000000000
0.0352070768070075
0.0317081781338239
0.0267566928092111
0.0206231263646378
0.0135619962224641
0.0056146110221823
0.0000000000000000
0.0000000000000000
0.0000000000000000
0.0000000000000000
0.0000000000000000
0.0000000000000000
0.0000000000000000
0.0000000000000000
0.0000000000000000
0.0000000000000000
0.0866901353854692
0.1434580208604298
0.1552198132879288
0.1428004009122158
0.1151067430993293
0.0388894410706299
0.0000000000000000
0.0000000000000000
0.0352108955360305
0.0317217801012063
0.0267770325579885
0.0206468441982308
0.0135858334182954
0.0056355443507682
0.0000000000000000
0.0000000000000000
0.0000000000000000
0.0000000000000000
0.0000000000000000
0.0000000000000000
0.0000000000000000
0.0000000000000000
0.0000000000000000
0.0000000000000000
0.0854585735319069
0.1430467826074042
0.1551468091745634
0.1428950936135150
0.1152890380620116
0.0389983773652686
0.0000000000000000
0.0000000000000000
0.0352123436406435
0.0317327233330890
0.0267943784827402
0.0206671811547989
0.0136057878756256
0.0056517757121975
0.0000000000000000
0.0000000000000000
0.0000000000000000
0.0000000000000000
0.0000000000000000
0.0000000000000000
0.0000000000000000
0.0000000000000000
0.0000000000000000
0.0000000000000000
0.0841766580058700
0.1426151238158515
0.1550615043066883
0.1429788493023064
0.1154596537877347
0.0391007759106521
0.0000000000000000
0.0000000000000000
0.0352113960606900
0.0317409754673214
0.0268086940251220
0.0206840998718612
0.0136218249603409
0.0056632742063558
0.0000000000000000
0.0000000000000000
0.0000000000000000
0.0000000000000000
0.0000000000000000
0.0000000000000000
0.0000000000000000
0.0000000000000000
0.0000000000000000
0.0000000000000000
0.0828439360518150
0.1421628222018053
0.1549637180849120
0.1430514429949435
0.1156183338641473
0.0391965071198241
0.0000000000000000
0.0000000000000000
0.0352080277305436
0.0317465045593087
0.0268199434836225
0.0206975642413218
0.0136339115077292
0.0056700106417365
0.0000000000000000
0.0000000000000000
0.0000000000000000
0.0000000000000000
0.0000000000000000
0.0000000000000000
0.0000000000000000
0.0000000000000000
0.0000000000000000
0.0000000000000000
0.0814599706262251
0.1416896470034499
0.1548532678372822
0.1431126505181776
0.1157648254936935
0.0392854446299496
0.0000000000000000
0.0000000000000000
0.0352022134790870
0.0317492789266394
0.0268280918061925
0.0207075391614083
0.0136420155289420
0.0056719571673642
0.0000000000000000
0.0000000000000000
0.0000000000000000
0.0000000000000000
0.0000000000000000
0.0000000000000000
0.0000000000000000
0.0000000000000000
0.0000000000000000
0.0000000000000000
0.0800243499722312
0.1411953597226344
0.1547299689146054
0.1431622482183362
0.1158988789226366
0.0393674649410353
0.0000000000000000
0.0000000000000000
0.0351939279884505
0.0317492670818613
0.0268331045014183
0.0207139904217356
0.0136461060716435
0.0056690870817332
0.0000000000000000
0.0000000000000000
0.0000000000000000
0.0000000000000000
0.0000000000000000
0.0000000000000000
0.0000000000000000
0.0000000000000000
0.0000000000000000
0.0000000000000000
0.0785366971388245
0.1406797145422757
0.1545936348880684
0.1432000130370990
0.1160202474707627
0.0394424473968193
0.0000000000000000
0.0000000000000000
0.0351831458085812
0.0317464377466017
0.0268349476471897
0.0207168847093128
0.0136461532114069
0.0056613748104655
0.0000000000000000
0.0000000000000000
0.0000000000000000
0.0000000000000000
0.0000000000000000
0.0000000000000000
0.0000000000000000
0.0000000000000000
0.0000000000000000
0.0000000000000000
0.0769966801035915
0.1401424585853815
0.1544440778533149
0.1432257228837056
0.1161286879427874
0.0395102744147060
0.0000000000000000
0.0000000000000000
0.0351698414156323
0.0317407599227816
0.0268335879748278
0.0207161896957195
0.0136421281436383
0.0056487960025865
0.0000000000000000
0.0000000000000000
0.0000000000000000
0.0000000000000000
0.0000000000000000
0.0000000000000000
0.0000000000000000
0.0000000000000000
0.0000000000000000
0.0000000000000000
0.0754040234642582
0.1395833322658876
0.1542811088389978
0.1432391571447794
0.1162239612489752
0.0395708318177525
0.0000000000000000
0.0000000000000000
0.0351539892975018
0.0317322029977794
0.0268289929864201
0.0207118741674413
0.0136340033126175
0.0056313276901343
0.0000000000000000
0.0000000000000000
0.0000000000000000
0.0000000000000000
0.0000000000000000
0.0000000000000000
0.0000000000000000
0.0000000000000000
0.0000000000000000
0.0000000000000000
0.0737585224946595
0.1390020699536858
0.1541045383062096
0.1432400971788087
0.1163058329197719
0.0396240091126593
0.0000000000000000
0.0000000000000000
0.0351355640405628
0.0317207368381549
0.0268211310562999
0.0207039081270460
0.0136217525175665
0.0056089484248485
0.0000000000000000
0.0000000000000000
0.0000000000000000
0.0000000000000000
0.0000000000000000
0.0000000000000000
0.0000000000000000
0.0000000000000000
0.0000000000000000
0.0000000000000000
0.0720600607118827
0.1383984012311115
0.1539141767278455
0.1432283266100707
0.1163740732600116
0.0396696995157128
0.0000000000000000
0.0000000000000000
0.0351145403949832
0.0317063318402183
0.0268099714648001
0.0206922628167252
0.0136053509175616
0.0055816383202748
0.0000000000000000
0.0000000000000000
0.0000000000000000
0.0000000000000000
0.0000000000000000
0.0000000000000000
0.0000000000000000
0.0000000000000000
0.0000000000000000
0.0000000000000000
0.0703086316071636
0.1377720529348400
0.1537098352564897
0.1432036313351748
0.1164284569684399
0.0397077996606581
0.0000000000000000
0.0000000000000000
0.0350908933047524
0.0316889589166236
0.0267954843490040
0.0206769106343706
0.0135847749224521
0.0055493789707169
0.0000000000000000
0.0000000000000000
0.0000000000000000
0.0000000000000000
0.0000000000000000
0.0000000000000000
0.0000000000000000
0.0000000000000000
0.0000000000000000
0.0000000000000000
0.0685043650942390
0.1371227521012010
0.1534913265383950
0.1431657992942227
0.1164687623170459
0.0397382090084751
0.0000000000000000
0.0000000000000000
0.0350645979210989
0.0316685894435867
0.0267776405920372
0.0206578249823427
0.0135600020031782
0.0055121533080023
0.0000000000000000
0.0000000000000000
0.0000000000000000
0.0000000000000000
0.0000000000000000
0.0000000000000000
0.0000000000000000
0.0000000000000000
0.0000000000000000
0.0000000000000000
0.0666475587184270
0.1364502298071907
0.1532584657811309
0.1431146202274888
0.1164947701610521
0.0397608291642825
0.0000000000000000
0.0000000000000000
0.0350356296304132
0.0316451952153689
0.0267564117203472
0.0206349801183922
0.0135310105119291
0.0054699454873378
0.0000000000000000
0.0000000000000000
0.0000000000000000
0.0000000000000000
0.0000000000000000
0.0000000000000000
0.0000000000000000
0.0000000000000000
0.0000000000000000
0.0000000000000000
0.0647387136093167
0.1357542259069621
0.1530110721703919
0.1430498856070172
0.1165062631062176
0.0397755632557029
0.0000000000000000
0.0000000000000000
0.0350039641293007
0.0316187484472547
0.0267317698488743
0.0206083510665572
0.0134977795683918
0.0054227408834194
0.0000000000000000
0.0000000000000000
0.0000000000000000
0.0000000000000000
0.0000000000000000
0.0000000000000000
0.0000000000000000
0.0000000000000000
0.0000000000000000
0.0000000000000000
0.0627785744803641
0.1350344943534269
0.1527489705883636
0.1429713888358175
0.1165030249143760
0.0397823154555515
0.0000000000000000
0.0000000000000000
0.0349695775350612
0.0315892218201946
0.0267036876766134
0.0205779135752674
0.0134602889975280
0.0053705261536675
0.0000000000000000
0.0000000000000000
0.0000000000000000
0.0000000000000000
0.0000000000000000
0.0000000000000000
0.0000000000000000
0.0000000000000000
0.0000000000000000
0.0000000000000000
0.0607681716860264
0.1342908083801481
0.1524719933299659
0.1428789255615736
0.1164848401338629
0.0397809906041940
0.0000000000000000
0.0000000000000000
0.0349324464819684
0.0315565885172653
0.0266721384722422
0.0205436440654530
0.0134185192358791
0.0053132892765275
0.0000000000000000
0.0000000000000000
0.0000000000000000
0.0000000000000000
0.0000000000000000
0.0000000000000000
0.0000000000000000
0.0000000000000000
0.0000000000000000
0.0000000000000000
0.0587088615114807
0.1335229641332159
0.1521799813062116
0.1427722939695934
0.1164514938840671
0.0397714939497801
0.0000000000000000
0.0000000000000000
0.0348925481429452
0.0315208222052553
0.0266370960134180
0.0205055195197856
0.0133724511635174
0.0052510194904381
0.0000000000000000
0.0000000000000000
0.0000000000000000
0.0000000000000000
0.0000000000000000
0.0000000000000000
0.0000000000000000
0.0000000000000000
0.0000000000000000
0.0000000000000000
0.0566023606868892
0.1327307812251616
0.1518727842801074
0.1426512950495140
0.1164027721058223
0.0397537311921051
0.0000000000000000
0.0000000000000000
0.0348498601694569
0.0314818969791562
0.0265985345189405
0.0204635173837156
0.0133220659292466
0.0051837072383239
0.0000000000000000
0.0000000000000000
0.0000000000000000
0.0000000000000000
0.0000000000000000
0.0000000000000000
0.0000000000000000
0.0000000000000000
0.0000000000000000
0.0000000000000000
0.0544507730714284
0.1319140995391019
0.1515502600922013
0.1425157331578807
0.1163384627866829
0.0397276092088484
0.0000000000000000
0.0000000000000000
0.0348043606242380
0.0314397873779873
0.0265564287142396
0.0204176156383471
0.0132673449881632
0.0051113443831905
0.0000000000000000
0.0000000000000000
0.0000000000000000
0.0000000000000000
0.0000000000000000
0.0000000000000000
0.0000000000000000
0.0000000000000000
0.0000000000000000
0.0000000000000000
0.0522566111694768
0.1310727730768086
0.1512122733891977
0.1423654173209943
0.1162583586961043
0.0396930377491667
0.0000000000000000
0.0000000000000000
0.0347560280393908
0.0313944686121686
0.0265107541888069
0.0203677932407295
0.0132082705635642
0.0050339249956727
0.0000000000000000
0.0000000000000000
0.0000000000000000
0.0000000000000000
0.0000000000000000
0.0000000000000000
0.0000000000000000
0.0000000000000000
0.0000000000000000
0.0000000000000000
0.0500228185860116
0.1302066631227772
0.1508586946920791
0.1422001635601042
0.1161622616504910
0.0000000000000000
0.0000000000000000
0.0000000000000000
0.0347048416970356
0.0313459170827304
0.0264614881091910
0.0203140309833631
0.0131448266142967
0.0049514468180691
0.0000000000000000
0.0000000000000000
0.0000000000000000
0.0000000000000000
0.0000000000000000
0.0000000000000000
0.0000000000000000
0.0000000000000000
0.0000000000000000
0.0000000000000000
0.0477528001448485
0.1293156330025805
0.1504894004171018
0.1420197980327669
0.1160499876705741
0.0000000000000000
0.0000000000000000
0.0000000000000000
0.0346507821236993
0.0312941111213251
0.0264086101759998
0.0202563126283440
0.0130770001183860
0.0048639132079115
0.0000000000000000
0.0000000000000000
0.0000000000000000
0.0000000000000000
0.0000000000000000
0.0000000000000000
0.0000000000000000
0.0000000000000000
0.0000000000000000
0.0000000000000000
0.0454504624350638
0.1283995455361770
0.1501042738030718
0.1418241603193133
0.1159213718800426
0.0000000000000000
0.0000000000000000
0.0000000000000000
0.0345938316549954
0.0312390317584920
0.0263521035674886
0.0201946260034409
0.0130047823098544
0.0047713351085510
0.0000000000000000
0.0000000000000000
0.0000000000000000
0.0000000000000000
0.0000000000000000
0.0000000000000000
0.0000000000000000
0.0000000000000000
0.0000000000000000
0.0000000000000000
0.0431202625547823
0.1274582624310760
0.1497032060610125
0.1416131059667655
0.1157762720626751
0.0000000000000000
0.0000000000000000
0.0000000000000000
0.0345339748807922
0.0311806632827065
0.0262919556007677
0.0201289637436789
0.0129281694961053
0.0046737326180827
0.0000000000000000
0.0000000000000000
0.0000000000000000
0.0000000000000000
0.0000000000000000
0.0000000000000000
0.0000000000000000
0.0000000000000000
0.0000000000000000
0.0000000000000000
0.0407672598113229
0.1264916439799933
0.1492860969094681
0.1413865076940506
0.1156145702520896
0.0000000000000000
0.0000000000000000
0.0000000000000000
0.0344711988322259
0.0311189934574939
0.0262281579617399
0.0200593235254520
0.0128471632795861
0.0045711359403685
0.0000000000000000
0.0000000000000000
0.0000000000000000
0.0000000000000000
0.0000000000000000
0.0000000000000000
0.0000000000000000
0.0000000000000000
0.0000000000000000
0.0000000000000000
0.0383971661875267
0.1254995478819254
0.1488528541142408
0.1411442551905464
0.1154361725088658
0.0000000000000000
0.0000000000000000
0.0000000000000000
0.0344054929054141
0.0310540134068872
0.0261607065442942
0.0199857078421473
0.0127617702544863
0.0044635858463052
0.0000000000000000
0.0000000000000000
0.0000000000000000
0.0000000000000000
0.0000000000000000
0.0000000000000000
0.0000000000000000
0.0000000000000000
0.0000000000000000
0.0000000000000000
0.0360163942443833
0.1244818273726144
0.1484033923047496
0.1408862539371253
0.1152410074400282
0.0000000000000000
0.0000000000000000
0.0000000000000000
0.0343368486243215
0.0309857173050092
0.0260896010550407
0.0199081235217220
0.0126720014129702
0.0043511339499618
0.0000000000000000
0.0000000000000000
0.0000000000000000
0.0000000000000000
0.0000000000000000
0.0000000000000000
0.0000000000000000
0.0000000000000000
0.0000000000000000
0.0000000000000000
0.0336321031476637
0.1234383297309705
0.1479376317229133
0.1406124236741102
0.1150290241802523
0.0000000000000000
0.0000000000000000
0.0000000000000000
0.0342652593754487
0.0309141020193999
0.0260148445664739
0.0198265811830952
0.0125778714948521
0.0042338431183081
0.0000000000000000
0.0000000000000000
0.0000000000000000
0.0000000000000000
0.0000000000000000
0.0000000000000000
0.0000000000000000
0.0000000000000000
0.0000000000000000
0.0000000000000000
0.0312522418380803
0.1223688961755208
0.1474554974154036
0.1403226969463687
0.1148001903215495
0.0000000000000000
0.0000000000000000
0.0000000000000000
0.0341907201935746
0.0308391668001725
0.0259364431104220
0.0197410947454771
0.0124793984025782
0.0041117881878374
0.0000000000000000
0.0000000000000000
0.0000000000000000
0.0000000000000000
0.0000000000000000
0.0000000000000000
