0.0000000000000000
0.0000000000000000
0.0000000000000000
0.0000000000000000
0.0255082263563361
0.0642140811301436
0.0942842896267704
0.1128719848323030
0.1190141330587487
0.1127275892774336
0.0949454947718783
0.0674892544551567
0.0000000000000000
0.0000000000000000
0.0000000000000000
0.0000000000000000
0.0000000000000000
0.0000000000000000
0.0000000000000000
0.0000000000000000
0.0000000000000000
0.0000000000000000
0.0000000000000000
0.0000000000000000
0.0000000000000000
0.0000000000000000
0.0000000000000000
0.0000000000000000
0.0251410900669026
0.0640185418710454
0.0942443124030178
0.1129671232953161
0.1192278400749439
0.1130414925152696
0.0953372842930510
0.0679323924330654
0.0000000000000000
0.0000000000000000
0.0000000000000000
0.0000000000000000
0.0000000000000000
0.0000000000000000
0.0000000000000000
0.0000000000000000
0.0000000000000000
0.0000000000000000
0.0000000000000000
0.0000000000000000
0.0000000000000000
0.0000000000000000
0.0000000000000000
0.0000000000000000
0.0247687966684724
0.0638299120140030
0.0942172313857343
0.1130777185077145
0.1194577292004031
0.1133711760528418
0.0957437311829258
0.0683886489204236
0.0000000000000000
0.0000000000000000
0.0000000000000000
0.0000000000000000
0.0000000000000000
0.0000000000000000
0.0000000000000000
0.0000000000000000
0.0000000000000000
0.0000000000000000
0.0000000000000000
0.0000000000000000
0.0000000000000000
0.0000000000000000
0.0000000000000000
0.0000000000000000
0.0243909191173056
0.0636480050249588
0.0942029152117280
0.1132035983870590
0.1197035636034569
0.1137163402836530
0.0961644871795238
0.0688576478111024
0.0000000000000000
0.0000000000000000
0.0000000000000000
0.0000000000000000
0.0000000000000000
0.0000000000000000
0.0000000000000000
0.0000000000000000
0.0000000000000000
0.0000000000000000
0.0000000000000000
0.0000000000000000
0.0000000000000000
0.0000000000000000
0.0000000000000000
0.0000000000000000
0.0240069944399526
0.0634726088598249
0.0942012142632396
0.1133445754433262
0.1199650933215546
0.1140766749581660
0.0965991961221218
0.0693390079542997
0.0000000000000000
0.0000000000000000
0.0000000000000000
0.0000000000000000
0.0000000000000000
0.0000000000000000
0.0000000000000000
0.0000000000000000
0.0000000000000000
0.0000000000000000
0.0000000000000000
0.0000000000000000
0.0000000000000000
0.0000000000000000
0.0000000000000000
0.0000000000000000
0.0236165269445461
0.0633034876724741
0.0942119621872716
0.1135004479083178
0.1202420559425794
0.1144518594248293
0.0970474938025476
0.0698323426632729
0.0000000000000000
0.0000000000000000
0.0000000000000000
0.0000000000000000
0.0000000000000000
0.0000000000000000
0.0000000000000000
0.0000000000000000
0.0000000000000000
0.0000000000000000
0.0000000000000000
0.0000000000000000
0.0000000000000000
0.0000000000000000
0.0000000000000000
0.0000000000000000
0.0232189909975140
0.0631403828249913
0.0942349768994860
0.1136710005443625
0.1205341772010689
0.1148415630106253
0.0975090081348541
0.0703372597313031
0.0000000000000000
0.0000000000000000
0.0000000000000000
0.0000000000000000
0.0000000000000000
0.0000000000000000
0.0000000000000000
0.0000000000000000
0.0000000000000000
0.0000000000000000
0.0000000000000000
0.0000000000000000
0.0000000000000000
0.0000000000000000
0.0000000000000000
0.0000000000000000
0.0228138335512803
0.0629830132797046
0.0942700610791052
0.1138560051243184
0.1208411714162117
0.1152454454205946
0.0979833595264307
0.0708533617405544
0.0000000000000000
0.0000000000000000
0.0000000000000000
0.0000000000000000
0.0000000000000000
0.0000000000000000
0.0000000000000000
0.0000000000000000
0.0000000000000000
0.0000000000000000
0.0000000000000000
0.0000000000000000
0.0000000000000000
0.0000000000000000
0.0000000000000000
0.0000000000000000
0.0224004766911769
0.0628310755047965
0.0943170022482391
0.1140552205669462
0.1211627417015566
0.1156631570225904
0.0984701612180127
0.0713802464708981
0.0000000000000000
0.0000000000000000
0.0000000000000000
0.0000000000000000
0.0000000000000000
0.0000000000000000
0.0000000000000000
0.0000000000000000
0.0000000000000000
0.0000000000000000
0.0000000000000000
0.0000000000000000
0.0000000000000000
0.0000000000000000
0.0000000000000000
0.0000000000000000
0.0219783206176003
0.0626842431651433
0.0943755725714443
0.1142683928156248
0.1214985799330571
0.1160943389162680
0.0989690194576064
0.0719175071308947
0.0000000000000000
0.0000000000000000
0.0000000000000000
0.0000000000000000
0.0000000000000000
0.0000000000000000
0.0000000000000000
0.0000000000000000
0.0000000000000000
0.0000000000000000
0.0000000000000000
0.0000000000000000
0.0000000000000000
0.0000000000000000
0.0000000000000000
0.0000000000000000
0.0215467474305169
0.0625421668874808
0.0944455286447917
0.1144952545968708
0.1218483665251490
0.1165386227468149
0.0994795333428023
0.0724647322427733
0.0000000000000000
0.0000000000000000
0.0000000000000000
0.0000000000000000
0.0000000000000000
0.0000000000000000
0.0000000000000000
0.0000000000000000
0.0000000000000000
0.0000000000000000
0.0000000000000000
0.0000000000000000
0.0000000000000000
0.0000000000000000
0.0000000000000000
0.0000000000000000
0.0211051262336943
0.0624044744713293
0.0945266115132410
0.1147355252507940
0.1222117701003923
0.1169956302379990
0.1000012942485216
0.0730215049690627
0.0000000000000000
0.0000000000000000
0.0000000000000000
0.0000000000000000
0.0000000000000000
0.0000000000000000
0.0000000000000000
0.0000000000000000
0.0000000000000000
0.0000000000000000
0.0000000000000000
0.0000000000000000
0.0000000000000000
0.0000000000000000
0.0000000000000000
0.0000000000000000
0.0206528198508802
0.0622707717813454
0.0946185471493100
0.1149889107571161
0.1225884471194145
0.1174649724695826
0.1005338847867296
0.0735874018284736
0.0000000000000000
0.0000000000000000
0.0000000000000000
0.0000000000000000
0.0000000000000000
0.0000000000000000
0.0000000000000000
0.0000000000000000
0.0000000000000000
0.0000000000000000
0.0000000000000000
0.0000000000000000
0.0000000000000000
0.0000000000000000
0.0000000000000000
0.0000000000000000
0.0201891933545595
0.0621406443471454
0.0947210473301146
0.1152551039303480
0.1229780414414425
0.1179462488650068
0.1010768773112215
0.0741619908111881
0.0000000000000000
0.0000000000000000
0.0000000000000000
0.0000000000000000
0.0000000000000000
0.0000000000000000
0.0000000000000000
0.0000000000000000
0.0000000000000000
0.0000000000000000
0.0000000000000000
0.0000000000000000
0.0000000000000000
0.0000000000000000
0.0000000000000000
0.0000000000000000
0.0197136243551730
0.0620136594146666
0.0948338107040149
0.1155337845706576
0.1233801836767262
0.1184390458410799
0.1016298319669100
0.0747448289870845
0.0000000000000000
0.0000000000000000
0.0000000000000000
0.0000000000000000
0.0000000000000000
0.0000000000000000
0.0000000000000000
0.0000000000000000
0.0000000000000000
0.0000000000000000
0.0000000000000000
0.0000000000000000
0.0000000000000000
0.0000000000000000
0.0000000000000000
0.0000000000000000
0.0192255150174737
0.0618893682271730
0.0949565237682636
0.1158246193943906
0.1237944902238457
0.1189429350930493
0.1021922943759740
0.0753354597375536
0.0000000000000000
0.0000000000000000
0.0000000000000000
0.0000000000000000
0.0000000000000000
0.0000000000000000
0.0000000000000000
0.0000000000000000
0.0000000000000000
0.0000000000000000
0.0000000000000000
0.0000000000000000
0.0000000000000000
0.0000000000000000
0.0000000000000000
0.0000000000000000
0.0187243056962977
0.0617673083605985
0.0950888617515627
0.1161272618104658
0.1242205621810036
0.1194574717994068
0.1027637932829212
0.0759334100254285
0.0000000000000000
0.0000000000000000
0.0000000000000000
0.0000000000000000
0.0000000000000000
0.0000000000000000
0.0000000000000000
0.0000000000000000
0.0000000000000000
0.0000000000000000
0.0000000000000000
0.0000000000000000
0.0000000000000000
0.0000000000000000
0.0000000000000000
0.0000000000000000
0.0182094898592399
0.0616470061415990
0.0952304896569165
0.1164413520361809
0.1246579847502090
0.1199821934682953
0.1033438389714621
0.0765381884900177
0.0000000000000000
0.0000000000000000
0.0000000000000000
0.0000000000000000
0.0000000000000000
0.0000000000000000
0.0000000000000000
0.0000000000000000
0.0000000000000000
0.0000000000000000
0.0000000000000000
0.0000000000000000
0.0000000000000000
0.0000000000000000
0.0000000000000000
0.0000000000000000
0.0176806294079985
0.0615279789075084
0.0953810637497756
0.1167665181185251
0.1251063279510861
0.1205166204078445
0.1039319235272696
0.0771492855523922
0.0000000000000000
0.0000000000000000
0.0000000000000000
0.0000000000000000
0.0000000000000000
0.0000000000000000
0.0000000000000000
0.0000000000000000
0.0000000000000000
0.0000000000000000
0.0000000000000000
0.0000000000000000
0.0000000000000000
0.0000000000000000
0.0000000000000000
0.0000000000000000
0.0171373692700558
0.0614097364679807
0.0955402333111897
0.1171023780425350
0.1255651490550559
0.1210602584252964
0.1045275237174878
0.0777661763457849
0.0000000000000000
0.0000000000000000
0.0000000000000000
0.0000000000000000
0.0000000000000000
0.0000000000000000
0.0000000000000000
0.0000000000000000
0.0000000000000000
0.0000000000000000
0.0000000000000000
0.0000000000000000
0.0000000000000000
0.0000000000000000
0.0000000000000000
0.0000000000000000
0.0165794504035998
0.0612917809008120
0.0957076419219213
0.1174485422688826
0.1260339962202628
0.1216126033714174
0.1051301062091365
0.0783883263667162
0.0000000000000000
0.0000000000000000
0.0000000000000000
0.0000000000000000
0.0000000000000000
0.0000000000000000
0.0000000000000000
0.0000000000000000
0.0000000000000000
0.0000000000000000
0.0000000000000000
0.0000000000000000
0.0000000000000000
0.0000000000000000
0.0000000000000000
0.0000000000000000
0.0160067216819871
0.0611736039969478
0.0958829272000058
0.1178046154359646
0.1265124119220719
0.1221731460562489
0.1057391336842349
0.0790151983975948
0.0000000000000000
0.0000000000000000
0.0000000000000000
0.0000000000000000
0.0000000000000000
0.0000000000000000
0.0000000000000000
0.0000000000000000
0.0000000000000000
0.0000000000000000
0.0000000000000000
0.0000000000000000
0.0000000000000000
0.0000000000000000
0.0000000000000000
0.0000000000000000
0.0154191523429538
0.0610546826273970
0.0960657184218818
0.1181701960834690
0.1269999346668409
0.1227413757702248
0.1063540698692520
0.0796462586863074
0.0000000000000000
0.0000000000000000
0.0000000000000000
0.0000000000000000
0.0000000000000000
0.0000000000000000
0.0000000000000000
0.0000000000000000
0.0000000000000000
0.0000000000000000
0.0000000000000000
0.0000000000000000
0.0000000000000000
0.0000000000000000
0.0000000000000000
0.0000000000000000
0.0148168473550874
0.0609344731066728
0.0962556323810167
0.1185448742360897
0.1274960983740820
0.1233167814077800
0.1069743822287659
0.0802809808717597
0.0000000000000000
0.0000000000000000
0.0000000000000000
0.0000000000000000
0.0000000000000000
0.0000000000000000
0.0000000000000000
0.0000000000000000
0.0000000000000000
0.0000000000000000
0.0000000000000000
0.0000000000000000
0.0000000000000000
0.0000000000000000
0.0000000000000000
0.0000000000000000
0.0142000672374866
0.0608124061355249
0.0964522687857515
0.1189282278797056
0.1280004301814270
0.1238988506585888
0.1075995424434896
0.0809188475646872
0.0000000000000000
0.0000000000000000
0.0000000000000000
0.0000000000000000
0.0000000000000000
0.0000000000000000
0.0000000000000000
0.0000000000000000
0.0000000000000000
0.0000000000000000
0.0000000000000000
0.0000000000000000
0.0000000000000000
0.0000000000000000
0.0000000000000000
0.0000000000000000
0.0135692524171509
0.0606878834531489
0.0966552067811357
0.1193198200158841
0.1285124483056876
0.1244870687630088
0.1082290260353331
0.0815593506949254
0.0000000000000000
0.0000000000000000
0.0000000000000000
0.0000000000000000
0.0000000000000000
0.0000000000000000
0.0000000000000000
0.0000000000000000
0.0000000000000000
0.0000000000000000
0.0000000000000000
0.0000000000000000
0.0000000000000000
0.0000000000000000
0.0000000000000000
0.0000000000000000
0.0129250509557089
0.0605602765425246
0.0968640035320277
0.1197191975695154
0.1290316613866688
0.1250809183005826
0.1088623125409036
0.0822019919967471
0.0000000000000000
0.0000000000000000
0.0000000000000000
0.0000000000000000
0.0000000000000000
0.0000000000000000
0.0000000000000000
0.0000000000000000
0.0000000000000000
0.0000000000000000
0.0000000000000000
0.0000000000000000
0.0000000000000000
0.0000000000000000
0.0000000000000000
0.0000000000000000
0.0122683483349496
0.0604289269615466
0.0970781949057340
0.1201258923629736
0.1295575696591364
0.1256798804521795
0.1094988867654369
0.0828462841505865
0.0000000000000000
0.0000000000000000
0.0000000000000000
0.0000000000000000
0.0000000000000000
0.0000000000000000
0.0000000000000000
0.0000000000000000
0.0000000000000000
0.0000000000000000
0.0000000000000000
0.0000000000000000
0.0000000000000000
0.0000000000000000
0.0000000000000000
0.0000000000000000
0.0116002985544464
0.0602931476735610
0.0972972974550047
0.1205394233837589
0.1300896672142313
0.1262834370737195
0.1101382405403973
0.0834917521720834
0.0000000000000000
0.0000000000000000
0.0000000000000000
0.0000000000000000
0.0000000000000000
0.0000000000000000
0.0000000000000000
0.0000000000000000
0.0000000000000000
0.0000000000000000
0.0000000000000000
0.0000000000000000
0.0000000000000000
0.0000000000000000
0.0000000000000000
0.0000000000000000
0.0109223564243404
0.0601522248797535
0.0975208108383691
0.1209592992650613
0.1306274442435091
0.1268910725149698
0.1107798740274630
0.0841379341586255
0.0000000000000000
0.0000000000000000
0.0000000000000000
0.0000000000000000
0.0000000000000000
0.0000000000000000
0.0000000000000000
0.0000000000000000
0.0000000000000000
0.0000000000000000
0.0000000000000000
0.0000000000000000
0.0000000000000000
0.0000000000000000
0.0000000000000000
0.0000000000000000
0.0102363105656345
0.0600054202104903
0.0977482201025178
0.1213850203274188
0.1311703885932317
0.1275022745751891
0.1114232960290786
0.0847843810126010
0.0000000000000000
0.0000000000000000
0.0000000000000000
0.0000000000000000
0.0000000000000000
0.0000000000000000
0.0000000000000000
0.0000000000000000
0.0000000000000000
0.0000000000000000
0.0000000000000000
0.0000000000000000
