0.0000000000000000
0.0000000000000000
0.0000000000000000
0.0000000000000000
0.0255082510991658
0.0642141032477981
0.0942843095014300
0.1128720026594354
0.1190141485727122
0.1127276021139155
0.0949455046562827
0.0674892613092881
0.0000000000000000
0.0000000000000000
0.0000000000000000
0.0000000000000000
0.0000000000000000
0.0000000000000000
0.0000000000000000
0.0000000000000000
0.0000000000000000
0.0000000000000000
0.0000000000000000
0.0000000000000000
0.0000000000000000
0.0000000000000000
0.0000000000000000
0.0000000000000000
0.0251411148910744
0.0640185640249829
0.0942443322846142
0.1129671411212098
0.1192278555861246
0.1130415053488800
0.0953372941739582
0.0679323992817637
0.0000000000000000
0.0000000000000000
0.0000000000000000
0.0000000000000000
0.0000000000000000
0.0000000000000000
0.0000000000000000
0.0000000000000000
0.0000000000000000
0.0000000000000000
0.0000000000000000
0.0000000000000000
0.0000000000000000
0.0000000000000000
0.0000000000000000
0.0000000000000000
0.0247688215807588
0.0638299342059624
0.0942172512732034
0.1130777363303248
0.1194577447063227
0.1133711888808615
0.0957437410574685
0.0683886557607480
0.0000000000000000
0.0000000000000000
0.0000000000000000
0.0000000000000000
0.0000000000000000
0.0000000000000000
0.0000000000000000
0.0000000000000000
0.0000000000000000
0.0000000000000000
0.0000000000000000
0.0000000000000000
0.0000000000000000
0.0000000000000000
0.0000000000000000
0.0000000000000000
0.0243909441244838
0.0636480272567672
0.0942029351040119
0.1132036162043276
0.1197035791016190
0.1137163531033440
0.0961644970448159
0.0688576546400958
0.0000000000000000
0.0000000000000000
0.0000000000000000
0.0000000000000000
0.0000000000000000
0.0000000000000000
0.0000000000000000
0.0000000000000000
0.0000000000000000
0.0000000000000000
0.0000000000000000
0.0000000000000000
0.0000000000000000
0.0000000000000000
0.0000000000000000
0.0000000000000000
0.0240070195487661
0.0634726311333996
0.0942012341592853
0.1133445932531817
0.1199651088094447
0.1140766877667712
0.0965992059752598
0.0693390147689901
0.0000000000000000
0.0000000000000000
0.0000000000000000
0.0000000000000000
0.0000000000000000
0.0000000000000000
0.0000000000000000
0.0000000000000000
0.0000000000000000
0.0000000000000000
0.0000000000000000
0.0000000000000000
0.0000000000000000
0.0000000000000000
0.0000000000000000
0.0000000000000000
0.0236165521616618
0.0633035099898250
0.0942119820860303
0.1135004657086743
0.1202420714176644
0.1144518722195727
0.0970475036406108
0.0698323494606733
0.0000000000000000
0.0000000000000000
0.0000000000000000
0.0000000000000000
0.0000000000000000
0.0000000000000000
0.0000000000000000
0.0000000000000000
0.0000000000000000
0.0000000000000000
0.0000000000000000
0.0000000000000000
0.0000000000000000
0.0000000000000000
0.0000000000000000
0.0000000000000000
0.0232190163294678
0.0631404051882218
0.0942349967999127
0.1136710183331192
0.1205341926607970
0.1148415757887126
0.0975090179549049
0.0703372665084126
0.0000000000000000
0.0000000000000000
0.0000000000000000
0.0000000000000000
0.0000000000000000
0.0000000000000000
0.0000000000000000
0.0000000000000000
0.0000000000000000
0.0000000000000000
0.0000000000000000
0.0000000000000000
0.0000000000000000
0.0000000000000000
0.0000000000000000
0.0000000000000000
0.0228138590044135
0.0629830356910138
0.0942700809801571
0.1138560228993587
0.1208411868580121
0.1152454581792126
0.0979833693255148
0.0708533684943588
0.0000000000000000
0.0000000000000000
0.0000000000000000
0.0000000000000000
0.0000000000000000
0.0000000000000000
0.0000000000000000
0.0000000000000000
0.0000000000000000
0.0000000000000000
0.0000000000000000
0.0000000000000000
0.0000000000000000
0.0000000000000000
0.0000000000000000
0.0000000000000000
0.0224005022715618
0.0628310979664807
0.0943170221488752
0.1140552383261366
0.1211627571228388
0.1156631697589075
0.0984701709931595
0.0713802531983701
0.0000000000000000
0.0000000000000000
0.0000000000000000
0.0000000000000000
0.0000000000000000
0.0000000000000000
0.0000000000000000
0.0000000000000000
0.0000000000000000
0.0000000000000000
0.0000000000000000
0.0000000000000000
0.0000000000000000
0.0000000000000000
0.0000000000000000
0.0000000000000000
0.0219783463309506
0.0626842656795973
0.0943755924706237
0.1142684105568146
0.1214985953312111
0.1160943516274336
0.0989690292058294
0.0719175138289947
0.0000000000000000
0.0000000000000000
0.0000000000000000
0.0000000000000000
0.0000000000000000
0.0000000000000000
0.0000000000000000
0.0000000000000000
0.0000000000000000
0.0000000000000000
0.0000000000000000
0.0000000000000000
0.0000000000000000
0.0000000000000000
0.0000000000000000
0.0000000000000000
0.0215467732820840
0.0625421894571993
0.0944455485414729
0.1144952723178914
0.1218483818975448
0.1165386354299607
0.0994795430610997
0.0724647389084506
0.0000000000000000
0.0000000000000000
0.0000000000000000
0.0000000000000000
0.0000000000000000
0.0000000000000000
0.0000000000000000
0.0000000000000000
0.0000000000000000
0.0000000000000000
0.0000000000000000
0.0000000000000000
0.0000000000000000
0.0000000000000000
0.0000000000000000
0.0000000000000000
0.0211051522281447
0.0624044970989081
0.0945266314063808
0.1147355429494576
0.1222117854443800
0.1169956428902384
0.1000013039338768
0.0730215115992557
0.0000000000000000
0.0000000000000000
0.0000000000000000
0.0000000000000000
0.0000000000000000
0.0000000000000000
0.0000000000000000
0.0000000000000000
0.0000000000000000
0.0000000000000000
0.0000000000000000
0.0000000000000000
0.0000000000000000
0.0000000000000000
0.0000000000000000
0.0000000000000000
0.0206528459921538
0.0622707944694813
0.0946185670378621
0.1149889284312160
0.1225884624323240
0.1174649850880114
0.1005338944361122
0.0735874084201111
0.0000000000000000
0.0000000000000000
0.0000000000000000
0.0000000000000000
0.0000000000000000
0.0000000000000000
0.0000000000000000
0.0000000000000000
0.0000000000000000
0.0000000000000000
0.0000000000000000
0.0000000000000000
0.0000000000000000
0.0000000000000000
0.0000000000000000
0.0000000000000000
0.0201892196457053
0.0621406670986374
0.0947210672130285
0.1152551215776569
0.1229780567205835
0.1179462614467036
0.1010768869215874
0.0741619973611901
0.0000000000000000
0.0000000000000000
0.0000000000000000
0.0000000000000000
0.0000000000000000
0.0000000000000000
0.0000000000000000
0.0000000000000000
0.0000000000000000
0.0000000000000000
0.0000000000000000
0.0000000000000000
0.0000000000000000
0.0000000000000000
0.0000000000000000
0.0000000000000000
0.0197136507981585
0.0620136822324151
0.0948338305802343
0.1155338021889278
0.1233801989193881
0.1184390583831061
0.1016298415352025
0.0747448354923630
0.0000000000000000
0.0000000000000000
0.0000000000000000
0.0000000000000000
0.0000000000000000
0.0000000000000000
0.0000000000000000
0.0000000000000000
0.0000000000000000
0.0000000000000000
0.0000000000000000
0.0000000000000000
0.0000000000000000
0.0000000000000000
0.0000000000000000
0.0000000000000000
0.0192255416129676
0.0618893911141786
0.0949565436367250
0.1158246369813528
0.1237945054272977
0.1189429475924500
0.1021923038991246
0.0753354661950139
0.0000000000000000
0.0000000000000000
0.0000000000000000
0.0000000000000000
0.0000000000000000
0.0000000000000000
0.0000000000000000
0.0000000000000000
0.0000000000000000
0.0000000000000000
0.0000000000000000
0.0000000000000000
0.0000000000000000
0.0000000000000000
0.0000000000000000
0.0000000000000000
0.0187243324434201
0.0617673313199606
0.0950888816111937
0.1161272793638289
0.1242205773424949
0.1194574842532112
0.1027638027578500
0.0759334164319702
0.0000000000000000
0.0000000000000000
0.0000000000000000
0.0000000000000000
0.0000000000000000
0.0000000000000000
0.0000000000000000
0.0000000000000000
0.0000000000000000
0.0000000000000000
0.0000000000000000
0.0000000000000000
0.0000000000000000
0.0000000000000000
0.0000000000000000
0.0000000000000000
0.0182095167552790
0.0616470291765114
0.0952305095066332
0.1164413695536310
0.1246579998669690
0.1199822058735171
0.1033438483950791
0.0765381948425358
0.0000000000000000
0.0000000000000000
0.0000000000000000
0.0000000000000000
0.0000000000000000
0.0000000000000000
0.0000000000000000
0.0000000000000000
0.0000000000000000
0.0000000000000000
0.0000000000000000
0.0000000000000000
0.0000000000000000
0.0000000000000000
0.0000000000000000
0.0000000000000000
0.0176806564480925
0.0615280020212582
0.0953810835884816
0.1167665355977253
0.1251063430203245
0.1205166327614833
0.1039319328964759
0.0771492918477785
0.0000000000000000
0.0000000000000000
0.0000000000000000
0.0000000000000000
0.0000000000000000
0.0000000000000000
0.0000000000000000
0.0000000000000000
0.0000000000000000
0.0000000000000000
0.0000000000000000
0.0000000000000000
0.0000000000000000
0.0000000000000000
0.0000000000000000
0.0000000000000000
0.0171373964468346
0.0614097596639415
0.0955402531377733
0.1171023954811249
0.1255651640739628
0.1210602707243373
0.1045275330291759
0.0777661825809290
0.0000000000000000
0.0000000000000000
0.0000000000000000
0.0000000000000000
0.0000000000000000
0.0000000000000000
0.0000000000000000
0.0000000000000000
0.0000000000000000
0.0000000000000000
0.0000000000000000
0.0000000000000000
0.0000000000000000
0.0000000000000000
0.0000000000000000
0.0000000000000000
0.0165794777067906
0.0612918041824416
0.0957076617352534
0.1174485596644766
0.1260340111860089
0.1216126156128318
0.1051301154601910
0.0783883325385060
0.0000000000000000
0.0000000000000000
0.0000000000000000
0.0000000000000000
0.0000000000000000
0.0000000000000000
0.0000000000000000
0.0000000000000000
0.0000000000000000
0.0000000000000000
0.0000000000000000
0.0000000000000000
0.0000000000000000
0.0000000000000000
0.0000000000000000
0.0000000000000000
0.0160067490979743
0.0611736273677820
0.0958829469989373
0.1178046327861519
0.1265124268318079
0.1221731582369949
0.1057391428715333
0.0790152045029173
0.0000000000000000
0.0000000000000000
0.0000000000000000
0.0000000000000000
0.0000000000000000
0.0000000000000000
0.0000000000000000
0.0000000000000000
0.0000000000000000
0.0000000000000000
0.0000000000000000
0.0000000000000000
0.0000000000000000
0.0000000000000000
0.0000000000000000
0.0000000000000000
0.0154191798542973
0.0610547060910471
0.0960657382052417
0.1181702133858125
0.1269999495176980
0.1227413878872472
0.1063540789896646
0.0796462647220499
0.0000000000000000
0.0000000000000000
0.0000000000000000
0.0000000000000000
0.0000000000000000
0.0000000000000000
0.0000000000000000
0.0000000000000000
0.0000000000000000
0.0000000000000000
0.0000000000000000
0.0000000000000000
0.0000000000000000
0.0000000000000000
0.0000000000000000
0.0000000000000000
0.0148168749399934
0.0609344966668217
0.0962556521476100
0.1185448914881255
0.1274961131631721
0.1233167934580117
0.1069743912791584
0.0802809868348109
0.0000000000000000
0.0000000000000000
0.0000000000000000
0.0000000000000000
0.0000000000000000
0.0000000000000000
0.0000000000000000
0.0000000000000000
0.0000000000000000
0.0000000000000000
0.0000000000000000
0.0000000000000000
0.0000000000000000
0.0000000000000000
0.0000000000000000
0.0000000000000000
0.0142000948692326
0.0608124297959225
0.0964522885343587
0.1189282450789434
0.1280004449058438
0.1238988626389525
0.1075995514207242
0.0809188534519394
0.0000000000000000
0.0000000000000000
0.0000000000000000
0.0000000000000000
0.0000000000000000
0.0000000000000000
0.0000000000000000
0.0000000000000000
0.0000000000000000
0.0000000000000000
0.0000000000000000
0.0000000000000000
0.0000000000000000
0.0000000000000000
0.0000000000000000
0.0000000000000000
0.0135692800634690
0.0606879072176087
0.0966552265105107
0.1193198371598082
0.1285124629625088
0.1244870806704189
0.1082290349362713
0.0815593565032776
0.0000000000000000
0.0000000000000000
0.0000000000000000
0.0000000000000000
0.0000000000000000
0.0000000000000000
0.0000000000000000
0.0000000000000000
0.0000000000000000
0.0000000000000000
0.0000000000000000
0.0000000000000000
0.0000000000000000
0.0000000000000000
0.0000000000000000
0.0000000000000000
0.0129250785781360
0.0605603004149180
0.0968640232408976
0.1197192146555849
0.1290316759729574
0.1250809301319482
0.1088623213624094
0.0822019977231079
0.0000000000000000
0.0000000000000000
0.0000000000000000
0.0000000000000000
0.0000000000000000
0.0000000000000000
0.0000000000000000
0.0000000000000000
0.0000000000000000
0.0000000000000000
0.0000000000000000
0.0000000000000000
0.0000000000000000
0.0000000000000000
0.0000000000000000
0.0000000000000000
0.0122683758881540
0.0604289509457995
0.0970782145927986
0.1201259093886241
0.1295575841719428
0.1256798922044068
0.1094988955043791
0.0828462897918768
0.0000000000000000
0.0000000000000000
0.0000000000000000
0.0000000000000000
0.0000000000000000
0.0000000000000000
0.0000000000000000
0.0000000000000000
0.0000000000000000
0.0000000000000000
0.0000000000000000
0.0000000000000000
0.0000000000000000
0.0000000000000000
0.0000000000000000
0.0000000000000000
0.0116003259855500
0.0602931717736471
0.0972973171189351
0.1205394403464028
0.1300896816505953
0.1262834487437132
0.1101382491936521
0.0834917577252391
0.0000000000000000
0.0000000000000000
0.0000000000000000
0.0000000000000000
0.0000000000000000
0.0000000000000000
0.0000000000000000
0.0000000000000000
0.0000000000000000
0.0000000000000000
0.0000000000000000
0.0000000000000000
0.0000000000000000
0.0000000000000000
0.0000000000000000
0.0000000000000000
0.0109223836722604
0.0601522490996906
0.0975208304778071
0.1209593161620885
0.1306274586004605
0.1268910840996359
0.1107798825919161
0.0841379396205992
0.0000000000000000
0.0000000000000000
0.0000000000000000
0.0000000000000000
0.0000000000000000
0.0000000000000000
0.0000000000000000
0.0000000000000000
0.0000000000000000
0.0000000000000000
0.0000000000000000
0.0000000000000000
0.0000000000000000
0.0000000000000000
0.0000000000000000
0.0000000000000000
0.0102363375604780
0.0600054445543328
0.0977482397160744
0.1213850371561968
0.1311704028677922
0.1275022860714358
0.1114233045016267
0.0847843863803641
0.0000000000000000
0.0000000000000000
0.0000000000000000
0.0000000000000000
0.0000000000000000
0.0000000000000000
0.0000000000000000
0.0000000000000000
0.0000000000000000
0.0000000000000000
0.0000000000000000
0.0000000000000000
