0.0000000000000000
0.0000000000000000
0.0000000000000000
0.0000000000000000
0.0255083500232748
0.0642141916460455
0.0942843889281227
0.1128720739090849
0.1190142105897619
0.1127276534445793
0.0949455442028082
0.0674892887570520
0.0000000000000000
0.0000000000000000
0.0000000000000000
0.0000000000000000
0.0000000000000000
0.0000000000000000
0.0000000000000000
0.0000000000000000
0.0000000000000000
0.0000000000000000
0.0000000000000000
0.0000000000000000
0.0000000000000000
0.0000000000000000
0.0000000000000000
0.0000000000000000
0.0251412141411713
0.0640186525685312
0.0942444117390492
0.1129672123658223
0.1192279175919301
0.1130415566679426
0.0953373337063990
0.0679324267077356
0.0000000000000000
0.0000000000000000
0.0000000000000000
0.0000000000000000
0.0000000000000000
0.0000000000000000
0.0000000000000000
0.0000000000000000
0.0000000000000000
0.0000000000000000
0.0000000000000000
0.0000000000000000
0.0000000000000000
0.0000000000000000
0.0000000000000000
0.0000000000000000
0.0247689211839631
0.0638300229017790
0.0942173307511325
0.1130778075617281
0.1194578066909784
0.1133712401774551
0.0957437805643640
0.0683886831531744
0.0000000000000000
0.0000000000000000
0.0000000000000000
0.0000000000000000
0.0000000000000000
0.0000000000000000
0.0000000000000000
0.0000000000000000
0.0000000000000000
0.0000000000000000
0.0000000000000000
0.0000000000000000
0.0000000000000000
0.0000000000000000
0.0000000000000000
0.0000000000000000
0.0243910441079310
0.0636481161121730
0.0942030146012106
0.1132036874142978
0.1197036410551476
0.1137164043665248
0.0961645365146327
0.0688576819871588
0.0000000000000000
0.0000000000000000
0.0000000000000000
0.0000000000000000
0.0000000000000000
0.0000000000000000
0.0000000000000000
0.0000000000000000
0.0000000000000000
0.0000000000000000
0.0000000000000000
0.0000000000000000
0.0000000000000000
0.0000000000000000
0.0000000000000000
0.0000000000000000
0.0240071199394611
0.0634727201560764
0.0942013136715498
0.1133446644334403
0.1199651707217964
0.1140767389855203
0.0965992453963941
0.0693390420588112
0.0000000000000000
0.0000000000000000
0.0000000000000000
0.0000000000000000
0.0000000000000000
0.0000000000000000
0.0000000000000000
0.0000000000000000
0.0000000000000000
0.0000000000000000
0.0000000000000000
0.0000000000000000
0.0000000000000000
0.0000000000000000
0.0000000000000000
0.0000000000000000
0.0236166529862995
0.0633035991878237
0.0942120616091748
0.1135005368508862
0.1202421332787158
0.1144519233827964
0.0970475430013897
0.0698323766813156
0.0000000000000000
0.0000000000000000
0.0000000000000000
0.0000000000000000
0.0000000000000000
0.0000000000000000
0.0000000000000000
0.0000000000000000
0.0000000000000000
0.0000000000000000
0.0000000000000000
0.0000000000000000
0.0000000000000000
0.0000000000000000
0.0000000000000000
0.0000000000000000
0.0232191176142211
0.0631404945699688
0.0942350763297651
0.1136710894288893
0.1205342544603497
0.1148416268852425
0.0975090572435876
0.0703372936478831
0.0000000000000000
0.0000000000000000
0.0000000000000000
0.0000000000000000
0.0000000000000000
0.0000000000000000
0.0000000000000000
0.0000000000000000
0.0000000000000000
0.0000000000000000
0.0000000000000000
0.0000000000000000
0.0000000000000000
0.0000000000000000
0.0000000000000000
0.0000000000000000
0.0228139607746782
0.0629831252653184
0.0942701605125557
0.1138560939402283
0.1208412485857916
0.1152455091978060
0.0979834085302941
0.0708533955406102
0.0000000000000000
0.0000000000000000
0.0000000000000000
0.0000000000000000
0.0000000000000000
0.0000000000000000
0.0000000000000000
0.0000000000000000
0.0000000000000000
0.0000000000000000
0.0000000000000000
0.0000000000000000
0.0000000000000000
0.0000000000000000
0.0000000000000000
0.0000000000000000
0.0224006045516558
0.0628311877425406
0.0943171016796638
0.1140553093035809
0.1211628187684928
0.1156632206882467
0.0984702101021634
0.0713802801393041
0.0000000000000000
0.0000000000000000
0.0000000000000000
0.0000000000000000
0.0000000000000000
0.0000000000000000
0.0000000000000000
0.0000000000000000
0.0000000000000000
0.0000000000000000
0.0000000000000000
0.0000000000000000
0.0000000000000000
0.0000000000000000
0.0000000000000000
0.0000000000000000
0.0219784491437586
0.0626843556670049
0.0943756719956480
0.1142684814622394
0.1214986568843084
0.1160944024561276
0.0989690682071221
0.0719175406524635
0.0000000000000000
0.0000000000000000
0.0000000000000000
0.0000000000000000
0.0000000000000000
0.0000000000000000
0.0000000000000000
0.0000000000000000
0.0000000000000000
0.0000000000000000
0.0000000000000000
0.0000000000000000
0.0000000000000000
0.0000000000000000
0.0000000000000000
0.0000000000000000
0.0215468766486410
0.0625422796659467
0.0944456280565759
0.1144953431426300
0.1218484433475748
0.1165386861465451
0.0994795819426847
0.0724647656022609
0.0000000000000000
0.0000000000000000
0.0000000000000000
0.0000000000000000
0.0000000000000000
0.0000000000000000
0.0000000000000000
0.0000000000000000
0.0000000000000000
0.0000000000000000
0.0000000000000000
0.0000000000000000
0.0000000000000000
0.0000000000000000
0.0000000000000000
0.0000000000000000
0.0211052561671469
0.0624045875393904
0.0945267109073984
0.1147356136847686
0.1222118467807519
0.1169956934831769
0.1000013426836985
0.0730215381511721
0.0000000000000000
0.0000000000000000
0.0000000000000000
0.0000000000000000
0.0000000000000000
0.0000000000000000
0.0000000000000000
0.0000000000000000
0.0000000000000000
0.0000000000000000
0.0000000000000000
0.0000000000000000
0.0000000000000000
0.0000000000000000
0.0000000000000000
0.0000000000000000
0.0206529505193911
0.0622708851525006
0.0946186465206187
0.1149889990682804
0.1225885236443668
0.1174650355456974
0.1005339330420586
0.0735874348178589
0.0000000000000000
0.0000000000000000
0.0000000000000000
0.0000000000000000
0.0000000000000000
0.0000000000000000
0.0000000000000000
0.0000000000000000
0.0000000000000000
0.0000000000000000
0.0000000000000000
0.0000000000000000
0.0000000000000000
0.0000000000000000
0.0000000000000000
0.0000000000000000
0.0201893247734029
0.0621407580354027
0.0947211466733311
0.1152551921075756
0.1229781177975457
0.1179463117574611
0.1010769253714932
0.0741620235924597
0.0000000000000000
0.0000000000000000
0.0000000000000000
0.0000000000000000
0.0000000000000000
0.0000000000000000
0.0000000000000000
0.0000000000000000
0.0000000000000000
0.0000000000000000
0.0000000000000000
0.0000000000000000
0.0000000000000000
0.0000000000000000
0.0000000000000000
0.0000000000000000
0.0197137565342174
0.0620137734345413
0.0948339100138672
0.1155338726027184
0.1233802598504373
0.1184391085351917
0.1016298798168514
0.0747448615448132
0.0000000000000000
0.0000000000000000
0.0000000000000000
0.0000000000000000
0.0000000000000000
0.0000000000000000
0.0000000000000000
0.0000000000000000
0.0000000000000000
0.0000000000000000
0.0000000000000000
0.0000000000000000
0.0000000000000000
0.0000000000000000
0.0000000000000000
0.0000000000000000
0.0192256479600909
0.0618894825936824
0.0949566230394434
0.1158247072699476
0.1237945662015205
0.1189429975740540
0.1021923420002522
0.0753354920562760
0.0000000000000000
0.0000000000000000
0.0000000000000000
0.0000000000000000
0.0000000000000000
0.0000000000000000
0.0000000000000000
0.0000000000000000
0.0000000000000000
0.0000000000000000
0.0000000000000000
0.0000000000000000
0.0000000000000000
0.0000000000000000
0.0000000000000000
0.0000000000000000
0.0187244393981170
0.0617674230892518
0.0950889609787167
0.1161273495180723
0.1242206379488978
0.1194575340524607
0.1027638406661479
0.0759334420896526
0.0000000000000000
0.0000000000000000
0.0000000000000000
0.0000000000000000
0.0000000000000000
0.0000000000000000
0.0000000000000000
0.0000000000000000
0.0000000000000000
0.0000000000000000
0.0000000000000000
0.0000000000000000
0.0000000000000000
0.0000000000000000
0.0000000000000000
0.0000000000000000
0.0182096243067312
0.0616471212483826
0.0952305888346363
0.1164414395642772
0.1246580602944791
0.1199822554784780
0.1033438860981980
0.0765382202842290
0.0000000000000000
0.0000000000000000
0.0000000000000000
0.0000000000000000
0.0000000000000000
0.0000000000000000
0.0000000000000000
0.0000000000000000
0.0000000000000000
0.0000000000000000
0.0000000000000000
0.0000000000000000
0.0000000000000000
0.0000000000000000
0.0000000000000000
0.0000000000000000
0.0176807645768791
0.0615280944088689
0.0953811628725885
0.1167666054554363
0.1251064032577906
0.1205166821601632
0.1039319703820301
0.0771493170610598
0.0000000000000000
0.0000000000000000
0.0000000000000000
0.0000000000000000
0.0000000000000000
0.0000000000000000
0.0000000000000000
0.0000000000000000
0.0000000000000000
0.0000000000000000
0.0000000000000000
0.0000000000000000
0.0000000000000000
0.0000000000000000
0.0000000000000000
0.0000000000000000
0.0171375051235044
0.0614098523808019
0.0955403323735468
0.1171024651764673
0.1255652241101557
0.1210603199046877
0.1045275702847460
0.0777662075533666
0.0000000000000000
0.0000000000000000
0.0000000000000000
0.0000000000000000
0.0000000000000000
0.0000000000000000
0.0000000000000000
0.0000000000000000
0.0000000000000000
0.0000000000000000
0.0000000000000000
0.0000000000000000
0.0000000000000000
0.0000000000000000
0.0000000000000000
0.0000000000000000
0.0165795868902765
0.0612918972423946
0.0957077409181867
0.1174486291879190
0.1260340710096211
0.1216126645627491
0.1051301524733262
0.0783883572576619
0.0000000000000000
0.0000000000000000
0.0000000000000000
0.0000000000000000
0.0000000000000000
0.0000000000000000
0.0000000000000000
0.0000000000000000
0.0000000000000000
0.0000000000000000
0.0000000000000000
0.0000000000000000
0.0000000000000000
0.0000000000000000
0.0000000000000000
0.0000000000000000
0.0160068587338396
0.0611737207849872
0.0958830261244439
0.1178047021280603
0.1265124864314529
0.1221732069443213
0.1057391796297533
0.0790152289563499
0.0000000000000000
0.0000000000000000
0.0000000000000000
0.0000000000000000
0.0000000000000000
0.0000000000000000
0.0000000000000000
0.0000000000000000
0.0000000000000000
0.0000000000000000
0.0000000000000000
0.0000000000000000
0.0000000000000000
0.0000000000000000
0.0000000000000000
0.0000000000000000
0.0154192898728040
0.0610547998799640
0.0960658172686474
0.1181702825364480
0.1270000088819104
0.1227414363397733
0.1063541154804631
0.0796462888973175
0.0000000000000000
0.0000000000000000
0.0000000000000000
0.0000000000000000
0.0000000000000000
0.0000000000000000
0.0000000000000000
0.0000000000000000
0.0000000000000000
0.0000000000000000
0.0000000000000000
0.0000000000000000
0.0000000000000000
0.0000000000000000
0.0000000000000000
0.0000000000000000
0.0148169852539863
0.0609345908421949
0.0962557311441455
0.1185449604376429
0.1274961722804099
0.1233168416434796
0.1069744274900075
0.0802810107194781
0.0000000000000000
0.0000000000000000
0.0000000000000000
0.0000000000000000
0.0000000000000000
0.0000000000000000
0.0000000000000000
0.0000000000000000
0.0000000000000000
0.0000000000000000
0.0000000000000000
0.0000000000000000
0.0000000000000000
0.0000000000000000
0.0000000000000000
0.0000000000000000
0.0142002053718403
0.0608125243727670
0.0964523674591547
0.1189283138173917
0.1280005037644930
0.1238989105450632
0.1075995873390832
0.0809188770335859
0.0000000000000000
0.0000000000000000
0.0000000000000000
0.0000000000000000
0.0000000000000000
0.0000000000000000
0.0000000000000000
0.0000000000000000
0.0000000000000000
0.0000000000000000
0.0000000000000000
0.0000000000000000
0.0000000000000000
0.0000000000000000
0.0000000000000000
0.0000000000000000
0.0135693906256380
0.0606880022111918
0.0966553053585935
0.1193199056771334
0.1285125215508896
0.1244871282848413
0.1082290705495969
0.0815593797695089
0.0000000000000000
0.0000000000000000
0.0000000000000000
0.0000000000000000
0.0000000000000000
0.0000000000000000
0.0000000000000000
0.0000000000000000
0.0000000000000000
0.0000000000000000
0.0000000000000000
0.0000000000000000
0.0000000000000000
0.0000000000000000
0.0000000000000000
0.0000000000000000
0.0129251890460275
0.0605603958407413
0.0968641020071863
0.1197192829416343
0.1290317342793324
0.1250809774423290
0.1088623566581673
0.0822020206615676
0.0000000000000000
0.0000000000000000
0.0000000000000000
0.0000000000000000
0.0000000000000000
0.0000000000000000
0.0000000000000000
0.0000000000000000
0.0000000000000000
0.0000000000000000
0.0000000000000000
0.0000000000000000
0.0000000000000000
0.0000000000000000
0.0000000000000000
0.0000000000000000
0.0122684860804518
0.0604290468195795
0.0970782932721017
0.1201259774331495
0.1295576421845245
0.1256799391983804
0.1094989304700551
0.0828463123902581
0.0000000000000000
0.0000000000000000
0.0000000000000000
0.0000000000000000
0.0000000000000000
0.0000000000000000
0.0000000000000000
0.0000000000000000
0.0000000000000000
0.0000000000000000
0.0000000000000000
0.0000000000000000
0.0000000000000000
0.0000000000000000
0.0000000000000000
0.0000000000000000
0.0116004356907493
0.0602932681112943
0.0972973957059470
0.1205395081390639
0.1300897393575525
0.1262834954089105
0.1101382838167613
0.0834917799712943
0.0000000000000000
0.0000000000000000
0.0000000000000000
0.0000000000000000
0.0000000000000000
0.0000000000000000
0.0000000000000000
0.0000000000000000
0.0000000000000000
0.0000000000000000
0.0000000000000000
0.0000000000000000
0.0000000000000000
0.0000000000000000
0.0000000000000000
0.0000000000000000
0.0109224926460335
0.0601523459172890
0.0975209089671052
0.1209593836924548
0.1306275159899238
0.1268911304236908
0.1107799168600112
0.0841379615021484
0.0000000000000000
0.0000000000000000
0.0000000000000000
0.0000000000000000
0.0000000000000000
0.0000000000000000
0.0000000000000000
0.0000000000000000
0.0000000000000000
0.0000000000000000
0.0000000000000000
0.0000000000000000
0.0000000000000000
0.0000000000000000
0.0000000000000000
0.0000000000000000
0.0102364455232522
0.0600055418681166
0.0977483181021138
0.1213851044137490
0.1311704599278580
0.1275023320419912
0.1114233384023043
0.0847844078853015
0.0000000000000000
0.0000000000000000
0.0000000000000000
0.0000000000000000
0.0000000000000000
0.0000000000000000
0.0000000000000000
0.0000000000000000
0.0000000000000000
0.0000000000000000
0.0000000000000000
0.0000000000000000
