0.0000000000000000
0.0000000000000000
0.0000000000000000
0.0000000000000000
0.0000000000000000
0.0000000000000000
0.0000000000000000
0.0000000000000000
0.0000000000000000
0.0353942391613281
0.0388922033693191
0.0815256411335786
0.1169726096047324
0.1415641369824382
0.1520764964478847
0.1454083466437104
0.1173045095979503
0.0582958592131282
0.0000000000000000
0.0000000000000000
0.0000000000000000
0.0000000000000000
0.0000000000000000
0.0000000000000000
0.0000000000000000
0.0000000000000000
0.0000000000000000
0.0000000000000000
0.0000000000000000
0.0000000000000000
0.0000000000000000
0.0000000000000000
0.0000000000000000
0.0353571974855251
0.0386203566547632
0.0813187889848079
0.1168548442774717
0.1415509721113608
0.1521739304891274
0.1456113874847070
0.1175927792701189
0.0586017987617305
0.0000000000000000
0.0000000000000000
0.0000000000000000
0.0000000000000000
0.0000000000000000
0.0000000000000000
0.0000000000000000
0.0000000000000000
0.0000000000000000
0.0000000000000000
0.0000000000000000
0.0000000000000000
0.0000000000000000
0.0000000000000000
0.0000000000000000
0.0353182638241498
0.0383588089997850
0.0811230175039933
0.1167481613751945
0.1415478045438565
0.1522787132584016
0.1458165072647831
0.1178721444399600
0.0588728944303602
0.0000000000000000
0.0000000000000000
0.0000000000000000
0.0000000000000000
0.0000000000000000
0.0000000000000000
0.0000000000000000
0.0000000000000000
0.0000000000000000
0.0000000000000000
0.0000000000000000
0.0000000000000000
0.0000000000000000
0.0000000000000000
0.0000000000000000
0.0352774480580347
0.0381077975505345
0.0809384901845117
0.1166526335275827
0.1415546066262612
0.1523907158771448
0.1460234835080235
0.1181423008146581
0.0591086889414339
0.0000000000000000
0.0000000000000000
0.0000000000000000
0.0000000000000000
0.0000000000000000
0.0000000000000000
0.0000000000000000
0.0000000000000000
0.0000000000000000
0.0000000000000000
0.0000000000000000
0.0000000000000000
0.0000000000000000
0.0000000000000000
0.0000000000000000
0.0352347591889231
0.0378675473135695
0.0807653566882710
0.1165683186599966
0.1415713358274686
0.1525097946834484
0.1462320777508474
0.1184029194469641
0.0593086712070530
0.0000000000000000
0.0000000000000000
0.0000000000000000
0.0000000000000000
0.0000000000000000
0.0000000000000000
0.0000000000000000
0.0000000000000000
0.0000000000000000
0.0000000000000000
0.0000000000000000
0.0000000000000000
0.0000000000000000
0.0000000000000000
0.0000000000000000
0.0351902054125496
0.0376382728532322
0.0806037544460523
0.1164952613139056
0.1415979356669488
0.1526357916244702
0.1464420352092916
0.1186536452810064
0.0594722725169826
0.0000000000000000
0.0000000000000000
0.0000000000000000
0.0000000000000000
0.0000000000000000
0.0000000000000000
0.0000000000000000
0.0000000000000000
0.0000000000000000
0.0000000000000000
0.0000000000000000
0.0000000000000000
0.0000000000000000
0.0000000000000000
0.0000000000000000
0.0351437941533475
0.0374201791531595
0.0804538094631071
0.1164334933720690
0.1416343362690055
0.1527685345586910
0.1466530847138121
0.1188940964560837
0.0595988643074541
0.0000000000000000
0.0000000000000000
0.0000000000000000
0.0000000000000000
0.0000000000000000
0.0000000000000000
0.0000000000000000
0.0000000000000000
0.0000000000000000
0.0000000000000000
0.0000000000000000
0.0000000000000000
0.0000000000000000
0.0000000000000000
0.0000000000000000
0.0350955320745905
0.0372134617008681
0.0803156364785231
0.1163830342287875
0.1416804545459461
0.1529078374329701
0.1468649388236052
0.1191238641767181
0.0596877573943513
0.0000000000000000
0.0000000000000000
0.0000000000000000
0.0000000000000000
0.0000000000000000
0.0000000000000000
0.0000000000000000
0.0000000000000000
0.0000000000000000
0.0000000000000000
0.0000000000000000
0.0000000000000000
0.0000000000000000
0.0000000000000000
0.0000000000000000
0.0350454250826619
0.0370183060991447
0.0801893386162554
0.1163438905633384
0.1417361941011731
0.1530535003149751
0.1470772939847241
0.1193425129437958
0.0597382021860098
0.0000000000000000
0.0000000000000000
0.0000000000000000
0.0000000000000000
0.0000000000000000
0.0000000000000000
0.0000000000000000
0.0000000000000000
0.0000000000000000
0.0000000000000000
0.0000000000000000
0.0000000000000000
0.0000000000000000
0.0000000000000000
0.0000000000000000
0.0349934783466391
0.0368351565488951
0.0800750068704815
0.1163160559223986
0.1418014449572451
0.1532053093058637
0.1472898306434971
0.1195495808065259
0.0597493893774559
0.0000000000000000
0.0000000000000000
0.0000000000000000
0.0000000000000000
0.0000000000000000
0.0000000000000000
0.0000000000000000
0.0000000000000000
0.0000000000000000
0.0000000000000000
0.0000000000000000
0.0000000000000000
0.0000000000000000
0.0000000000000000
0.0000000000000000
0.0349396963505202
0.0367948707333546
0.0799727197227063
0.1162995104176515
0.1418760833292063
0.1533630363918314
0.1475022131813774
0.1197445793506768
0.0597204503552523
0.0000000000000000
0.0000000000000000
0.0000000000000000
0.0000000000000000
0.0000000000000000
0.0000000000000000
0.0000000000000000
0.0000000000000000
0.0000000000000000
0.0000000000000000
0.0000000000000000
0.0000000000000000
0.0000000000000000
0.0000000000000000
0.0000000000000000
0.0348840829984513
0.0367525574294312
0.0798825432940075
0.1162942208034041
0.1419599716121175
0.1535264393084255
0.1477140896087767
0.1199269930486451
0.0596504566733385
0.0000000000000000
0.0000000000000000
0.0000000000000000
0.0000000000000000
0.0000000000000000
0.0000000000000000
0.0000000000000000
0.0000000000000000
0.0000000000000000
0.0000000000000000
0.0000000000000000
0.0000000000000000
0.0000000000000000
0.0000000000000000
0.0000000000000000
0.0348266417790229
0.0367082084115414
0.0798045321824593
0.1163001411165272
0.1420529587005311
0.1536952614534246
0.1479250909717232
0.1200962779164921
0.0595384183292539
0.0000000000000000
0.0000000000000000
0.0000000000000000
0.0000000000000000
0.0000000000000000
0.0000000000000000
0.0000000000000000
0.0000000000000000
0.0000000000000000
0.0000000000000000
0.0000000000000000
0.0000000000000000
0.0000000000000000
0.0000000000000000
0.0000000000000000
0.0347673759945254
0.0366618153223788
0.0797387308875733
0.1163172137220543
0.1421548805397855
0.1538692318140507
0.1481348305214439
0.1202518595952587
0.0593832813686196
0.0000000000000000
0.0000000000000000
0.0000000000000000
0.0000000000000000
0.0000000000000000
0.0000000000000000
0.0000000000000000
0.0000000000000000
0.0000000000000000
0.0000000000000000
0.0000000000000000
0.0000000000000000
0.0000000000000000
0.0000000000000000
0.0000000000000000
0.0347062890486240
0.0366133698744700
0.0796851754506538
0.1163453705103874
0.1422655606989425
0.1540480648065359
0.1483429027145389
0.1203931312354755
0.0591839256227779
0.0000000000000000
0.0000000000000000
0.0000000000000000
0.0000000000000000
0.0000000000000000
0.0000000000000000
0.0000000000000000
0.0000000000000000
0.0000000000000000
0.0000000000000000
0.0000000000000000
0.0000000000000000
0.0000000000000000
0.0000000000000000
0.0000000000000000
0.0346433847876280
0.0365628640988664
0.0796438949992615
0.1163845339342256
0.1423848107902557
0.1542314599876924
0.1485488821543128
0.1205194514682029
0.0589391633879083
0.0000000000000000
0.0000000000000000
0.0000000000000000
0.0000000000000000
0.0000000000000000
0.0000000000000000
0.0000000000000000
0.0000000000000000
0.0000000000000000
0.0000000000000000
0.0000000000000000
0.0000000000000000
0.0000000000000000
0.0000000000000000
0.0000000000000000
0.0345786678617747
0.0365102906195471
0.0796149130666629
0.1164346179049662
0.1425124308069466
0.1544191017731881
0.1487523226482867
0.1206301426254806
0.0586477388575875
0.0000000000000000
0.0000000000000000
0.0000000000000000
0.0000000000000000
0.0000000000000000
0.0000000000000000
0.0000000000000000
0.0000000000000000
0.0000000000000000
0.0000000000000000
0.0000000000000000
0.0000000000000000
0.0000000000000000
0.0000000000000000
0.0000000000000000
0.0345121440305577
0.0364556428866842
0.0795982488161607
0.1164955287086028
0.1426482096570262
0.1546106595055754
0.1489527567107139
0.1207244892808947
0.0583083278174593
0.0000000000000000
0.0000000000000000
0.0000000000000000
0.0000000000000000
0.0000000000000000
0.0000000000000000
0.0000000000000000
0.0000000000000000
0.0000000000000000
0.0000000000000000
0.0000000000000000
0.0000000000000000
0.0000000000000000
0.0000000000000000
0.0000000000000000
0.0344438202929900
0.0363989152738546
0.0795939180448715
0.1165671660331233
0.1427919261088110
0.1548057882082237
0.1491496958840965
0.1208017374145286
0.0579195372349622
0.0000000000000000
0.0000000000000000
0.0000000000000000
0.0000000000000000
0.0000000000000000
0.0000000000000000
0.0000000000000000
0.0000000000000000
0.0000000000000000
0.0000000000000000
0.0000000000000000
0.0000000000000000
0.0000000000000000
0.0000000000000000
0.0000000000000000
0.0343737047412998
0.0363401029683141
0.0796019335373245
0.1166494237357141
0.1429433499718425
0.1550041300531327
0.1493426321635471
0.1208610946875768
0.0574799058117346
0.0000000000000000
0.0000000000000000
0.0000000000000000
0.0000000000000000
0.0000000000000000
0.0000000000000000
0.0000000000000000
0.0000000000000000
0.0000000000000000
0.0000000000000000
0.0000000000000000
0.0000000000000000
0.0000000000000000
0.0000000000000000
0.0000000000000000
0.0343018061276528
0.0362792016724891
0.0796223038825120
0.1167421895881882
0.1431022428442542
0.1552053160852189
0.1495310403951992
0.1209017324671908
0.0569879077532146
0.0000000000000000
0.0000000000000000
0.0000000000000000
0.0000000000000000
0.0000000000000000
0.0000000000000000
0.0000000000000000
0.0000000000000000
0.0000000000000000
0.0000000000000000
0.0000000000000000
0.0000000000000000
0.0000000000000000
0.0000000000000000
0.0000000000000000
0.0342281332731795
0.0362162072383097
0.0796550301611638
0.1168453432242484
0.1432683576347792
0.1554089674491766
0.1497143811618387
0.1209227897477903
0.0564419622275886
0.0000000000000000
0.0000000000000000
0.0000000000000000
0.0000000000000000
0.0000000000000000
0.0000000000000000
0.0000000000000000
0.0000000000000000
0.0000000000000000
0.0000000000000000
0.0000000000000000
0.0000000000000000
0.0000000000000000
0.0000000000000000
0.0000000000000000
0.0341526945235721
0.0361511154034039
0.0797001005882640
0.1169587522054243
0.1434414364733581
0.1556146955369071
0.1498921034616231
0.1209233785816916
0.0558404493584964
0.0000000000000000
0.0000000000000000
0.0000000000000000
0.0000000000000000
0.0000000000000000
0.0000000000000000
0.0000000000000000
0.0000000000000000
0.0000000000000000
0.0000000000000000
0.0000000000000000
0.0000000000000000
0.0000000000000000
0.0000000000000000
0.0000000000000000
0.0340754974263573
0.0360839217361293
0.0797574841883648
0.1170822669509280
0.1436212074747673
0.1558221010738920
0.1500636467235951
0.1209025899224069
0.0551817311950909
0.0000000000000000
0.0000000000000000
0.0000000000000000
0.0000000000000000
0.0000000000000000
0.0000000000000000
0.0000000000000000
0.0000000000000000
0.0000000000000000
0.0000000000000000
0.0000000000000000
0.0000000000000000
0.0000000000000000
0.0000000000000000
0.0000000000000000
0.0339965486563375
0.0360146217690313
0.0798271250618094
0.1172157159935731
0.1438073814369554
0.1560307727985557
0.1502284421136095
0.1208594986767439
0.0544641739872814
0.0000000000000000
0.0000000000000000
0.0000000000000000
0.0000000000000000
0.0000000000000000
0.0000000000000000
0.0000000000000000
0.0000000000000000
0.0000000000000000
0.0000000000000000
0.0000000000000000
0.0000000000000000
0.0000000000000000
0.0000000000000000
0.0000000000000000
0.0339158540814977
0.0359432111869512
0.0799089386106374
0.1173589028395454
0.1439996496885465
0.1562402866070593
0.1503859134126991
0.1207931670094562
0.0536861682766788
0.0000000000000000
0.0000000000000000
0.0000000000000000
0.0000000000000000
0.0000000000000000
0.0000000000000000
0.0000000000000000
0.0000000000000000
0.0000000000000000
0.0000000000000000
0.0000000000000000
0.0000000000000000
0.0000000000000000
0.0000000000000000
0.0000000000000000
0.0338334188134037
0.0358696859282838
0.0800028102294240
0.1175116050739219
0.1441976836730962
0.1564502057072885
0.1505354777830116
0.1207026455837785
0.0528461449277262
0.0000000000000000
0.0000000000000000
0.0000000000000000
0.0000000000000000
0.0000000000000000
0.0000000000000000
0.0000000000000000
0.0000000000000000
0.0000000000000000
0.0000000000000000
0.0000000000000000
0.0000000000000000
0.0000000000000000
0.0000000000000000
0.0000000000000000
0.0337492471650367
0.0357940421438705
0.0801085961732309
0.1176735754117928
0.1444011361092663
0.1566600817091559
0.1506765464774854
0.1205869729672083
0.0519425881362527
0.0000000000000000
0.0000000000000000
0.0000000000000000
0.0000000000000000
0.0000000000000000
0.0000000000000000
0.0000000000000000
0.0000000000000000
0.0000000000000000
0.0000000000000000
0.0000000000000000
0.0000000000000000
0.0000000000000000
0.0000000000000000
0.0000000000000000
0.0336633425523899
0.0357556859723811
0.0802261257273869
0.1178445439135290
0.1446096430029208
0.1568694561421919
0.1508085253508282
0.1204451737646951
0.0509740480228227
0.0000000000000000
0.0000000000000000
0.0000000000000000
0.0000000000000000
0.0000000000000000
0.0000000000000000
0.0000000000000000
0.0000000000000000
0.0000000000000000
0.0000000000000000
0.0000000000000000
0.0000000000000000
0.0000000000000000
0.0000000000000000
0.0000000000000000
0.0335757074381773
0.0358315554147550
0.0803552039608405
0.1180242205623606
0.1448228258058646
0.1570778618595932
0.1509308149849889
0.1202762560524956
0.0499391558088074
0.0000000000000000
0.0000000000000000
0.0000000000000000
0.0000000000000000
0.0000000000000000
0.0000000000000000
0.0000000000000000
0.0000000000000000
0.0000000000000000
0.0000000000000000
0.0000000000000000
0.0000000000000000
0.0000000000000000
0.0000000000000000
0.0000000000000000
0.0334863433789546
0.0359206294402743
0.0804956145271288
0.1182122977725913
0.1450402933389016
0.1572848240960717
0.1510428104235564
0.1200792085075420
0.0488366435356612
0.0000000000000000
0.0000000000000000
0.0000000000000000
0.0000000000000000
0.0000000000000000
0.0000000000000000
