0.0000000000000000
0.0000000000000000
0.0000000000000000
0.0000000000000000
0.0878719102825412
0.1438490832579523
0.1552806909148225
0.1426949719268742
0.1149129904352300
0.0775481540605777
0.0000000000000000
0.0000000000000000
0.0352070733859030
0.0317081732226172
0.0267566867447168
0.0206231195104692
0.0135619888524323
0.0056146031500067
0.0000000000000000
0.0000000000000000
0.0000000000000000
0.0000000000000000
0.0000000000000000
0.0000000000000000
0.0000000000000000
0.0000000000000000
0.0000000000000000
0.0000000000000000
0.0866902450484181
0.1434580534448091
0.1552198092682524
0.1428003752331519
0.1151067034621288
0.0777788350082030
0.0000000000000000
0.0000000000000000
0.0352108921225146
0.0317217751941116
0.0267770264937611
0.0206468373404383
0.0135858260410784
0.0056355364661271
0.0000000000000000
0.0000000000000000
0.0000000000000000
0.0000000000000000
0.0000000000000000
0.0000000000000000
0.0000000000000000
0.0000000000000000
0.0000000000000000
0.0000000000000000
0.0854586846047070
0.1430468157571470
0.1551468054094448
0.1428950680688322
0.1152889984913627
0.0779967076142373
0.0000000000000000
0.0000000000000000
0.0352123402341794
0.0317327184295293
0.0267943724181690
0.0206671742927173
0.0136057804903787
0.0056517678140533
0.0000000000000000
0.0000000000000000
0.0000000000000000
0.0000000000000000
0.0000000000000000
0.0000000000000000
0.0000000000000000
0.0000000000000000
0.0000000000000000
0.0000000000000000
0.0841767705314772
0.1426151575468707
0.1550615007991943
0.1429788238915644
0.1154596142821475
0.0782015047200928
0.0000000000000000
0.0000000000000000
0.0352113926607348
0.0317409705667168
0.0268086879595974
0.0206840930048299
0.0136218175662277
0.0056632662936704
0.0000000000000000
0.0000000000000000
0.0000000000000000
0.0000000000000000
0.0000000000000000
0.0000000000000000
0.0000000000000000
0.0000000000000000
0.0000000000000000
0.0000000000000000
0.0828440500715450
0.1421628565301657
0.1549637148380481
0.1430514177176439
0.1156182944221082
0.0783929671518696
0.0000000000000000
0.0000000000000000
0.0352080243365487
0.0317464996610770
0.0268199374165361
0.0206975573686851
0.0136339041039210
0.0056700027134736
0.0000000000000000
0.0000000000000000
0.0000000000000000
0.0000000000000000
0.0000000000000000
0.0000000000000000
0.0000000000000000
0.0000000000000000
0.0000000000000000
0.0000000000000000
0.0814600861794077
0.1416896819453793
0.1548532648539965
0.1431126253737666
0.1157647861136680
0.0785708421839139
0.0000000000000000
0.0000000000000000
0.0352022100904985
0.0317492740301966
0.0268280857369379
0.0207075322825158
0.0136420081146182
0.0056719492224928
0.0000000000000000
0.0000000000000000
0.0000000000000000
0.0000000000000000
0.0000000000000000
0.0000000000000000
0.0000000000000000
0.0000000000000000
0.0000000000000000
0.0000000000000000
0.0800244670958109
0.1411953952945334
0.1547299661977908
0.1431622232062083
0.1158988396030729
0.0787348828162593
0.0000000000000000
0.0000000000000000
0.0351939246047097
0.0317492621866222
0.0268330984293914
0.0207139835359427
0.0136460986459913
0.0056690791192300
0.0000000000000000
0.0000000000000000
0.0000000000000000
0.0000000000000000
0.0000000000000000
0.0000000000000000
0.0000000000000000
0.0000000000000000
0.0000000000000000
0.0000000000000000
0.0785368158669004
0.1406797507607269
0.1545936324405654
0.1431999881565989
0.1160202082100948
0.0788848477364042
0.0000000000000000
0.0000000000000000
0.0351831424291251
0.0317464328519803
0.0268349415717889
0.0207168778159806
0.0136461457736213
0.0056613668293178
0.0000000000000000
0.0000000000000000
0.0000000000000000
0.0000000000000000
0.0000000000000000
0.0000000000000000
0.0000000000000000
0.0000000000000000
0.0000000000000000
0.0000000000000000
0.0769968004668828
0.1401424954671589
0.1544440756779139
0.1432256981341308
0.1161286487394378
0.0790205017791827
0.0000000000000000
0.0000000000000000
0.0351698380398940
0.0317407550281914
0.0268335818954550
0.0207161827942157
0.0136421206929218
0.0056487880017953
0.0000000000000000
0.0000000000000000
0.0000000000000000
0.0000000000000000
0.0000000000000000
0.0000000000000000
0.0000000000000000
0.0000000000000000
0.0000000000000000
0.0000000000000000
0.0754041454894985
0.1395833698279649
0.1542811069384422
0.1432391325253835
0.1162239221013585
0.0791416165907381
0.0000000000000000
0.0000000000000000
0.0351539859249109
0.0317321981026341
0.0268289869024805
0.0207118672571400
0.0136339958481803
0.0056313196687171
0.0000000000000000
0.0000000000000000
0.0000000000000000
0.0000000000000000
0.0000000000000000
0.0000000000000000
0.0000000000000000
0.0000000000000000
0.0000000000000000
0.0000000000000000
0.0737586462038957
0.1390021082132460
0.1541045366831983
0.1432400726888041
0.1163057938262973
0.0792479711845029
0.0000000000000000
0.0000000000000000
0.0351355606705458
0.0317207319418686
0.0268211249672029
0.0207039012073280
0.0136217450386259
0.0056089403818430
0.0000000000000000
0.0000000000000000
0.0000000000000000
0.0000000000000000
0.0000000000000000
0.0000000000000000
0.0000000000000000
0.0000000000000000
0.0000000000000000
0.0000000000000000
0.0720601861216779
0.1383984402055535
0.1539141753850352
0.1432283022486316
0.1163740342190872
0.0793393519930853
0.0000000000000000
0.0000000000000000
0.0351145370269641
0.0317063269422062
0.0268099653699595
0.0206922558869787
0.0136053434233425
0.0055816302547425
0.0000000000000000
0.0000000000000000
0.0000000000000000
0.0000000000000000
0.0000000000000000
0.0000000000000000
0.0000000000000000
0.0000000000000000
0.0000000000000000
0.0000000000000000
0.0703087587276831
0.1377720926417836
0.1537098341964960
0.1432036071014390
0.1164284179784751
0.0794155522840128
0.0000000000000000
0.0000000000000000
0.0350908899381532
0.0316889540163024
0.0267954782478385
0.0206769036939914
0.0135847674121864
0.0055493708817474
0.0000000000000000
0.0000000000000000
0.0000000000000000
0.0000000000000000
0.0000000000000000
0.0000000000000000
0.0000000000000000
0.0000000000000000
0.0000000000000000
0.0000000000000000
0.0685044939282051
0.1371227925584872
0.1534913257637927
0.1431657751872930
0.1164687233764535
0.0794763709792860
0.0000000000000000
0.0000000000000000
0.0350645945553398
0.0316685845403749
0.0267776344839709
0.0206578180307342
0.0135599944761049
0.0055121451947180
0.0000000000000000
0.0000000000000000
0.0000000000000000
0.0000000000000000
0.0000000000000000
0.0000000000000000
0.0000000000000000
0.0000000000000000
0.0000000000000000
0.0000000000000000
0.0666476892599361
0.1364502710328780
0.1532584652944510
0.1431145962464335
0.1164947312682503
0.0795216112891849
0.0000000000000000
0.0000000000000000
0.0350356262649131
0.0316451903086875
0.0267564056048098
0.0206349731549659
0.0135310029672941
0.0054699373488997
0.0000000000000000
0.0000000000000000
0.0000000000000000
0.0000000000000000
0.0000000000000000
0.0000000000000000
0.0000000000000000
0.0000000000000000
0.0000000000000000
0.0000000000000000
0.0647388458424934
0.1357542679193152
0.1530110719741177
0.1430498617508696
0.1165062242596309
0.0795510794689999
0.0000000000000000
0.0000000000000000
0.0350039607634771
0.0316187435365271
0.0267317637253016
0.0206083440907333
0.0134977720054475
0.0054227327190329
0.0000000000000000
0.0000000000000000
0.0000000000000000
0.0000000000000000
0.0000000000000000
0.0000000000000000
0.0000000000000000
0.0000000000000000
0.0000000000000000
0.0000000000000000
0.0627787083778498
0.1350345371709002
0.1527489706849231
0.1429713651035730
0.1165029861124360
0.0795645838644088
0.0000000000000000
0.0000000000000000
0.0349695741683310
0.0315892169048472
0.0267036815444476
0.0205779065864746
0.0134602814155338
0.0053705179625903
0.0000000000000000
0.0000000000000000
0.0000000000000000
0.0000000000000000
0.0000000000000000
0.0000000000000000
0.0000000000000000
0.0000000000000000
0.0000000000000000
0.0000000000000000
0.0607683072072921
0.1342908520213620
0.1524719937217235
0.1428789019521876
0.1164848013750084
0.0795619341561905
0.0000000000000000
0.0000000000000000
0.0349324431137474
0.0315565835967275
0.0266721323309321
0.0205436370631291
0.0134185116341009
0.0053132810580777
0.0000000000000000
0.0000000000000000
0.0000000000000000
0.0000000000000000
0.0000000000000000
0.0000000000000000
0.0000000000000000
0.0000000000000000
0.0000000000000000
0.0000000000000000
0.0587089986009552
0.1335230086169267
0.1521799819954570
0.1427722704819768
0.1164514551667434
0.0795429408406943
0.0000000000000000
0.0000000000000000
0.0348925447726488
0.0315208172789600
0.0266370898624197
0.0205055125033774
0.0133724435412274
0.0052510112440043
0.0000000000000000
0.0000000000000000
0.0000000000000000
0.0000000000000000
0.0000000000000000
0.0000000000000000
0.0000000000000000
0.0000000000000000
0.0000000000000000
0.0000000000000000
0.0566024992719132
0.1327308265702337
0.1518727852690453
0.1426512716825302
0.1164027334284805
0.0795074153175613
0.0000000000000000
0.0000000000000000
0.0348498567964998
0.0314818920465398
0.0265985283577170
0.0204635103526796
0.0133220582857230
0.0051836989633757
0.0000000000000000
0.0000000000000000
0.0000000000000000
0.0000000000000000
0.0000000000000000
0.0000000000000000
0.0000000000000000
0.0000000000000000
0.0000000000000000
0.0000000000000000
0.0544509130600289
0.1319141457644799
0.1515502613829430
0.1425157099103429
0.1163384241477801
0.0794551713422022
0.0000000000000000
0.0000000000000000
0.0348043572480344
0.0314397824384898
0.0265564225422614
0.0204176085921489
0.0132673373226898
0.0051113360792920
0.0000000000000000
0.0000000000000000
0.0000000000000000
0.0000000000000000
0.0000000000000000
0.0000000000000000
0.0000000000000000
0.0000000000000000
0.0000000000000000
0.0000000000000000
0.0522567524479733
0.1310728202014989
0.1512122749837568
0.1423653941916642
0.1162583200941041
0.0793860284129823
0.0000000000000000
0.0000000000000000
0.0347560246593549
0.0313944636652341
0.0265107480055520
0.0203677861788444
0.0132082628754295
0.0050339166624969
0.0000000000000000
0.0000000000000000
0.0000000000000000
0.0000000000000000
0.0000000000000000
0.0000000000000000
0.0000000000000000
0.0000000000000000
0.0000000000000000
0.0000000000000000
0.0500229610164433
0.1302067111658390
0.1508586965923714
0.1422001405476955
0.1161622230838665
0.0792998171225032
0.0000000000000000
0.0000000000000000
0.0347048383125815
0.0313459121278071
0.0264614819141453
0.0203140239052756
0.0131448189027936
0.0049514384554152
0.0000000000000000
0.0000000000000000
0.0000000000000000
0.0000000000000000
0.0000000000000000
0.0000000000000000
0.0000000000000000
0.0000000000000000
0.0000000000000000
0.0000000000000000
0.0477529435622345
0.1293156819831223
0.1504894026249502
0.1420197751359490
0.1160499491378112
0.0791963855100581
0.0000000000000000
0.0000000000000000
0.0346507787342424
0.0312941061578663
0.0264086039686573
0.0202563055335483
0.0130769923828109
0.0048639048157256
0.0000000000000000
0.0000000000000000
0.0000000000000000
0.0000000000000000
0.0000000000000000
0.0000000000000000
0.0000000000000000
0.0000000000000000
0.0000000000000000
0.0000000000000000
0.0454506066445057
0.1283995954733615
0.1501042763202144
0.1418241375367193
0.1159213333796469
0.0790756050219603
0.0000000000000000
0.0000000000000000
0.0345938282599532
0.0312390267859568
0.0263520973473525
0.0201946188914412
0.0130047745495072
0.0047713266869499
0.0000000000000000
0.0000000000000000
0.0000000000000000
0.0000000000000000
0.0000000000000000
0.0000000000000000
0.0000000000000000
0.0000000000000000
0.0000000000000000
0.0000000000000000
0.0431204073284317
0.1274583133441237
0.1497032088891126
0.1416130832970010
0.1157762335931781
0.0789373746900185
0.0000000000000000
0.0000000000000000
0.0345339714795851
0.0311806583005607
0.0262919493673506
0.0201289566139894
0.0129281617102887
0.0046737241673819
0.0000000000000000
0.0000000000000000
0.0000000000000000
0.0000000000000000
0.0000000000000000
0.0000000000000000
0.0000000000000000
0.0000000000000000
0.0000000000000000
0.0000000000000000
0.0407674048852802
0.1264916958881887
0.1492861000501257
0.1413864851357031
0.1156145318120562
0.0787816229173973
0.0000000000000000
0.0000000000000000
0.0344711954242786
0.0311189884652112
0.0262281517145650
0.0200593163775980
0.0128471554676059
0.0045711274611156
0.0000000000000000
0.0000000000000000
0.0000000000000000
0.0000000000000000
0.0000000000000000
0.0000000000000000
0.0000000000000000
0.0000000000000000
0.0000000000000000
0.0000000000000000
0.0383973112587310
0.1254996008046226
0.1488528575690042
0.1411442327421949
0.1154361340969014
0.0786083070564362
0.0000000000000000
0.0000000000000000
0.0344054894901569
0.0310540084039501
0.0261607002828958
0.0199857006756651
0.0127617624156506
0.0044635773393173
0.0000000000000000
0.0000000000000000
0.0000000000000000
0.0000000000000000
0.0000000000000000
0.0000000000000000
0.0000000000000000
0.0000000000000000
0.0000000000000000
0.0000000000000000
0.0360165389676179
0.1244818813292433
0.1484033960751278
0.1408862315973494
0.1152409690547854
0.0784174115484143
0.0000000000000000
0.0000000000000000
0.0343368452011912
0.0309857122909097
0.0260895947789650
0.0199081163361593
0.0126719935465891
0.0043511254163704
0.0000000000000000
0.0000000000000000
0.0000000000000000
0.0000000000000000
0.0000000000000000
0.0000000000000000
0.0000000000000000
0.0000000000000000
0.0000000000000000
0.0000000000000000
0.0336322471328093
0.1234383847410438
0.1479376358103872
0.1406124014414993
0.1150289858204372
0.0782089454169419
0.0000000000000000
0.0000000000000000
0.0342652559438894
0.0309140969936406
0.0260148382752796
0.0198265739780111
0.0125778636002371
0.0042338345596108
0.0000000000000000
0.0000000000000000
0.0000000000000000
0.0000000000000000
0.0000000000000000
0.0000000000000000
0.0000000000000000
0.0000000000000000
0.0000000000000000
0.0000000000000000
0.0312523846478137
0.1223689522586367
0.1474555018214378
0.1403226748195296
0.1148001519859271
0.0779829396889745
0.0000000000000000
0.0000000000000000
0.0341907167530389
0.0308391617622669
0.0259364368036802
0.0197410875204424
0.0124793904790415
0.0041117796059582
0.0000000000000000
0.0000000000000000
0.0000000000000000
0.0000000000000000
0.0000000000000000
0.0000000000000000
