0.0000000000000000
0.0000000000000000
0.0000000000000000
0.0000000000000000
0.0000000000000000
0.0000000000000000
0.0000000000000000
0.0000000000000000
0.0000000000000000
0.0353942542371736
0.0388923382893375
0.0815257578673139
0.1169726946451555
0.1415641780881814
0.1520764815793827
0.1454082599902897
0.1173043173096010
0.0582954700728133
0.0000000000000000
0.0000000000000000
0.0000000000000000
0.0000000000000000
0.0000000000000000
0.0000000000000000
0.0000000000000000
0.0000000000000000
0.0000000000000000
0.0000000000000000
0.0000000000000000
0.0000000000000000
0.0000000000000000
0.0000000000000000
0.0000000000000000
0.0353572126381157
0.0386204918139174
0.0813189060617073
0.1168549297384726
0.1415510136889917
0.1521739161200776
0.1456113013410168
0.1175925874904519
0.0586014098069155
0.0000000000000000
0.0000000000000000
0.0000000000000000
0.0000000000000000
0.0000000000000000
0.0000000000000000
0.0000000000000000
0.0000000000000000
0.0000000000000000
0.0000000000000000
0.0000000000000000
0.0000000000000000
0.0000000000000000
0.0000000000000000
0.0000000000000000
0.0353182790559943
0.0383589444076885
0.0811231349321925
0.1167482472623836
0.1415478465951492
0.1522786993841523
0.1458164216125423
0.1178719531116278
0.0588725055067413
0.0000000000000000
0.0000000000000000
0.0000000000000000
0.0000000000000000
0.0000000000000000
0.0000000000000000
0.0000000000000000
0.0000000000000000
0.0000000000000000
0.0000000000000000
0.0000000000000000
0.0000000000000000
0.0000000000000000
0.0000000000000000
0.0000000000000000
0.0352774633715798
0.0381079332165551
0.0809386079718350
0.1166527198462173
0.1415546491526238
0.1523907024927010
0.1460233983286813
0.1181421098801906
0.0591082998935326
0.0000000000000000
0.0000000000000000
0.0000000000000000
0.0000000000000000
0.0000000000000000
0.0000000000000000
0.0000000000000000
0.0000000000000000
0.0000000000000000
0.0000000000000000
0.0000000000000000
0.0000000000000000
0.0000000000000000
0.0000000000000000
0.0000000000000000
0.0352347745865535
0.0378676832468225
0.0807654748422273
0.1165684054149799
0.1415713788299450
0.1525097817834743
0.1462319930255783
0.1184027288487087
0.0593082818782612
0.0000000000000000
0.0000000000000000
0.0000000000000000
0.0000000000000000
0.0000000000000000
0.0000000000000000
0.0000000000000000
0.0000000000000000
0.0000000000000000
0.0000000000000000
0.0000000000000000
0.0000000000000000
0.0000000000000000
0.0000000000000000
0.0000000000000000
0.0351902208965866
0.0376384090625725
0.0806038729738301
0.1164953485097843
0.1415979791462190
0.1526357792032903
0.1464419509189862
0.1186534549610614
0.0594718827495902
0.0000000000000000
0.0000000000000000
0.0000000000000000
0.0000000000000000
0.0000000000000000
0.0000000000000000
0.0000000000000000
0.0000000000000000
0.0000000000000000
0.0000000000000000
0.0000000000000000
0.0000000000000000
0.0000000000000000
0.0000000000000000
0.0000000000000000
0.0351438097260482
0.0374203156471750
0.0804539283715696
0.1164335810130314
0.1416343802253853
0.1527685226102896
0.1466530008390668
0.1188939063562283
0.0595984739426638
0.0000000000000000
0.0000000000000000
0.0000000000000000
0.0000000000000000
0.0000000000000000
0.0000000000000000
0.0000000000000000
0.0000000000000000
0.0000000000000000
0.0000000000000000
0.0000000000000000
0.0000000000000000
0.0000000000000000
0.0000000000000000
0.0000000000000000
0.0350955477381467
0.0372135984878726
0.0803157557742039
0.1163831223186609
0.1416804989793874
0.1529078259509906
0.1468648553447113
0.1191236742383407
0.0596873662722976
0.0000000000000000
0.0000000000000000
0.0000000000000000
0.0000000000000000
0.0000000000000000
0.0000000000000000
0.0000000000000000
0.0000000000000000
0.0000000000000000
0.0000000000000000
0.0000000000000000
0.0000000000000000
0.0000000000000000
0.0000000000000000
0.0000000000000000
0.0350454408391997
0.0370184431871720
0.0801894583053542
0.1163439791055878
0.1417362390112636
0.1530534892927204
0.1470772108816570
0.1193423231078221
0.0597378101457856
0.0000000000000000
0.0000000000000000
0.0000000000000000
0.0000000000000000
0.0000000000000000
0.0000000000000000
0.0000000000000000
0.0000000000000000
0.0000000000000000
0.0000000000000000
0.0000000000000000
0.0000000000000000
0.0000000000000000
0.0000000000000000
0.0000000000000000
0.0349934941982180
0.0368351666628814
0.0800751269588602
0.1163161449201253
0.1418014903432097
0.1532052987362970
0.1472897478959068
0.1195493910133481
0.0597489962571566
0.0000000000000000
0.0000000000000000
0.0000000000000000
0.0000000000000000
0.0000000000000000
0.0000000000000000
0.0000000000000000
0.0000000000000000
0.0000000000000000
0.0000000000000000
0.0000000000000000
0.0000000000000000
0.0000000000000000
0.0000000000000000
0.0000000000000000
0.0349397122991323
0.0367948809467724
0.0799728402158850
0.1162995998735916
0.1418761291899078
0.1533630262675764
0.1475021307685785
0.1197443895400820
0.0597200559920397
0.0000000000000000
0.0000000000000000
0.0000000000000000
0.0000000000000000
0.0000000000000000
0.0000000000000000
0.0000000000000000
0.0000000000000000
0.0000000000000000
0.0000000000000000
0.0000000000000000
0.0000000000000000
0.0000000000000000
0.0000000000000000
0.0000000000000000
0.0348840990460205
0.0367525677438249
0.0798826641971601
0.1162943107199268
0.1419600179460568
0.1535264296217666
0.1477140075097376
0.1199268031597419
0.0596500609035332
0.0000000000000000
0.0000000000000000
0.0000000000000000
0.0000000000000000
0.0000000000000000
0.0000000000000000
0.0000000000000000
0.0000000000000000
0.0000000000000000
0.0000000000000000
0.0000000000000000
0.0000000000000000
0.0000000000000000
0.0000000000000000
0.0000000000000000
0.0348266579274035
0.0367082188283868
0.0798046535004086
0.1163002314956313
0.1420530055058453
0.1536952521963044
0.1479250091650524
0.1200960878876325
0.0595380209884551
0.0000000000000000
0.0000000000000000
0.0000000000000000
0.0000000000000000
0.0000000000000000
0.0000000000000000
0.0000000000000000
0.0000000000000000
0.0000000000000000
0.0000000000000000
0.0000000000000000
0.0000000000000000
0.0000000000000000
0.0000000000000000
0.0000000000000000
0.0347673922455013
0.0366618258430811
0.0797388526247834
0.1163173045653635
0.1421549278142445
0.1538692229780652
0.1481347489853734
0.1202516693639534
0.0593828822918592
0.0000000000000000
0.0000000000000000
0.0000000000000000
0.0000000000000000
0.0000000000000000
0.0000000000000000
0.0000000000000000
0.0000000000000000
0.0000000000000000
0.0000000000000000
0.0000000000000000
0.0000000000000000
0.0000000000000000
0.0000000000000000
0.0000000000000000
0.0347063054039063
0.0366133805003631
0.0796852976112228
0.1163454618191425
0.1422656084399421
0.1540480563829259
0.1483428214269022
0.1203929407383026
0.0591835246447200
0.0000000000000000
0.0000000000000000
0.0000000000000000
0.0000000000000000
0.0000000000000000
0.0000000000000000
0.0000000000000000
0.0000000000000000
0.0000000000000000
0.0000000000000000
0.0000000000000000
0.0000000000000000
0.0000000000000000
0.0000000000000000
0.0000000000000000
0.0346434012488532
0.0365628748312106
0.0796440175869103
0.1163846257092746
0.1423848589948074
0.1542314519673317
0.1485488010925195
0.1205192606407099
0.0589387603431075
0.0000000000000000
0.0000000000000000
0.0000000000000000
0.0000000000000000
0.0000000000000000
0.0000000000000000
0.0000000000000000
0.0000000000000000
0.0000000000000000
0.0000000000000000
0.0000000000000000
0.0000000000000000
0.0000000000000000
0.0000000000000000
0.0000000000000000
0.0345786844305014
0.0365103014595263
0.0796150360847234
0.1164347101467516
0.1425124794716652
0.1544190941465680
0.1487522417892938
0.1206299514020810
0.0586473335808186
0.0000000000000000
0.0000000000000000
0.0000000000000000
0.0000000000000000
0.0000000000000000
0.0000000000000000
0.0000000000000000
0.0000000000000000
0.0000000000000000
0.0000000000000000
0.0000000000000000
0.0000000000000000
0.0000000000000000
0.0000000000000000
0.0000000000000000
0.0345121607082641
0.0364556538354032
0.0795983722675628
0.1164956214171476
0.1426482587781148
0.1546106522627871
0.1489526760309929
0.1207242975947578
0.0583079201441326
0.0000000000000000
0.0000000000000000
0.0000000000000000
0.0000000000000000
0.0000000000000000
0.0000000000000000
0.0000000000000000
0.0000000000000000
0.0000000000000000
0.0000000000000000
0.0000000000000000
0.0000000000000000
0.0000000000000000
0.0000000000000000
0.0000000000000000
0.0344438370810702
0.0363989263323359
0.0795940419321290
0.1165672592080168
0.1427919756820458
0.1548057813389400
0.1491496153595991
0.1208015451974628
0.0579191270016325
0.0000000000000000
0.0000000000000000
0.0000000000000000
0.0000000000000000
0.0000000000000000
0.0000000000000000
0.0000000000000000
0.0000000000000000
0.0000000000000000
0.0000000000000000
0.0000000000000000
0.0000000000000000
0.0000000000000000
0.0000000000000000
0.0000000000000000
0.0343737216410616
0.0363401141374958
0.0796020578625246
0.1166495173760998
0.1429433999925598
0.1550041235465909
0.1493425517696701
0.1208609018699044
0.0574794928567204
0.0000000000000000
0.0000000000000000
0.0000000000000000
0.0000000000000000
0.0000000000000000
0.0000000000000000
0.0000000000000000
0.0000000000000000
0.0000000000000000
0.0000000000000000
0.0000000000000000
0.0000000000000000
0.0000000000000000
0.0000000000000000
0.0000000000000000
0.0343018231403156
0.0362792129532229
0.0796224286473089
0.1167422836927568
0.1431022933073427
0.1552053099302090
0.1495309601067538
0.1209015389776222
0.0569874919173598
0.0000000000000000
0.0000000000000000
0.0000000000000000
0.0000000000000000
0.0000000000000000
0.0000000000000000
0.0000000000000000
0.0000000000000000
0.0000000000000000
0.0000000000000000
0.0000000000000000
0.0000000000000000
0.0000000000000000
0.0000000000000000
0.0000000000000000
0.0342281503998741
0.0362162186313609
0.0796551553667777
0.1168454377912380
0.1432684085346793
0.1554089616340367
0.1497143009530270
0.1209225955133030
0.0564415433552087
0.0000000000000000
0.0000000000000000
0.0000000000000000
0.0000000000000000
0.0000000000000000
0.0000000000000000
0.0000000000000000
0.0000000000000000
0.0000000000000000
0.0000000000000000
0.0000000000000000
0.0000000000000000
0.0000000000000000
0.0000000000000000
0.0000000000000000
0.0341527117653413
0.0361511269094524
0.0797002262354840
0.1169588472326259
0.1434414878040701
0.1556146900495296
0.1498920233060265
0.1209231835274246
0.0558400272985651
0.0000000000000000
0.0000000000000000
0.0000000000000000
0.0000000000000000
0.0000000000000000
0.0000000000000000
0.0000000000000000
0.0000000000000000
0.0000000000000000
0.0000000000000000
0.0000000000000000
0.0000000000000000
0.0000000000000000
0.0000000000000000
0.0000000000000000
0.0340755147841570
0.0360839333557712
0.0797576102775558
0.1170823624356970
0.1436212592298654
0.1558220959017378
0.1500635665941750
0.1209023939715756
0.0551813058027190
0.0000000000000000
0.0000000000000000
0.0000000000000000
0.0000000000000000
0.0000000000000000
0.0000000000000000
0.0000000000000000
0.0000000000000000
0.0000000000000000
0.0000000000000000
0.0000000000000000
0.0000000000000000
0.0000000000000000
0.0000000000000000
0.0000000000000000
0.0339965661310382
0.0360146335027816
0.0798272515929198
0.1172158119328433
0.1438074336096071
0.1560307679286755
0.1502283619827187
0.1208593017505751
0.0544637451255307
0.0000000000000000
0.0000000000000000
0.0000000000000000
0.0000000000000000
0.0000000000000000
0.0000000000000000
0.0000000000000000
0.0000000000000000
0.0000000000000000
0.0000000000000000
0.0000000000000000
0.0000000000000000
0.0000000000000000
0.0000000000000000
0.0000000000000000
0.0339158716738859
0.0359432230352458
0.0799090655832074
0.1173589992298447
0.1439997022715347
0.1562402820261189
0.1503858332520998
0.1207929690271370
0.0536857358187433
0.0000000000000000
0.0000000000000000
0.0000000000000000
0.0000000000000000
0.0000000000000000
0.0000000000000000
0.0000000000000000
0.0000000000000000
0.0000000000000000
0.0000000000000000
0.0000000000000000
0.0000000000000000
0.0000000000000000
0.0000000000000000
0.0000000000000000
0.0338334365241837
0.0358696978914818
0.0800029376425945
0.1175117019113883
0.1441977366588418
0.1564502014015961
0.1505353975638958
0.1207024464624059
0.0528457087595107
0.0000000000000000
0.0000000000000000
0.0000000000000000
0.0000000000000000
0.0000000000000000
0.0000000000000000
0.0000000000000000
0.0000000000000000
0.0000000000000000
0.0000000000000000
0.0000000000000000
0.0000000000000000
0.0000000000000000
0.0000000000000000
0.0000000000000000
0.0337492649948323
0.0357940542222573
0.0801087240257530
0.1176736726921924
0.1444011894898517
0.1566600776646885
0.1506764661704930
0.1205867726217343
0.0519421481593907
0.0000000000000000
0.0000000000000000
0.0000000000000000
0.0000000000000000
0.0000000000000000
0.0000000000000000
0.0000000000000000
0.0000000000000000
0.0000000000000000
0.0000000000000000
0.0000000000000000
0.0000000000000000
0.0000000000000000
0.0000000000000000
0.0000000000000000
0.0336633605017460
0.0357558302704321
0.0802262540176324
0.1178446416322730
0.1446096967701136
0.1568694523446214
0.1508084449260624
0.1204449721078589
0.0509736041581993
0.0000000000000000
0.0000000000000000
0.0000000000000000
0.0000000000000000
0.0000000000000000
0.0000000000000000
0.0000000000000000
0.0000000000000000
0.0000000000000000
0.0000000000000000
0.0000000000000000
0.0000000000000000
0.0000000000000000
0.0000000000000000
0.0000000000000000
0.0335757255075626
0.0358317001049780
0.0803553326868133
0.1180243187145227
0.1448228799511389
0.1570778582943085
0.1509307344120256
0.1202760529947419
0.0499387080006699
0.0000000000000000
0.0000000000000000
0.0000000000000000
0.0000000000000000
0.0000000000000000
0.0000000000000000
0.0000000000000000
0.0000000000000000
0.0000000000000000
0.0000000000000000
0.0000000000000000
0.0000000000000000
0.0000000000000000
0.0000000000000000
0.0000000000000000
0.0334863615687639
0.0359207745229395
0.0804957436864755
0.1182123963529243
0.1450403478534582
0.1572848207481993
0.1510427296714484
0.1200790039569267
0.0488361917564212
0.0000000000000000
0.0000000000000000
0.0000000000000000
0.0000000000000000
0.0000000000000000
0.0000000000000000
