0.0000000000000000
0.0000000000000000
0.0000000000000000
0.0000000000000000
0.0878721629374242
0.1438491666972831
0.1552806873134575
0.1426949148497201
0.1149128984082423
0.0775480413602280
0.0371092479495036
0.0000000000000000
0.0000000000000000
0.0000000000000000
0.0267566697359686
0.0206230983947956
0.0135619640480135
0.0056145739790539
0.0000000000000000
0.0000000000000000
0.0000000000000000
0.0000000000000000
0.0000000000000000
0.0000000000000000
0.0000000000000000
0.0000000000000000
0.0000000000000000
0.0000000000000000
0.0866905008771746
0.1434581382760528
0.1552198063289701
0.1428003185130023
0.1151066116130123
0.0777787223531952
0.0370869138902820
0.0000000000000000
0.0000000000000000
0.0000000000000000
0.0267770095156237
0.0206468162457395
0.0135858012493561
0.0056355072960177
0.0000000000000000
0.0000000000000000
0.0000000000000000
0.0000000000000000
0.0000000000000000
0.0000000000000000
0.0000000000000000
0.0000000000000000
0.0000000000000000
0.0000000000000000
0.0854589437297150
0.1430469020283989
0.1551468031445720
0.1428950117067203
0.1152889068170385
0.0779965950001928
0.0370626038264338
0.0000000000000000
0.0000000000000000
0.0000000000000000
0.0267943554701767
0.0206671532182763
0.0136057557099569
0.0056517386426284
0.0000000000000000
0.0000000000000000
0.0000000000000000
0.0000000000000000
0.0000000000000000
0.0000000000000000
0.0000000000000000
0.0000000000000000
0.0000000000000000
0.0000000000000000
0.0841770330727680
0.1426152453068884
0.1550614992210104
0.1429787678884133
0.1154595227794857
0.0782013921426622
0.0370363145426146
0.0000000000000000
0.0000000000000000
0.0000000000000000
0.0268086710412666
0.0206840719499225
0.0136217927957149
0.0056632371187432
0.0000000000000000
0.0000000000000000
0.0000000000000000
0.0000000000000000
0.0000000000000000
0.0000000000000000
0.0000000000000000
0.0000000000000000
0.0000000000000000
0.0000000000000000
0.0828443161461578
0.1421629458284163
0.1549637139587997
0.1430513620742762
0.1156182030879371
0.0783928546067418
0.0370080421467658
0.0000000000000000
0.0000000000000000
0.0000000000000000
0.0268199205273668
0.0206975363325809
0.0136338793419307
0.0056699735328413
0.0000000000000000
0.0000000000000000
0.0000000000000000
0.0000000000000000
0.0000000000000000
0.0000000000000000
0.0000000000000000
0.0000000000000000
0.0000000000000000
0.0000000000000000
0.0814603559006237
0.1416897728320828
0.1548532646859083
0.1431125700909125
0.1157646949447820
0.0785707296668235
0.0369777820867701
0.0000000000000000
0.0000000000000000
0.0000000000000000
0.0268280688764141
0.0207075112644791
0.0136419833597683
0.0056719200339469
0.0000000000000000
0.0000000000000000
0.0000000000000000
0.0000000000000000
0.0000000000000000
0.0000000000000000
0.0000000000000000
0.0000000000000000
0.0000000000000000
0.0000000000000000
0.0800247405722512
0.1411954878207037
0.1547299667530763
0.1431621682845124
0.1158987485962398
0.0787347703229942
0.0369455291622245
0.0000000000000000
0.0000000000000000
0.0000000000000000
0.0268330815969826
0.0207139625352336
0.0136460738969046
0.0056690499205677
0.0000000000000000
0.0000000000000000
0.0000000000000000
0.0000000000000000
0.0000000000000000
0.0000000000000000
0.0000000000000000
0.0000000000000000
0.0000000000000000
0.0000000000000000
0.0785370932014734
0.1406798449782118
0.1545936337314357
0.1431999335966278
0.1160201173620630
0.0788847352628122
0.0369112775367105
0.0000000000000000
0.0000000000000000
0.0000000000000000
0.0268349247669511
0.0207168568318555
0.0136461210289245
0.0056613376183520
0.0000000000000000
0.0000000000000000
0.0000000000000000
0.0000000000000000
0.0000000000000000
0.0000000000000000
0.0000000000000000
0.0000000000000000
0.0000000000000000
0.0000000000000000
0.0769970817555648
0.1401425914286806
0.1544440777165883
0.1432256439363789
0.1161285580469437
0.0790203893211795
0.0368750207615414
0.0000000000000000
0.0000000000000000
0.0000000000000000
0.0268335651176315
0.0207161618259281
0.0136420959512458
0.0056487587763662
0.0000000000000000
0.0000000000000000
0.0000000000000000
0.0000000000000000
0.0000000000000000
0.0000000000000000
0.0000000000000000
0.0000000000000000
0.0000000000000000
0.0000000000000000
0.0754044308199217
0.1395834675871604
0.1542811097371576
0.1432390786902807
0.1162238315611332
0.0791415041443137
0.0368367518172532
0.0000000000000000
0.0000000000000000
0.0000000000000000
0.0268289701511028
0.0207118463039415
0.0136339711081595
0.0056312904267039
0.0000000000000000
0.0000000000000000
0.0000000000000000
0.0000000000000000
0.0000000000000000
0.0000000000000000
0.0000000000000000
0.0000000000000000
0.0000000000000000
0.0000000000000000
0.0737589356537159
0.1390022078247055
0.1541045402542191
0.1432400192167230
0.1163057034350750
0.0792478587457291
0.0369012197052456
0.0000000000000000
0.0000000000000000
0.0000000000000000
0.0268211082416923
0.0207038802684691
0.0136217202988985
0.0056089111211762
0.0000000000000000
0.0000000000000000
0.0000000000000000
0.0000000000000000
0.0000000000000000
0.0000000000000000
0.0000000000000000
0.0000000000000000
0.0000000000000000
0.0000000000000000
0.0720604797566912
0.1383985417248567
0.1539141797406612
0.1432282491398936
0.1163739439736118
0.0793392395581231
0.0369760898653896
0.0184160998994542
0.0000000000000000
0.0000000000000000
0.0268099486697275
0.0206922349617097
0.0136053186825494
0.0055816009734177
0.0000000000000000
0.0000000000000000
0.0000000000000000
0.0000000000000000
0.0000000000000000
0.0000000000000000
0.0000000000000000
0.0000000000000000
0.0000000000000000
0.0000000000000000
0.0703090565996599
0.1377721961255289
0.1537098393490687
0.1432035543563198
0.1164283278755062
0.0794154398491190
0.0370346919781601
0.0183996776211817
0.0000000000000000
0.0000000000000000
0.0267954615722879
0.0206768827815625
0.0135847426689713
0.0055493415778403
0.0000000000000000
0.0000000000000000
0.0000000000000000
0.0000000000000000
0.0000000000000000
0.0000000000000000
0.0000000000000000
0.0000000000000000
0.0000000000000000
0.0000000000000000
0.0685047960723983
0.1371228980643112
0.1534913317256962
0.1431657228060253
0.1164686334127724
0.0794762585408192
0.0370768738895146
0.0183820929094244
0.0000000000000000
0.0000000000000000
0.0267776178324965
0.0206577971303967
0.0135599697291133
0.0055121158664009
0.0000000000000000
0.0000000000000000
0.0000000000000000
0.0000000000000000
0.0000000000000000
0.0000000000000000
0.0000000000000000
0.0000000000000000
0.0000000000000000
0.0000000000000000
0.0666479956922332
0.1364503786194621
0.1532584720781084
0.1431145442292068
0.1164946414406628
0.0795214988436114
0.0371024898516430
0.0183633368466353
0.0000000000000000
0.0000000000000000
0.0267563889767988
0.0206349522659720
0.0135309782151725
0.0054699079944600
0.0000000000000000
0.0000000000000000
0.0000000000000000
0.0000000000000000
0.0000000000000000
0.0000000000000000
0.0000000000000000
0.0000000000000000
0.0000000000000000
0.0000000000000000
0.0647391565561715
0.1357543776463778
0.1530110795919805
0.1430498100978268
0.1165061345649694
0.0795509670128977
0.0371113991900052
0.0183434006522587
0.0000000000000000
0.0000000000000000
0.0267317471201334
0.0206083232123362
0.0134977472468427
0.0054227033368944
0.0000000000000000
0.0000000000000000
0.0000000000000000
0.0000000000000000
0.0000000000000000
0.0000000000000000
0.0000000000000000
0.0000000000000000
0.0000000000000000
0.0000000000000000
0.0627790233398996
0.1350346490991704
0.1527489791494550
0.1429713138148043
0.1165028965475591
0.0795644713944722
0.0371034652296874
0.0183222757773363
0.0000000000000000
0.0000000000000000
0.0267036649614940
0.0205778857179284
0.0134602566490910
0.0053704885513371
0.0000000000000000
0.0000000000000000
0.0000000000000000
0.0000000000000000
0.0000000000000000
0.0000000000000000
0.0000000000000000
0.0000000000000000
0.0000000000000000
0.0000000000000000
0.0607686263542872
0.1342909662125354
0.1524720030453769
0.1428788510277205
0.1164847119367998
0.0795618216692331
0.0370785543980642
0.0182999539856228
0.0000000000000000
0.0000000000000000
0.0266721157695571
0.0205436162036885
0.0134184868584625
0.0053132516164821
0.0000000000000000
0.0000000000000000
0.0000000000000000
0.0000000000000000
0.0000000000000000
0.0000000000000000
0.0000000000000000
0.0000000000000000
0.0000000000000000
0.0000000000000000
0.0587093218344519
0.1335231251336109
0.1521799921906462
0.1427722199217652
0.1164513658521092
0.0795428283336513
0.0370365354726201
0.0182764273840825
0.0000000000000000
0.0000000000000000
0.0266370733219788
0.0205054916522974
0.0133724187550316
0.0052509817710583
0.0000000000000000
0.0000000000000000
0.0000000000000000
0.0000000000000000
0.0000000000000000
0.0000000000000000
0.0000000000000000
0.0000000000000000
0.0000000000000000
0.0000000000000000
0.0566028264533784
0.1327309454758885
0.1518727963481200
0.1426512214864425
0.1164026442343458
0.0795073027874913
0.0369772794295649
0.0182516883829213
0.0000000000000000
0.0000000000000000
0.0265985118375569
0.0204634895092146
0.0133220334876018
0.0051836694583282
0.0000000000000000
0.0000000000000000
0.0000000000000000
0.0000000000000000
0.0000000000000000
0.0000000000000000
0.0000000000000000
0.0000000000000000
0.0000000000000000
0.0000000000000000
0.0544512440052933
0.1319142671233677
0.1515502733581662
0.1425156600781539
0.1163383350710877
0.0794550587862885
0.0369006607170886
0.0182257296086680
0.0000000000000000
0.0000000000000000
0.0265564060417202
0.0204175877555529
0.0132673125112670
0.0051113065416909
0.0000000000000000
0.0000000000000000
0.0000000000000000
0.0000000000000000
0.0000000000000000
0.0000000000000000
0.0000000000000000
0.0000000000000000
0.0000000000000000
0.0000000000000000
0.0522570869212120
0.1310729440786540
0.1512122878672942
0.1423653447230518
0.1162582311318148
0.0793859158285357
0.0368065607410239
0.0181985438317980
0.0000000000000000
0.0000000000000000
0.0265107315239591
0.0203677653483703
0.0132082380493189
0.0050338870922396
0.0000000000000000
0.0000000000000000
0.0000000000000000
0.0000000000000000
0.0000000000000000
0.0000000000000000
0.0000000000000000
0.0000000000000000
0.0000000000000000
0.0000000000000000
0.0500232987236645
0.1302068376270596
0.1508587103962915
0.1422000914422448
0.1161621342329640
0.0792997045069651
0.0366948735282664
0.0181701239747408
0.0000000000000000
0.0000000000000000
0.0132307327918490
0.0203140030801764
0.0131447940605981
0.0049514088528072
0.0000000000000000
0.0000000000000000
0.0000000000000000
0.0000000000000000
0.0000000000000000
0.0000000000000000
0.0000000000000000
0.0000000000000000
0.0000000000000000
0.0000000000000000
0.0477532841442758
0.1293158110949804
0.1504894173612369
0.1420197263931632
0.1160498603953122
0.0791962728610081
0.0365655126384423
0.0181404632233933
0.0000000000000000
0.0000000000000000
0.0132042938253118
0.0202562847130779
0.0130769675231216
0.0048638751815495
0.0000000000000000
0.0000000000000000
0.0000000000000000
0.0000000000000000
0.0000000000000000
0.0000000000000000
0.0000000000000000
0.0000000000000000
0.0000000000000000
0.0000000000000000
0.0454509496695488
0.1283997273032206
0.1501042920007854
0.1418240891560367
0.1159212447426140
0.0790754923371247
0.0364184175999772
0.0181095552024113
0.0000000000000000
0.0000000000000000
0.0131760405204938
0.0201945980748558
0.0130047496709031
0.0047712970225467
0.0000000000000000
0.0000000000000000
0.0000000000000000
0.0000000000000000
0.0000000000000000
0.0000000000000000
0.0000000000000000
0.0000000000000000
0.0000000000000000
0.0000000000000000
0.0431207522841016
0.1274584479601608
0.1497032255258439
0.1416130352778144
0.1157761450587357
0.0789372619672804
0.0362535583984623
0.0180773941340200
0.0000000000000000
0.0000000000000000
0.0131459665359558
0.0201289358005496
0.0129281368113375
0.0046736944747449
0.0000000000000000
0.0000000000000000
0.0000000000000000
0.0000000000000000
0.0000000000000000
0.0000000000000000
0.0000000000000000
0.0000000000000000
0.0000000000000000
0.0000000000000000
0.0407677511704423
0.1264918333594139
0.1492861176548772
0.1413864374773820
0.1156144433774077
0.0787815101548088
0.0360709372370508
0.0180439749121609
0.0000000000000000
0.0000000000000000
0.0131140677146567
0.0200592955665707
0.0128471305468635
0.0045710977430000
0.0000000000000000
0.0000000000000000
0.0000000000000000
0.0000000000000000
0.0000000000000000
0.0000000000000000
0.0000000000000000
0.0000000000000000
0.0000000000000000
0.0000000000000000
0.0383976581751734
0.1254997412008999
0.1488528761536469
0.1411441854441071
0.1154360457593460
0.0786081942522283
0.0358705878637076
0.0180092930762403
0.0000000000000000
0.0000000000000000
0.0130803420035501
0.0199856798663250
0.0127617374716618
0.0044635475993670
0.0000000000000000
0.0000000000000000
0.0000000000000000
0.0000000000000000
0.0000000000000000
0.0000000000000000
0.0000000000000000
0.0000000000000000
0.0000000000000000
0.0000000000000000
0.0360168857118634
0.1244820247213139
0.1484034156515726
0.1408861846588831
0.1152408808117344
0.0784172987010071
0.0357177929721278
0.0179733447239672
0.0000000000000000
0.0000000000000000
0.0130447892559514
0.0199080955277908
0.0126719685778873
0.0043510956592649
0.0000000000000000
0.0000000000000000
0.0000000000000000
0.0000000000000000
0.0000000000000000
0.0000000000000000
0.0000000000000000
0.0000000000000000
0.0000000000000000
0.0000000000000000
0.0336325927884116
0.1234385312005472
0.1479376563906139
0.1406123548620833
0.1150288976694279
0.0782088325249525
0.0356378952272213
0.0179361264202928
0.0000000000000000
0.0000000000000000
0.0130074110081198
0.0198265531699095
0.0125778386053434
0.0042338047912358
0.0000000000000000
0.0000000000000000
0.0000000000000000
0.0000000000000000
0.0000000000000000
0.0000000000000000
0.0000000000000000
0.0000000000000000
0.0000000000000000
0.0000000000000000
0.0312527281786020
0.1223691018581291
0.1474555234175220
0.1403226285986530
0.1148000639246367
0.0779828267512254
0.0355558674121320
0.0178976351390315
0.0000000000000000
0.0000000000000000
0.0129682102759821
0.0197410667119148
0.0124793654564644
0.0041117498336042
0.0000000000000000
0.0000000000000000
0.0000000000000000
0.0000000000000000
0.0000000000000000
0.0000000000000000
