0.0000000000000000
0.0000000000000000
0.0000000000000000
0.0000000000000000
0.0255082541836471
0.0642141032837231
0.0942842878636182
0.1128719536071376
0.1190140720170217
0.1127275013160103
0.0949453852301920
0.0674891305850376
0.0000000000000000
0.0000000000000000
0.0000000000000000
0.0000000000000000
0.0000000000000000
0.0000000000000000
0.0000000000000000
0.0000000000000000
0.0000000000000000
0.0000000000000000
0.0000000000000000
0.0000000000000000
0.0000000000000000
0.0000000000000000
0.0000000000000000
0.0000000000000000
0.0251411179780610
0.0640185644029526
0.0942443110548453
0.1129670924638774
0.1192277793808682
0.1130414048396701
0.0953371749643582
0.0679322686957916
0.0000000000000000
0.0000000000000000
0.0000000000000000
0.0000000000000000
0.0000000000000000
0.0000000000000000
0.0000000000000000
0.0000000000000000
0.0000000000000000
0.0000000000000000
0.0000000000000000
0.0000000000000000
0.0000000000000000
0.0000000000000000
0.0000000000000000
0.0000000000000000
0.0247688246762172
0.0638299349442559
0.0942172304686704
0.1130776880825689
0.1194576688639224
0.1133710886711919
0.0957436220742099
0.0683885253224239
0.0000000000000000
0.0000000000000000
0.0000000000000000
0.0000000000000000
0.0000000000000000
0.0000000000000000
0.0000000000000000
0.0000000000000000
0.0000000000000000
0.0000000000000000
0.0000000000000000
0.0000000000000000
0.0000000000000000
0.0000000000000000
0.0000000000000000
0.0000000000000000
0.0243909472342560
0.0636480283737101
0.0942029147418442
0.1132035683806430
0.1197035036343817
0.1137162532039781
0.0961643782977195
0.0688575243588190
0.0000000000000000
0.0000000000000000
0.0000000000000000
0.0000000000000000
0.0000000000000000
0.0000000000000000
0.0000000000000000
0.0000000000000000
0.0000000000000000
0.0000000000000000
0.0000000000000000
0.0000000000000000
0.0000000000000000
0.0000000000000000
0.0000000000000000
0.0000000000000000
0.0240070226786130
0.0634726326473921
0.0942012142565644
0.1133445458679565
0.1199650337295701
0.1140765881883981
0.0965990874741220
0.0693388846541946
0.0000000000000000
0.0000000000000000
0.0000000000000000
0.0000000000000000
0.0000000000000000
0.0000000000000000
0.0000000000000000
0.0000000000000000
0.0000000000000000
0.0000000000000000
0.0000000000000000
0.0000000000000000
0.0000000000000000
0.0000000000000000
0.0000000000000000
0.0000000000000000
0.0236165553173087
0.0633035119193716
0.0942119626598047
0.1135004187761988
0.1202419967372525
0.1144517729728131
0.0970473853952099
0.0698322195218324
0.0000000000000000
0.0000000000000000
0.0000000000000000
0.0000000000000000
0.0000000000000000
0.0000000000000000
0.0000000000000000
0.0000000000000000
0.0000000000000000
0.0000000000000000
0.0000000000000000
0.0000000000000000
0.0000000000000000
0.0000000000000000
0.0000000000000000
0.0000000000000000
0.0232190195166546
0.0631404075519630
0.0942349778672122
0.1136709718675952
0.1205341183918542
0.1148414768841249
0.0975088999750057
0.0703371367550438
0.0000000000000000
0.0000000000000000
0.0000000000000000
0.0000000000000000
0.0000000000000000
0.0000000000000000
0.0000000000000000
0.0000000000000000
0.0000000000000000
0.0000000000000000
0.0000000000000000
0.0000000000000000
0.0000000000000000
0.0000000000000000
0.0000000000000000
0.0000000000000000
0.0228138622289460
0.0629830385077587
0.0942700625580091
0.1138559769149078
0.1208411130124585
0.1152453596272990
0.0979832516208746
0.0708532389360280
0.0000000000000000
0.0000000000000000
0.0000000000000000
0.0000000000000000
0.0000000000000000
0.0000000000000000
0.0000000000000000
0.0000000000000000
0.0000000000000000
0.0000000000000000
0.0000000000000000
0.0000000000000000
0.0000000000000000
0.0000000000000000
0.0000000000000000
0.0000000000000000
0.0224005055393652
0.0628311012552409
0.0943170042543196
0.1140551928368098
0.1211626837125147
0.1156630715701198
0.0984700535735332
0.0713801238446962
0.0000000000000000
0.0000000000000000
0.0000000000000000
0.0000000000000000
0.0000000000000000
0.0000000000000000
0.0000000000000000
0.0000000000000000
0.0000000000000000
0.0000000000000000
0.0000000000000000
0.0000000000000000
0.0000000000000000
0.0000000000000000
0.0000000000000000
0.0000000000000000
0.0219783496481258
0.0626842694596230
0.0943755751207297
0.1142683655766012
0.1214985223678839
0.1160942538121794
0.0989689120809748
0.0719173846896533
0.0000000000000000
0.0000000000000000
0.0000000000000000
0.0000000000000000
0.0000000000000000
0.0000000000000000
0.0000000000000000
0.0000000000000000
0.0000000000000000
0.0000000000000000
0.0000000000000000
0.0000000000000000
0.0000000000000000
0.0000000000000000
0.0000000000000000
0.0000000000000000
0.0215467766549635
0.0625421937480152
0.0944455317533552
0.1144952278607283
0.1218483093929162
0.1165385379986088
0.0994794262407823
0.0724646099931786
0.0000000000000000
0.0000000000000000
0.0000000000000000
0.0000000000000000
0.0000000000000000
0.0000000000000000
0.0000000000000000
0.0000000000000000
0.0000000000000000
0.0000000000000000
0.0000000000000000
0.0000000000000000
0.0000000000000000
0.0000000000000000
0.0000000000000000
0.0000000000000000
0.0211051556633484
0.0624045019203507
0.0945266151972146
0.1147354990292375
0.1222117134100909
0.1169955458531237
0.1000011874278741
0.0730213829178540
0.0000000000000000
0.0000000000000000
0.0000000000000000
0.0000000000000000
0.0000000000000000
0.0000000000000000
0.0000000000000000
0.0000000000000000
0.0000000000000000
0.0000000000000000
0.0000000000000000
0.0000000000000000
0.0000000000000000
0.0000000000000000
0.0000000000000000
0.0000000000000000
0.0206528494966452
0.0622707998417378
0.0946185514248986
0.1149888850617937
0.1225883908799601
0.1174648884554391
0.1005337782542164
0.0735872799824475
0.0000000000000000
0.0000000000000000
0.0000000000000000
0.0000000000000000
0.0000000000000000
0.0000000000000000
0.0000000000000000
0.0000000000000000
0.0000000000000000
0.0000000000000000
0.0000000000000000
0.0000000000000000
0.0000000000000000
0.0000000000000000
0.0000000000000000
0.0000000000000000
0.0201892232268449
0.0621406730422814
0.0947210522136071
0.1152550787728548
0.1229779856616772
0.1179461652289511
0.1010767710736086
0.0741618691772007
0.0000000000000000
0.0000000000000000
0.0000000000000000
0.0000000000000000
0.0000000000000000
0.0000000000000000
0.0000000000000000
0.0000000000000000
0.0000000000000000
0.0000000000000000
0.0000000000000000
0.0000000000000000
0.0000000000000000
0.0000000000000000
0.0000000000000000
0.0000000000000000
0.0197136544637553
0.0620136887684454
0.0948338162117932
0.1155337599625381
0.1233801283654192
0.1184389625904227
0.1016297260309680
0.0747447075720529
0.0000000000000000
0.0000000000000000
0.0000000000000000
0.0000000000000000
0.0000000000000000
0.0000000000000000
0.0000000000000000
0.0000000000000000
0.0000000000000000
0.0000000000000000
0.0000000000000000
0.0000000000000000
0.0000000000000000
0.0000000000000000
0.0000000000000000
0.0000000000000000
0.0192255453713232
0.0618893982640552
0.0949565299168093
0.1158245953471364
0.1237944353896904
0.1189428522350549
0.1021921887484770
0.0753353385484555
0.0000000000000000
0.0000000000000000
0.0000000000000000
0.0000000000000000
0.0000000000000000
0.0000000000000000
0.0000000000000000
0.0000000000000000
0.0000000000000000
0.0000000000000000
0.0000000000000000
0.0000000000000000
0.0000000000000000
0.0000000000000000
0.0000000000000000
0.0000000000000000
0.0187243363033683
0.0617673391056396
0.0950888685574598
0.1161272383355118
0.1242205078326125
0.1194573893412885
0.1027636879706442
0.0759332890693007
0.0000000000000000
0.0000000000000000
0.0000000000000000
0.0000000000000000
0.0000000000000000
0.0000000000000000
0.0000000000000000
0.0000000000000000
0.0000000000000000
0.0000000000000000
0.0000000000000000
0.0000000000000000
0.0000000000000000
0.0000000000000000
0.0000000000000000
0.0000000000000000
0.0182095207262113
0.0616470376204798
0.0952304971368502
0.1164413291448969
0.1246579308961055
0.1199821114172084
0.1033437339811760
0.0765380677739535
0.0000000000000000
0.0000000000000000
0.0000000000000000
0.0000000000000000
0.0000000000000000
0.0000000000000000
0.0000000000000000
0.0000000000000000
0.0000000000000000
0.0000000000000000
0.0000000000000000
0.0000000000000000
0.0000000000000000
0.0000000000000000
0.0000000000000000
0.0000000000000000
0.0176806605399705
0.0615280111465673
0.0953810719205330
0.1167664958222080
0.1251062745996959
0.1205165387708795
0.1039318188657358
0.0771491650835376
0.0000000000000000
0.0000000000000000
0.0000000000000000
0.0000000000000000
0.0000000000000000
0.0000000000000000
0.0000000000000000
0.0000000000000000
0.0000000000000000
0.0000000000000000
0.0000000000000000
0.0000000000000000
0.0000000000000000
0.0000000000000000
0.0000000000000000
0.0000000000000000
0.0171374006701831
0.0614097694942458
0.0955402421896591
0.1171023563524017
0.1255650962146990
0.1210601772094721
0.1045274193914539
0.0777660561313357
0.0000000000000000
0.0000000000000000
0.0000000000000000
0.0000000000000000
0.0000000000000000
0.0000000000000000
0.0000000000000000
0.0000000000000000
0.0000000000000000
0.0000000000000000
0.0000000000000000
0.0000000000000000
0.0000000000000000
0.0000000000000000
0.0000000000000000
0.0000000000000000
0.0165794820726634
0.0612918147420427
0.0957076515250981
0.1174485211960666
0.1260339438991497
0.1216125225836780
0.1051300022253332
0.0783882064139164
0.0000000000000000
0.0000000000000000
0.0000000000000000
0.0000000000000000
0.0000000000000000
0.0000000000000000
0.0000000000000000
0.0000000000000000
0.0000000000000000
0.0000000000000000
0.0000000000000000
0.0000000000000000
0.0000000000000000
0.0000000000000000
0.0000000000000000
0.0000000000000000
0.0160067536178885
0.0611736386816787
0.0958829375450037
0.1178045949915197
0.1265123601283052
0.1221730657034647
0.1057390300493775
0.0790150787137370
0.0000000000000000
0.0000000000000000
0.0000000000000000
0.0000000000000000
0.0000000000000000
0.0000000000000000
0.0000000000000000
0.0000000000000000
0.0000000000000000
0.0000000000000000
0.0000000000000000
0.0000000000000000
0.0000000000000000
0.0000000000000000
0.0000000000000000
0.0000000000000000
0.0154191845401224
0.0610547181849916
0.0960657295259515
0.1181701762783784
0.1269998834084220
0.1227412958591985
0.1063539665900448
0.0796461392787358
0.0000000000000000
0.0000000000000000
0.0000000000000000
0.0000000000000000
0.0000000000000000
0.0000000000000000
0.0000000000000000
0.0000000000000000
0.0000000000000000
0.0000000000000000
0.0000000000000000
0.0000000000000000
0.0000000000000000
0.0000000000000000
0.0000000000000000
0.0000000000000000
0.0148168798037866
0.0609345095673783
0.0962556442615676
0.1185448550812793
0.1274960476589219
0.1233167019452552
0.1069742793119092
0.0802808617478742
0.0000000000000000
0.0000000000000000
0.0000000000000000
0.0000000000000000
0.0000000000000000
0.0000000000000000
0.0000000000000000
0.0000000000000000
0.0000000000000000
0.0000000000000000
0.0000000000000000
0.0000000000000000
0.0000000000000000
0.0000000000000000
0.0000000000000000
0.0000000000000000
0.0142000999230089
0.0608124435305253
0.0964522814603747
0.1189282093860591
0.1280003800173591
0.1238987716512610
0.1075994398956871
0.0809187287319472
0.0000000000000000
0.0000000000000000
0.0000000000000000
0.0000000000000000
0.0000000000000000
0.0000000000000000
0.0000000000000000
0.0000000000000000
0.0000000000000000
0.0000000000000000
0.0000000000000000
0.0000000000000000
0.0000000000000000
0.0000000000000000
0.0000000000000000
0.0000000000000000
0.0135692853188971
0.0606879218146187
0.0966552202676261
0.1193198021942583
0.1285123987004814
0.1244869902175366
0.1082289238633007
0.0815592321608544
0.0000000000000000
0.0000000000000000
0.0000000000000000
0.0000000000000000
0.0000000000000000
0.0000000000000000
0.0000000000000000
0.0000000000000000
0.0000000000000000
0.0000000000000000
0.0000000000000000
0.0000000000000000
0.0000000000000000
0.0000000000000000
0.0000000000000000
0.0000000000000000
0.0129250840461486
0.0605603159036780
0.0968640178484060
0.1197191804307554
0.1290316123480423
0.1250808402235993
0.1088622107513774
0.0822018737689367
0.0000000000000000
0.0000000000000000
0.0000000000000000
0.0000000000000000
0.0000000000000000
0.0000000000000000
0.0000000000000000
0.0000000000000000
0.0000000000000000
0.0000000000000000
0.0000000000000000
0.0000000000000000
0.0000000000000000
0.0000000000000000
0.0000000000000000
0.0000000000000000
0.0122683815784690
0.0604289673566890
0.0970782100702696
0.1201258759179285
0.1295575211947709
0.1256798028503045
0.1094987853651820
0.0828461662367001
0.0000000000000000
0.0000000000000000
0.0000000000000000
0.0000000000000000
0.0000000000000000
0.0000000000000000
0.0000000000000000
0.0000000000000000
0.0000000000000000
0.0000000000000000
0.0000000000000000
0.0000000000000000
0.0000000000000000
0.0000000000000000
0.0000000000000000
0.0000000000000000
0.0116003319060897
0.0602931891381417
0.0972973134862388
0.1205394076432984
0.1300896193317853
0.1262833599535703
0.1101381395362160
0.0834916345798611
0.0000000000000000
0.0000000000000000
0.0000000000000000
0.0000000000000000
0.0000000000000000
0.0000000000000000
0.0000000000000000
0.0000000000000000
0.0000000000000000
0.0000000000000000
0.0000000000000000
0.0000000000000000
0.0000000000000000
0.0000000000000000
0.0000000000000000
0.0000000000000000
0.0109223898284650
0.0601522674504213
0.0975208277551416
0.1209592842400932
0.1306273969506328
0.1268909958831743
0.1107797734262038
0.0841378168958883
0.0000000000000000
0.0000000000000000
0.0000000000000000
0.0000000000000000
0.0000000000000000
0.0000000000000000
0.0000000000000000
0.0000000000000000
0.0000000000000000
0.0000000000000000
0.0000000000000000
0.0000000000000000
0.0000000000000000
0.0000000000000000
0.0000000000000000
0.0000000000000000
0.0102363439545085
0.0600054639251495
0.0977482379239921
0.1213850060289055
0.1311703418975816
0.1275021984383967
0.1114231958376443
0.0847842640872552
0.0000000000000000
0.0000000000000000
0.0000000000000000
0.0000000000000000
0.0000000000000000
0.0000000000000000
0.0000000000000000
0.0000000000000000
0.0000000000000000
0.0000000000000000
0.0000000000000000
0.0000000000000000
