0.0000000000000000
0.0000000000000000
0.0000000000000000
0.0000000000000000
0.0000000000000000
0.0000000000000000
0.0000000000000000
0.0000000000000000
0.0000000000000000
0.0353942487743405
0.0388923297272035
0.0815257520420970
0.1169726934872996
0.1415641835659629
0.1520764961952885
0.1454082883375607
0.1173043715493333
0.0582955874148666
0.0000000000000000
0.0000000000000000
0.0000000000000000
0.0000000000000000
0.0000000000000000
0.0000000000000000
0.0000000000000000
0.0000000000000000
0.0000000000000000
0.0000000000000000
0.0000000000000000
0.0000000000000000
0.0000000000000000
0.0000000000000000
0.0000000000000000
0.0353572071507051
0.0386204831817316
0.0813189001477885
0.1168549284762165
0.1415510190478358
0.1521739306000917
0.1456113295247805
0.1175926415085220
0.0586015268838825
0.0000000000000000
0.0000000000000000
0.0000000000000000
0.0000000000000000
0.0000000000000000
0.0000000000000000
0.0000000000000000
0.0000000000000000
0.0000000000000000
0.0000000000000000
0.0000000000000000
0.0000000000000000
0.0000000000000000
0.0000000000000000
0.0000000000000000
0.0353182735422279
0.0383589357009107
0.0811231289248561
0.1167482458910285
0.1415478518306071
0.1522787137246195
0.1458164496317568
0.1178720069170437
0.0588726223583336
0.0000000000000000
0.0000000000000000
0.0000000000000000
0.0000000000000000
0.0000000000000000
0.0000000000000000
0.0000000000000000
0.0000000000000000
0.0000000000000000
0.0000000000000000
0.0000000000000000
0.0000000000000000
0.0000000000000000
0.0000000000000000
0.0000000000000000
0.0352774578296967
0.0381079244306973
0.0809386018664230
0.1166527183611258
0.1415546542603071
0.1523907166900174
0.1460234261823271
0.1181421634818958
0.0591084165595694
0.0000000000000000
0.0000000000000000
0.0000000000000000
0.0000000000000000
0.0000000000000000
0.0000000000000000
0.0000000000000000
0.0000000000000000
0.0000000000000000
0.0000000000000000
0.0000000000000000
0.0000000000000000
0.0000000000000000
0.0000000000000000
0.0000000000000000
0.0352347690148106
0.0378676743774485
0.0807654686341402
0.1165684038115761
0.1415713838055248
0.1525097958340854
0.1462320207126568
0.1184027822555899
0.0593083983986369
0.0000000000000000
0.0000000000000000
0.0000000000000000
0.0000000000000000
0.0000000000000000
0.0000000000000000
0.0000000000000000
0.0000000000000000
0.0000000000000000
0.0000000000000000
0.0000000000000000
0.0000000000000000
0.0000000000000000
0.0000000000000000
0.0000000000000000
0.0351902152932594
0.0376384001052999
0.0806038666585272
0.1164953467835533
0.1415979839854249
0.1526357931036894
0.1464419784385178
0.1186535081819581
0.0594719991642468
0.0000000000000000
0.0000000000000000
0.0000000000000000
0.0000000000000000
0.0000000000000000
0.0000000000000000
0.0000000000000000
0.0000000000000000
0.0000000000000000
0.0000000000000000
0.0000000000000000
0.0000000000000000
0.0000000000000000
0.0000000000000000
0.0000000000000000
0.0351438040894317
0.0374203065976759
0.0804539219445693
0.1164335791595190
0.1416343849240044
0.1527685363570154
0.1466530281900903
0.1188939593999432
0.0595985902915678
0.0000000000000000
0.0000000000000000
0.0000000000000000
0.0000000000000000
0.0000000000000000
0.0000000000000000
0.0000000000000000
0.0000000000000000
0.0000000000000000
0.0000000000000000
0.0000000000000000
0.0000000000000000
0.0000000000000000
0.0000000000000000
0.0000000000000000
0.0350955420665563
0.0372135893418744
0.0803157492310840
0.1163831203334734
0.1416805035332630
0.1529078395406262
0.1468648825262824
0.1191237271136504
0.0596874825954168
0.0000000000000000
0.0000000000000000
0.0000000000000000
0.0000000000000000
0.0000000000000000
0.0000000000000000
0.0000000000000000
0.0000000000000000
0.0000000000000000
0.0000000000000000
0.0000000000000000
0.0000000000000000
0.0000000000000000
0.0000000000000000
0.0000000000000000
0.0350454351309714
0.0370184339404574
0.0801894516417524
0.1163439769843920
0.1417362434162947
0.1530535027218913
0.1470772378928477
0.1193423758234870
0.0597379264830635
0.0000000000000000
0.0000000000000000
0.0000000000000000
0.0000000000000000
0.0000000000000000
0.0000000000000000
0.0000000000000000
0.0000000000000000
0.0000000000000000
0.0000000000000000
0.0000000000000000
0.0000000000000000
0.0000000000000000
0.0000000000000000
0.0000000000000000
0.0349934884517096
0.0368351615770478
0.0800751201704741
0.1163161426586476
0.1418014945953495
0.1532053120016692
0.1472897747358043
0.1195494435781232
0.0597491126484813
0.0000000000000000
0.0000000000000000
0.0000000000000000
0.0000000000000000
0.0000000000000000
0.0000000000000000
0.0000000000000000
0.0000000000000000
0.0000000000000000
0.0000000000000000
0.0000000000000000
0.0000000000000000
0.0000000000000000
0.0000000000000000
0.0000000000000000
0.0349397065127239
0.0367948758174681
0.0799728332984724
0.1162995974676183
0.1418761332851628
0.1533630393658549
0.1475021574362835
0.1197444419627267
0.0597201724772082
0.0000000000000000
0.0000000000000000
0.0000000000000000
0.0000000000000000
0.0000000000000000
0.0000000000000000
0.0000000000000000
0.0000000000000000
0.0000000000000000
0.0000000000000000
0.0000000000000000
0.0000000000000000
0.0000000000000000
0.0000000000000000
0.0000000000000000
0.0348840932181154
0.0367525625695761
0.0798826571465399
0.1162943081653039
0.1419600218804862
0.1535264425496941
0.1477140340043642
0.1199268554490310
0.0596501775222102
0.0000000000000000
0.0000000000000000
0.0000000000000000
0.0000000000000000
0.0000000000000000
0.0000000000000000
0.0000000000000000
0.0000000000000000
0.0000000000000000
0.0000000000000000
0.0000000000000000
0.0000000000000000
0.0000000000000000
0.0000000000000000
0.0000000000000000
0.0348266520564291
0.0367082136077463
0.0798046463124611
0.1163002287882644
0.1420530092755609
0.1536952649506603
0.1479250354857284
0.1200961400523682
0.0595381377801206
0.0000000000000000
0.0000000000000000
0.0000000000000000
0.0000000000000000
0.0000000000000000
0.0000000000000000
0.0000000000000000
0.0000000000000000
0.0000000000000000
0.0000000000000000
0.0000000000000000
0.0000000000000000
0.0000000000000000
0.0000000000000000
0.0000000000000000
0.0347673863299100
0.0366618205746296
0.0797388452954521
0.1163173017012194
0.1421549314154107
0.1538692355556657
0.1481347751312403
0.1202517214129787
0.0593829992957525
0.0000000000000000
0.0000000000000000
0.0000000000000000
0.0000000000000000
0.0000000000000000
0.0000000000000000
0.0000000000000000
0.0000000000000000
0.0000000000000000
0.0000000000000000
0.0000000000000000
0.0000000000000000
0.0000000000000000
0.0000000000000000
0.0000000000000000
0.0347062994421765
0.0366133751827098
0.0796852901365153
0.1163454587942500
0.1422656118687771
0.1540480687806246
0.1483428473971184
0.1203929926805176
0.0591836418997712
0.0000000000000000
0.0000000000000000
0.0000000000000000
0.0000000000000000
0.0000000000000000
0.0000000000000000
0.0000000000000000
0.0000000000000000
0.0000000000000000
0.0000000000000000
0.0000000000000000
0.0000000000000000
0.0000000000000000
0.0000000000000000
0.0000000000000000
0.0346433952394905
0.0365628694629948
0.0796440099629012
0.1163846225197270
0.1423848622475851
0.1542314641820216
0.1485488268862635
0.1205193124850895
0.0589388778878543
0.0000000000000000
0.0000000000000000
0.0000000000000000
0.0000000000000000
0.0000000000000000
0.0000000000000000
0.0000000000000000
0.0000000000000000
0.0000000000000000
0.0000000000000000
0.0000000000000000
0.0000000000000000
0.0000000000000000
0.0000000000000000
0.0000000000000000
0.0345786783720404
0.0365102960394186
0.0796150283075568
0.1164347067887092
0.1425124825447180
0.1544191061751839
0.1487522674057682
0.1206300031576935
0.0586474514533059
0.0000000000000000
0.0000000000000000
0.0000000000000000
0.0000000000000000
0.0000000000000000
0.0000000000000000
0.0000000000000000
0.0000000000000000
0.0000000000000000
0.0000000000000000
0.0000000000000000
0.0000000000000000
0.0000000000000000
0.0000000000000000
0.0000000000000000
0.0345121545992692
0.0364556483621071
0.0795983643334555
0.1164956178868415
0.1426482616678366
0.1546106641023095
0.1489527014694309
0.1207243492707873
0.0583080383817908
0.0000000000000000
0.0000000000000000
0.0000000000000000
0.0000000000000000
0.0000000000000000
0.0000000000000000
0.0000000000000000
0.0000000000000000
0.0000000000000000
0.0000000000000000
0.0000000000000000
0.0000000000000000
0.0000000000000000
0.0000000000000000
0.0000000000000000
0.0344438309201378
0.0363989208045893
0.0795940338373738
0.1165672555017518
0.1427919783848956
0.1548057929863983
0.1491496406192694
0.1208015968032311
0.0579192456411304
0.0000000000000000
0.0000000000000000
0.0000000000000000
0.0000000000000000
0.0000000000000000
0.0000000000000000
0.0000000000000000
0.0000000000000000
0.0000000000000000
0.0000000000000000
0.0000000000000000
0.0000000000000000
0.0000000000000000
0.0000000000000000
0.0000000000000000
0.0343737154268208
0.0363401085540722
0.0796020496034930
0.1166495134902571
0.1429434025050643
0.1550041349990662
0.1493425768498826
0.1208609534148940
0.0574796119337886
0.0000000000000000
0.0000000000000000
0.0000000000000000
0.0000000000000000
0.0000000000000000
0.0000000000000000
0.0000000000000000
0.0000000000000000
0.0000000000000000
0.0000000000000000
0.0000000000000000
0.0000000000000000
0.0000000000000000
0.0000000000000000
0.0000000000000000
0.0343018168714294
0.0362792073129322
0.0796224202204519
0.1167422796237955
0.1431022956260969
0.1552053211848349
0.1495309850068628
0.1209015904714977
0.0569876114665734
0.0000000000000000
0.0000000000000000
0.0000000000000000
0.0000000000000000
0.0000000000000000
0.0000000000000000
0.0000000000000000
0.0000000000000000
0.0000000000000000
0.0000000000000000
0.0000000000000000
0.0000000000000000
0.0000000000000000
0.0000000000000000
0.0000000000000000
0.0342281440750396
0.0362162129330501
0.0796551467686258
0.1168454335356939
0.1432684106563458
0.1554089726879986
0.1497143256724316
0.1209226469659285
0.0564416634097176
0.0000000000000000
0.0000000000000000
0.0000000000000000
0.0000000000000000
0.0000000000000000
0.0000000000000000
0.0000000000000000
0.0000000000000000
0.0000000000000000
0.0000000000000000
0.0000000000000000
0.0000000000000000
0.0000000000000000
0.0000000000000000
0.0000000000000000
0.0341527053832903
0.0361511211520054
0.0797002174626460
0.1169588427871104
0.1434414897253767
0.1556147009000609
0.1498920478441685
0.1209232349488770
0.0558401478897589
0.0000000000000000
0.0000000000000000
0.0000000000000000
0.0000000000000000
0.0000000000000000
0.0000000000000000
0.0000000000000000
0.0000000000000000
0.0000000000000000
0.0000000000000000
0.0000000000000000
0.0000000000000000
0.0000000000000000
0.0000000000000000
0.0000000000000000
0.0340755083436558
0.0360839275381089
0.0797576013267177
0.1170823577968945
0.1436212609476016
0.1558221065461162
0.1500635909505343
0.1209024453721516
0.0551814269598110
0.0000000000000000
0.0000000000000000
0.0000000000000000
0.0000000000000000
0.0000000000000000
0.0000000000000000
0.0000000000000000
0.0000000000000000
0.0000000000000000
0.0000000000000000
0.0000000000000000
0.0000000000000000
0.0000000000000000
0.0000000000000000
0.0000000000000000
0.0339965596308883
0.0360146276238618
0.0798272424608435
0.1172158070975094
0.1438074351206210
0.1560307783642179
0.1502283861568080
0.1208593531407929
0.0544638668750568
0.0000000000000000
0.0000000000000000
0.0000000000000000
0.0000000000000000
0.0000000000000000
0.0000000000000000
0.0000000000000000
0.0000000000000000
0.0000000000000000
0.0000000000000000
0.0000000000000000
0.0000000000000000
0.0000000000000000
0.0000000000000000
0.0000000000000000
0.0339158651129248
0.0359432170940638
0.0799090562667301
0.1173589941948040
0.1439997035727301
0.1562402922501766
0.1503858572434571
0.1207930204177361
0.0536858581839651
0.0000000000000000
0.0000000000000000
0.0000000000000000
0.0000000000000000
0.0000000000000000
0.0000000000000000
0.0000000000000000
0.0000000000000000
0.0000000000000000
0.0000000000000000
0.0000000000000000
0.0000000000000000
0.0000000000000000
0.0000000000000000
0.0000000000000000
0.0338334299012851
0.0358696918870704
0.0800029281386283
0.1175116966735334
0.1441977377471747
0.1564502114115498
0.1505354213720776
0.1207024978643446
0.0528458317597179
0.0000000000000000
0.0000000000000000
0.0000000000000000
0.0000000000000000
0.0000000000000000
0.0000000000000000
0.0000000000000000
0.0000000000000000
0.0000000000000000
0.0000000000000000
0.0000000000000000
0.0000000000000000
0.0000000000000000
0.0000000000000000
0.0000000000000000
0.0337492583089071
0.0357940481536871
0.0801087143312841
0.1176736672484813
0.1444011903623275
0.1566600874579432
0.1506764897950672
0.1205868240461884
0.0519422718090932
0.0000000000000000
0.0000000000000000
0.0000000000000000
0.0000000000000000
0.0000000000000000
0.0000000000000000
0.0000000000000000
0.0000000000000000
0.0000000000000000
0.0000000000000000
0.0000000000000000
0.0000000000000000
0.0000000000000000
0.0000000000000000
0.0000000000000000
0.0336633537517428
0.0357558182210065
0.0802262441297199
0.1178446359797271
0.1446096974237825
0.1568694619186004
0.1508084683666010
0.1204450235662208
0.0509737284661937
0.0000000000000000
0.0000000000000000
0.0000000000000000
0.0000000000000000
0.0000000000000000
0.0000000000000000
0.0000000000000000
0.0000000000000000
0.0000000000000000
0.0000000000000000
0.0000000000000000
0.0000000000000000
0.0000000000000000
0.0000000000000000
0.0000000000000000
0.0335757186924674
0.0358316878814660
0.0803553226025871
0.1180243128502237
0.1448228803830923
0.1570778676464485
0.1509307576680976
0.1202761044986229
0.0499388329689601
0.0000000000000000
0.0000000000000000
0.0000000000000000
0.0000000000000000
0.0000000000000000
0.0000000000000000
0.0000000000000000
0.0000000000000000
0.0000000000000000
0.0000000000000000
0.0000000000000000
0.0000000000000000
0.0000000000000000
0.0000000000000000
0.0000000000000000
0.0334863546876001
0.0359207621226536
0.0804957334031349
0.1182123902740113
0.1450403480608246
0.1572848298759445
0.1510427527426136
0.1200790555181604
0.0488363173789702
0.0000000000000000
0.0000000000000000
0.0000000000000000
0.0000000000000000
0.0000000000000000
0.0000000000000000
