0.0000000000000000
0.0000000000000000
0.0000000000000000
0.0000000000000000
0.0255083586714137
0.0642141973369703
0.0942843777517416
0.1128720415968039
0.1190141570054431
0.1127275809462161
0.0949454569407716
0.0674891922224752
0.0000000000000000
0.0000000000000000
0.0000000000000000
0.0000000000000000
0.0000000000000000
0.0000000000000000
0.0000000000000000
0.0000000000000000
0.0000000000000000
0.0000000000000000
0.0000000000000000
0.0000000000000000
0.0000000000000000
0.0000000000000000
0.0000000000000000
0.0000000000000000
0.0251412228118413
0.0640186585258377
0.0942444008712082
0.1129671803501776
0.1192278642703809
0.1130414843859116
0.0953372466062473
0.0679323302757416
0.0000000000000000
0.0000000000000000
0.0000000000000000
0.0000000000000000
0.0000000000000000
0.0000000000000000
0.0000000000000000
0.0000000000000000
0.0000000000000000
0.0000000000000000
0.0000000000000000
0.0000000000000000
0.0000000000000000
0.0000000000000000
0.0000000000000000
0.0000000000000000
0.0247689298833736
0.0638300291396511
0.0942173202044838
0.1130777758531805
0.1194577536409032
0.1133711681192131
0.0957436936327686
0.0683885868300540
0.0000000000000000
0.0000000000000000
0.0000000000000000
0.0000000000000000
0.0000000000000000
0.0000000000000000
0.0000000000000000
0.0000000000000000
0.0000000000000000
0.0000000000000000
0.0000000000000000
0.0000000000000000
0.0000000000000000
0.0000000000000000
0.0000000000000000
0.0000000000000000
0.0243910528421995
0.0636481226448521
0.0942030043883603
0.1132036560232174
0.1197035882851594
0.1137163325394628
0.0961644497582378
0.0688575857792213
0.0000000000000000
0.0000000000000000
0.0000000000000000
0.0000000000000000
0.0000000000000000
0.0000000000000000
0.0000000000000000
0.0000000000000000
0.0000000000000000
0.0000000000000000
0.0000000000000000
0.0000000000000000
0.0000000000000000
0.0000000000000000
0.0000000000000000
0.0000000000000000
0.0240071287146346
0.0634727269978830
0.0942013038050692
0.1133446333701133
0.1199651182404230
0.1140766673969680
0.0965991588218208
0.0693389459723877
0.0000000000000000
0.0000000000000000
0.0000000000000000
0.0000000000000000
0.0000000000000000
0.0000000000000000
0.0000000000000000
0.0000000000000000
0.0000000000000000
0.0000000000000000
0.0000000000000000
0.0000000000000000
0.0000000000000000
0.0000000000000000
0.0000000000000000
0.0000000000000000
0.0236166618083795
0.0633036063531798
0.0942120521016114
0.1135005061255217
0.1202420810944052
0.1144518520400278
0.0970474566152415
0.0698322807227632
0.0000000000000000
0.0000000000000000
0.0000000000000000
0.0000000000000000
0.0000000000000000
0.0000000000000000
0.0000000000000000
0.0000000000000000
0.0000000000000000
0.0000000000000000
0.0000000000000000
0.0000000000000000
0.0000000000000000
0.0000000000000000
0.0000000000000000
0.0000000000000000
0.0232191264891858
0.0631405020734234
0.0942350671936532
0.1136710590516257
0.1205342025814750
0.1148415557954797
0.0975089710524532
0.0703371978235884
0.0000000000000000
0.0000000000000000
0.0000000000000000
0.0000000000000000
0.0000000000000000
0.0000000000000000
0.0000000000000000
0.0000000000000000
0.0000000000000000
0.0000000000000000
0.0000000000000000
0.0000000000000000
0.0000000000000000
0.0000000000000000
0.0000000000000000
0.0000000000000000
0.0228139697085062
0.0629831331215712
0.0942701517604285
0.1138560639211402
0.1208411970206556
0.1152454383682241
0.0979833225407525
0.0708532998569930
0.0000000000000000
0.0000000000000000
0.0000000000000000
0.0000000000000000
0.0000000000000000
0.0000000000000000
0.0000000000000000
0.0000000000000000
0.0000000000000000
0.0000000000000000
0.0000000000000000
0.0000000000000000
0.0000000000000000
0.0000000000000000
0.0000000000000000
0.0000000000000000
0.0224006135503465
0.0628311959664684
0.0943170933240639
0.1140552796526853
0.1211627675253336
0.1156631501259781
0.0984701243207875
0.0713801846028202
0.0000000000000000
0.0000000000000000
0.0000000000000000
0.0000000000000000
0.0000000000000000
0.0000000000000000
0.0000000000000000
0.0000000000000000
0.0000000000000000
0.0000000000000000
0.0000000000000000
0.0000000000000000
0.0000000000000000
0.0000000000000000
0.0000000000000000
0.0000000000000000
0.0219784582133519
0.0626843642736890
0.0943756640491406
0.1142684521895024
0.1214986059713044
0.1160943321682667
0.0989689826404831
0.0719174452696090
0.0000000000000000
0.0000000000000000
0.0000000000000000
0.0000000000000000
0.0000000000000000
0.0000000000000000
0.0000000000000000
0.0000000000000000
0.0000000000000000
0.0000000000000000
0.0000000000000000
0.0000000000000000
0.0000000000000000
0.0000000000000000
0.0000000000000000
0.0000000000000000
0.0215468857952326
0.0625422886707000
0.0944456205317602
0.1144953142579737
0.1218483927728495
0.1165386161401524
0.0994794965973552
0.0724646703795747
0.0000000000000000
0.0000000000000000
0.0000000000000000
0.0000000000000000
0.0000000000000000
0.0000000000000000
0.0000000000000000
0.0000000000000000
0.0000000000000000
0.0000000000000000
0.0000000000000000
0.0000000000000000
0.0000000000000000
0.0000000000000000
0.0000000000000000
0.0000000000000000
0.0211052653968996
0.0624045969577866
0.0945267038169183
0.1147355851980768
0.1222117965523786
0.1169956237652832
0.1000012575662568
0.0730214430952383
0.0000000000000000
0.0000000000000000
0.0000000000000000
0.0000000000000000
0.0000000000000000
0.0000000000000000
0.0000000000000000
0.0000000000000000
0.0000000000000000
0.0000000000000000
0.0000000000000000
0.0000000000000000
0.0000000000000000
0.0000000000000000
0.0000000000000000
0.0000000000000000
0.0206529598385401
0.0622708950004020
0.0946186398771743
0.1149889709894040
0.1225884737703716
0.1174649661233062
0.1005338481590906
0.0735873399353096
0.0000000000000000
0.0000000000000000
0.0000000000000000
0.0000000000000000
0.0000000000000000
0.0000000000000000
0.0000000000000000
0.0000000000000000
0.0000000000000000
0.0000000000000000
0.0000000000000000
0.0000000000000000
0.0000000000000000
0.0000000000000000
0.0000000000000000
0.0000000000000000
0.0201893341882547
0.0621407683289890
0.0947211404896882
0.1152551644463354
0.1229780682859096
0.1179462426375506
0.1010768407295943
0.0741619288899762
0.0000000000000000
0.0000000000000000
0.0000000000000000
0.0000000000000000
0.0000000000000000
0.0000000000000000
0.0000000000000000
0.0000000000000000
0.0000000000000000
0.0000000000000000
0.0000000000000000
0.0000000000000000
0.0000000000000000
0.0000000000000000
0.0000000000000000
0.0000000000000000
0.0197137660511390
0.0620137841903375
0.0948339043028643
0.1155338453689075
0.1233802107090963
0.1184390397247149
0.1016297954226269
0.0747447670291264
0.0000000000000000
0.0000000000000000
0.0000000000000000
0.0000000000000000
0.0000000000000000
0.0000000000000000
0.0000000000000000
0.0000000000000000
0.0000000000000000
0.0000000000000000
0.0000000000000000
0.0000000000000000
0.0000000000000000
0.0000000000000000
0.0000000000000000
0.0000000000000000
0.0192256575854888
0.0618894938285854
0.0949566178139971
0.1158246804733300
0.1237945174383641
0.1189429290799370
0.1021922578603160
0.0753353977341659
0.0000000000000000
0.0000000000000000
0.0000000000000000
0.0000000000000000
0.0000000000000000
0.0000000000000000
0.0000000000000000
0.0000000000000000
0.0000000000000000
0.0000000000000000
0.0000000000000000
0.0000000000000000
0.0000000000000000
0.0000000000000000
0.0000000000000000
0.0000000000000000
0.0187244491384015
0.0617674348205572
0.0950889562518253
0.1161273231683800
0.1242205895717644
0.1194574658815987
0.1027637567871200
0.0759333479679463
0.0000000000000000
0.0000000000000000
0.0000000000000000
0.0000000000000000
0.0000000000000000
0.0000000000000000
0.0000000000000000
0.0000000000000000
0.0000000000000000
0.0000000000000000
0.0000000000000000
0.0000000000000000
0.0000000000000000
0.0000000000000000
0.0000000000000000
0.0000000000000000
0.0182096341682647
0.0616471334938086
0.0952305846193799
0.1164414136712051
0.1246580123111498
0.1199821876377309
0.1033438024867006
0.0765381263697985
0.0000000000000000
0.0000000000000000
0.0000000000000000
0.0000000000000000
0.0000000000000000
0.0000000000000000
0.0000000000000000
0.0000000000000000
0.0000000000000000
0.0000000000000000
0.0000000000000000
0.0000000000000000
0.0000000000000000
0.0000000000000000
0.0000000000000000
0.0000000000000000
0.0176807745659034
0.0615281071865821
0.0953811591821299
0.1167665800286351
0.1251063556759830
0.1205166146563486
0.1039318870446825
0.0771492233608184
0.0000000000000000
0.0000000000000000
0.0000000000000000
0.0000000000000000
0.0000000000000000
0.0000000000000000
0.0000000000000000
0.0000000000000000
0.0000000000000000
0.0000000000000000
0.0000000000000000
0.0000000000000000
0.0000000000000000
0.0000000000000000
0.0000000000000000
0.0000000000000000
0.0171375152460444
0.0614098657094450
0.0955403292211326
0.1171024402255399
0.1255651769375174
0.1210602527445770
0.1045274872281613
0.0777661140742659
0.0000000000000000
0.0000000000000000
0.0000000000000000
0.0000000000000000
0.0000000000000000
0.0000000000000000
0.0000000000000000
0.0000000000000000
0.0000000000000000
0.0000000000000000
0.0000000000000000
0.0000000000000000
0.0000000000000000
0.0000000000000000
0.0000000000000000
0.0000000000000000
0.0165795971520135
0.0612919111411175
0.0957077383171522
0.1174486047224177
0.1260340242537272
0.1216125977530642
0.1051300697041091
0.0783882640066906
0.0000000000000000
0.0000000000000000
0.0000000000000000
0.0000000000000000
0.0000000000000000
0.0000000000000000
0.0000000000000000
0.0000000000000000
0.0000000000000000
0.0000000000000000
0.0000000000000000
0.0000000000000000
0.0000000000000000
0.0000000000000000
0.0000000000000000
0.0000000000000000
0.0160068691399502
0.0611737352734839
0.0958830240882238
0.1178046781574902
0.1265124400998072
0.1221731404917352
0.1057390971545002
0.0790151359405340
0.0000000000000000
0.0000000000000000
0.0000000000000000
0.0000000000000000
0.0000000000000000
0.0000000000000000
0.0000000000000000
0.0000000000000000
0.0000000000000000
0.0000000000000000
0.0000000000000000
0.0000000000000000
0.0000000000000000
0.0000000000000000
0.0000000000000000
0.0000000000000000
0.0154193004277533
0.0610548149785146
0.0960658158107898
0.1181702590702739
0.1269999629819504
0.1227413702509143
0.1063540333057656
0.0796461961237215
0.0000000000000000
0.0000000000000000
0.0000000000000000
0.0000000000000000
0.0000000000000000
0.0000000000000000
0.0000000000000000
0.0000000000000000
0.0000000000000000
0.0000000000000000
0.0000000000000000
0.0000000000000000
0.0000000000000000
0.0000000000000000
0.0000000000000000
0.0000000000000000
0.0148169959612684
0.0609346065717083
0.0962557302783304
0.1185449374852999
0.1274961268195146
0.1233167759249382
0.1069743456224564
0.0802809181952076
0.0000000000000000
0.0000000000000000
0.0000000000000000
0.0000000000000000
0.0000000000000000
0.0000000000000000
0.0000000000000000
0.0000000000000000
0.0000000000000000
0.0000000000000000
0.0000000000000000
0.0000000000000000
0.0000000000000000
0.0000000000000000
0.0000000000000000
0.0000000000000000
0.0142002162336598
0.0608125407548227
0.0964523671992100
0.1189282913882964
0.1280004587499921
0.1238988452033982
0.1075995057852740
0.0809187847657894
0.0000000000000000
0.0000000000000000
0.0000000000000000
0.0000000000000000
0.0000000000000000
0.0000000000000000
0.0000000000000000
0.0000000000000000
0.0000000000000000
0.0000000000000000
0.0000000000000000
0.0000000000000000
0.0000000000000000
0.0000000000000000
0.0000000000000000
0.0000000000000000
0.0135694016425233
0.0606880192680827
0.0966553057185142
0.1193198837806948
0.1285124769900725
0.1244870633265884
0.1082289893161345
0.0815592877653800
0.0000000000000000
0.0000000000000000
0.0000000000000000
0.0000000000000000
0.0000000000000000
0.0000000000000000
0.0000000000000000
0.0000000000000000
0.0000000000000000
0.0000000000000000
0.0000000000000000
0.0000000000000000
0.0000000000000000
0.0000000000000000
0.0000000000000000
0.0000000000000000
0.0129252002163715
0.0605604135955133
0.0968641030011501
0.1197192615872649
0.1290316901794575
0.1250809128740071
0.1088622757516704
0.0822019289283463
0.0000000000000000
0.0000000000000000
0.0000000000000000
0.0000000000000000
0.0000000000000000
0.0000000000000000
0.0000000000000000
0.0000000000000000
0.0000000000000000
0.0000000000000000
0.0000000000000000
0.0000000000000000
0.0000000000000000
0.0000000000000000
0.0000000000000000
0.0000000000000000
0.0122684973999814
0.0604290652960712
0.0970782949144866
0.1201259566302766
0.1295575985528286
0.1256798750264996
0.1094988498971618
0.0828462209352323
0.0000000000000000
0.0000000000000000
0.0000000000000000
0.0000000000000000
0.0000000000000000
0.0000000000000000
0.0000000000000000
0.0000000000000000
0.0000000000000000
0.0000000000000000
0.0000000000000000
0.0000000000000000
0.0000000000000000
0.0000000000000000
0.0000000000000000
0.0000000000000000
0.0116004471519144
0.0602932873341814
0.0972973980113503
0.1205394878971417
0.1300896962012605
0.1262834316399800
0.1101382035841343
0.0834916888018023
0.0000000000000000
0.0000000000000000
0.0000000000000000
0.0000000000000000
0.0000000000000000
0.0000000000000000
0.0000000000000000
0.0000000000000000
0.0000000000000000
0.0000000000000000
0.0000000000000000
0.0000000000000000
0.0000000000000000
0.0000000000000000
0.0000000000000000
0.0000000000000000
0.0109225042373233
0.0601523659121266
0.0975209119503626
0.1209593640209774
0.1306274733162594
0.1268910670642273
0.1107798369743430
0.0841378706255806
0.0000000000000000
0.0000000000000000
0.0000000000000000
0.0000000000000000
0.0000000000000000
0.0000000000000000
0.0000000000000000
0.0000000000000000
0.0000000000000000
0.0000000000000000
0.0000000000000000
0.0000000000000000
0.0000000000000000
0.0000000000000000
0.0000000000000000
0.0000000000000000
0.0102364572284411
0.0600055626613856
0.0977483217783200
0.1213850853222627
0.1311704177440536
0.1275022690985264
0.1114232588703228
0.0847843173091035
0.0000000000000000
0.0000000000000000
0.0000000000000000
0.0000000000000000
0.0000000000000000
0.0000000000000000
0.0000000000000000
0.0000000000000000
0.0000000000000000
0.0000000000000000
0.0000000000000000
0.0000000000000000
