0.0000000000000000
0.0000000000000000
0.0000000000000000
0.0000000000000000
0.0255083778610009
0.0642142138155350
0.0942843871807911
0.1128720426968708
0.1190141495565727
0.1127275654865163
0.0949454346591646
0.0674891648800625
0.0000000000000000
0.0000000000000000
0.0000000000000000
0.0000000000000000
0.0000000000000000
0.0000000000000000
0.0000000000000000
0.0000000000000000
0.0000000000000000
0.0000000000000000
0.0000000000000000
0.0000000000000000
0.0000000000000000
0.0000000000000000
0.0000000000000000
0.0000000000000000
0.0251412420626094
0.0640186751163112
0.0942444104066985
0.1129671815473532
0.1192278569064173
0.1130414689957289
0.0953372243757703
0.0679323029636048
0.0000000000000000
0.0000000000000000
0.0000000000000000
0.0000000000000000
0.0000000000000000
0.0000000000000000
0.0000000000000000
0.0000000000000000
0.0000000000000000
0.0000000000000000
0.0000000000000000
0.0000000000000000
0.0000000000000000
0.0000000000000000
0.0000000000000000
0.0000000000000000
0.0247689492018460
0.0638300458478649
0.0942173298498898
0.1130777771495684
0.1194577463630838
0.1133711527992146
0.0957436714537311
0.0683885595483286
0.0000000000000000
0.0000000000000000
0.0000000000000000
0.0000000000000000
0.0000000000000000
0.0000000000000000
0.0000000000000000
0.0000000000000000
0.0000000000000000
0.0000000000000000
0.0000000000000000
0.0000000000000000
0.0000000000000000
0.0000000000000000
0.0000000000000000
0.0000000000000000
0.0243910722348718
0.0636481394767150
0.0942030141471454
0.1132036574208826
0.1197035810946798
0.1137163172902807
0.0961644276309285
0.0688575585280384
0.0000000000000000
0.0000000000000000
0.0000000000000000
0.0000000000000000
0.0000000000000000
0.0000000000000000
0.0000000000000000
0.0000000000000000
0.0000000000000000
0.0000000000000000
0.0000000000000000
0.0000000000000000
0.0000000000000000
0.0000000000000000
0.0000000000000000
0.0000000000000000
0.0240071481879579
0.0634727439593889
0.0942013136806889
0.1133446348710845
0.1199651111384389
0.1140766522192026
0.0965991367465091
0.0693389187518754
0.0000000000000000
0.0000000000000000
0.0000000000000000
0.0000000000000000
0.0000000000000000
0.0000000000000000
0.0000000000000000
0.0000000000000000
0.0000000000000000
0.0000000000000000
0.0000000000000000
0.0000000000000000
0.0000000000000000
0.0000000000000000
0.0000000000000000
0.0000000000000000
0.0236166813687384
0.0633036234504181
0.0942120620975161
0.1135005077317924
0.1202420740820335
0.1144518369342480
0.0970474345921793
0.0698322535330487
0.0000000000000000
0.0000000000000000
0.0000000000000000
0.0000000000000000
0.0000000000000000
0.0000000000000000
0.0000000000000000
0.0000000000000000
0.0000000000000000
0.0000000000000000
0.0000000000000000
0.0000000000000000
0.0000000000000000
0.0000000000000000
0.0000000000000000
0.0000000000000000
0.0232191461428710
0.0631405193125865
0.0942350773132915
0.1136710607651564
0.1205341956597956
0.1148415407622252
0.0975089490818769
0.0703371706647995
0.0000000000000000
0.0000000000000000
0.0000000000000000
0.0000000000000000
0.0000000000000000
0.0000000000000000
0.0000000000000000
0.0000000000000000
0.0000000000000000
0.0000000000000000
0.0000000000000000
0.0000000000000000
0.0000000000000000
0.0000000000000000
0.0000000000000000
0.0000000000000000
0.0228139894616805
0.0629831505089650
0.0942701620072498
0.1138560657438596
0.1208411901907126
0.1152454234080067
0.0979833006228839
0.0708532727292593
0.0000000000000000
0.0000000000000000
0.0000000000000000
0.0000000000000000
0.0000000000000000
0.0000000000000000
0.0000000000000000
0.0000000000000000
0.0000000000000000
0.0000000000000000
0.0000000000000000
0.0000000000000000
0.0000000000000000
0.0000000000000000
0.0000000000000000
0.0000000000000000
0.0224006334090013
0.0628312135085211
0.0943171037015227
0.1140552815864924
0.1211627607881368
0.1156631352392836
0.0984701024558355
0.0713801575062748
0.0000000000000000
0.0000000000000000
0.0000000000000000
0.0000000000000000
0.0000000000000000
0.0000000000000000
0.0000000000000000
0.0000000000000000
0.0000000000000000
0.0000000000000000
0.0000000000000000
0.0000000000000000
0.0000000000000000
0.0000000000000000
0.0000000000000000
0.0000000000000000
0.0219784781832559
0.0626843819769614
0.0943756745606978
0.1142684542362676
0.1214985993278309
0.1160943173555555
0.0989689608286456
0.0719174182043902
0.0000000000000000
0.0000000000000000
0.0000000000000000
0.0000000000000000
0.0000000000000000
0.0000000000000000
0.0000000000000000
0.0000000000000000
0.0000000000000000
0.0000000000000000
0.0000000000000000
0.0000000000000000
0.0000000000000000
0.0000000000000000
0.0000000000000000
0.0000000000000000
0.0215469058818668
0.0625423065418954
0.0944456311808882
0.1144953164195412
0.1218483862240453
0.1165386014018621
0.0994794748388210
0.0724646433458272
0.0000000000000000
0.0000000000000000
0.0000000000000000
0.0000000000000000
0.0000000000000000
0.0000000000000000
0.0000000000000000
0.0000000000000000
0.0000000000000000
0.0000000000000000
0.0000000000000000
0.0000000000000000
0.0000000000000000
0.0000000000000000
0.0000000000000000
0.0000000000000000
0.0211052856053814
0.0624046150037607
0.0945267146071030
0.1147355874762659
0.1222117900991597
0.1169956091018294
0.1000012358612063
0.0730214160931150
0.0000000000000000
0.0000000000000000
0.0000000000000000
0.0000000000000000
0.0000000000000000
0.0000000000000000
0.0000000000000000
0.0000000000000000
0.0000000000000000
0.0000000000000000
0.0000000000000000
0.0000000000000000
0.0000000000000000
0.0000000000000000
0.0000000000000000
0.0000000000000000
0.0206529801735316
0.0622709132281735
0.0946186508119183
0.1149889733860098
0.1225884674136252
0.1174649515350840
0.1005338265076977
0.0735873129649728
0.0000000000000000
0.0000000000000000
0.0000000000000000
0.0000000000000000
0.0000000000000000
0.0000000000000000
0.0000000000000000
0.0000000000000000
0.0000000000000000
0.0000000000000000
0.0000000000000000
0.0000000000000000
0.0000000000000000
0.0000000000000000
0.0000000000000000
0.0000000000000000
0.0201893546538524
0.0621407867457482
0.0947211515725128
0.1152551669631304
0.1229780620264948
0.1179462281249355
0.1010768191320272
0.0741619019515984
0.0000000000000000
0.0000000000000000
0.0000000000000000
0.0000000000000000
0.0000000000000000
0.0000000000000000
0.0000000000000000
0.0000000000000000
0.0000000000000000
0.0000000000000000
0.0000000000000000
0.0000000000000000
0.0000000000000000
0.0000000000000000
0.0000000000000000
0.0000000000000000
0.0197137866507463
0.0620138028034555
0.0948339155373109
0.1155338480076411
0.1233802045478439
0.1184390252880625
0.1016297738790484
0.0747447401228915
0.0000000000000000
0.0000000000000000
0.0000000000000000
0.0000000000000000
0.0000000000000000
0.0000000000000000
0.0000000000000000
0.0000000000000000
0.0000000000000000
0.0000000000000000
0.0000000000000000
0.0000000000000000
0.0000000000000000
0.0000000000000000
0.0000000000000000
0.0000000000000000
0.0192256783216635
0.0618895126456226
0.0949566292036284
0.1158246832357278
0.1237945113760761
0.1189429147195835
0.1021922363708842
0.0753353708602693
0.0000000000000000
0.0000000000000000
0.0000000000000000
0.0000000000000000
0.0000000000000000
0.0000000000000000
0.0000000000000000
0.0000000000000000
0.0000000000000000
0.0000000000000000
0.0000000000000000
0.0000000000000000
0.0000000000000000
0.0000000000000000
0.0000000000000000
0.0000000000000000
0.0187244700126809
0.0617674538492704
0.0950889678002247
0.1161273260561425
0.1242205836092128
0.1194574515978595
0.1027637353519873
0.0759333211265956
0.0000000000000000
0.0000000000000000
0.0000000000000000
0.0000000000000000
0.0000000000000000
0.0000000000000000
0.0000000000000000
0.0000000000000000
0.0000000000000000
0.0000000000000000
0.0000000000000000
0.0000000000000000
0.0000000000000000
0.0000000000000000
0.0000000000000000
0.0000000000000000
0.0182096551809604
0.0616471527421576
0.0952305963301508
0.1164414166860057
0.1246580064490747
0.1199821734308994
0.1033437811060137
0.0765380995612127
0.0000000000000000
0.0000000000000000
0.0000000000000000
0.0000000000000000
0.0000000000000000
0.0000000000000000
0.0000000000000000
0.0000000000000000
0.0000000000000000
0.0000000000000000
0.0000000000000000
0.0000000000000000
0.0000000000000000
0.0000000000000000
0.0000000000000000
0.0000000000000000
0.0176807957158672
0.0615281266627352
0.0953811710588945
0.1167665831721177
0.1251063499150903
0.1205166005266953
0.1039318657185811
0.0771491965852281
0.0000000000000000
0.0000000000000000
0.0000000000000000
0.0000000000000000
0.0000000000000000
0.0000000000000000
0.0000000000000000
0.0000000000000000
0.0000000000000000
0.0000000000000000
0.0000000000000000
0.0000000000000000
0.0000000000000000
0.0000000000000000
0.0000000000000000
0.0000000000000000
0.0171375365304015
0.0614098854217849
0.0955403412675306
0.1171024434993163
0.1255651712784772
0.1210602386923471
0.1045274659567773
0.0777660873319128
0.0000000000000000
0.0000000000000000
0.0000000000000000
0.0000000000000000
0.0000000000000000
0.0000000000000000
0.0000000000000000
0.0000000000000000
0.0000000000000000
0.0000000000000000
0.0000000000000000
0.0000000000000000
0.0000000000000000
0.0000000000000000
0.0000000000000000
0.0000000000000000
0.0165796185658578
0.0612919310982497
0.0957077505368409
0.1174486081280670
0.1260340186971728
0.1216125837784775
0.1051300484875664
0.0783882372978278
0.0000000000000000
0.0000000000000000
0.0000000000000000
0.0000000000000000
0.0000000000000000
0.0000000000000000
0.0000000000000000
0.0000000000000000
0.0000000000000000
0.0000000000000000
0.0000000000000000
0.0000000000000000
0.0000000000000000
0.0000000000000000
0.0000000000000000
0.0000000000000000
0.0160068906760029
0.0611737554842462
0.0958830364848803
0.1178046816965592
0.1265124346463350
0.1221731265949870
0.1057390759929155
0.0790151092654261
0.0000000000000000
0.0000000000000000
0.0000000000000000
0.0000000000000000
0.0000000000000000
0.0000000000000000
0.0000000000000000
0.0000000000000000
0.0000000000000000
0.0000000000000000
0.0000000000000000
0.0000000000000000
0.0000000000000000
0.0000000000000000
0.0000000000000000
0.0000000000000000
0.0154193220759742
0.0610548354519878
0.0960658283881144
0.1181702627442785
0.1269999576321222
0.1227413564321763
0.1063540121992493
0.0796461694826461
0.0000000000000000
0.0000000000000000
0.0000000000000000
0.0000000000000000
0.0000000000000000
0.0000000000000000
0.0000000000000000
0.0000000000000000
0.0000000000000000
0.0000000000000000
0.0000000000000000
0.0000000000000000
0.0000000000000000
0.0000000000000000
0.0000000000000000
0.0000000000000000
0.0148170177084227
0.0609346273172270
0.0962557430400507
0.1185449412957289
0.1274961215738602
0.1233167621843613
0.1069743245711155
0.0802808915884566
0.0000000000000000
0.0000000000000000
0.0000000000000000
0.0000000000000000
0.0000000000000000
0.0000000000000000
0.0000000000000000
0.0000000000000000
0.0000000000000000
0.0000000000000000
0.0000000000000000
0.0000000000000000
0.0000000000000000
0.0000000000000000
0.0000000000000000
0.0000000000000000
0.0142002380628326
0.0608125617819883
0.0964523801490867
0.1189282953366149
0.1280004536090129
0.1238988315411168
0.1075994847892145
0.0809187581936717
0.0000000000000000
0.0000000000000000
0.0000000000000000
0.0000000000000000
0.0000000000000000
0.0000000000000000
0.0000000000000000
0.0000000000000000
0.0000000000000000
0.0000000000000000
0.0000000000000000
0.0000000000000000
0.0000000000000000
0.0000000000000000
0.0000000000000000
0.0000000000000000
0.0135694235325846
0.0606880405867732
0.0966553188603449
0.1193198878683484
0.1285124719542461
0.1244870497427231
0.1082289683754651
0.0815592612282233
0.0000000000000000
0.0000000000000000
0.0000000000000000
0.0000000000000000
0.0000000000000000
0.0000000000000000
0.0000000000000000
0.0000000000000000
0.0000000000000000
0.0000000000000000
0.0000000000000000
0.0000000000000000
0.0000000000000000
0.0000000000000000
0.0000000000000000
0.0000000000000000
0.0129252221413961
0.0605604352158944
0.0968641163387758
0.1197192658156838
0.1290316852492414
0.1250808993686700
0.1088622548665063
0.0822019024265000
0.0000000000000000
0.0000000000000000
0.0000000000000000
0.0000000000000000
0.0000000000000000
0.0000000000000000
0.0000000000000000
0.0000000000000000
0.0000000000000000
0.0000000000000000
0.0000000000000000
0.0000000000000000
0.0000000000000000
0.0000000000000000
0.0000000000000000
0.0000000000000000
0.0122685193286280
0.0604290872286055
0.0970783084517963
0.1201259610008805
0.1295575937286650
0.1256798615997976
0.1094988290676276
0.0828461944690701
0.0000000000000000
0.0000000000000000
0.0000000000000000
0.0000000000000000
0.0000000000000000
0.0000000000000000
0.0000000000000000
0.0000000000000000
0.0000000000000000
0.0000000000000000
0.0000000000000000
0.0000000000000000
0.0000000000000000
0.0000000000000000
0.0000000000000000
0.0000000000000000
0.0116004690467773
0.0602933095896405
0.0972974117522858
0.1205394924113438
0.1300896914835805
0.1262834182920190
0.1101381828103675
0.0834916623717239
0.0000000000000000
0.0000000000000000
0.0000000000000000
0.0000000000000000
0.0000000000000000
0.0000000000000000
0.0000000000000000
0.0000000000000000
0.0000000000000000
0.0000000000000000
0.0000000000000000
0.0000000000000000
0.0000000000000000
0.0000000000000000
0.0000000000000000
0.0000000000000000
0.0109225260542719
0.0601523885016000
0.0975209258989254
0.1209593686801891
0.1306274687054876
0.1268910537951163
0.1107798162564973
0.0841378442320146
0.0000000000000000
0.0000000000000000
0.0000000000000000
0.0000000000000000
0.0000000000000000
0.0000000000000000
0.0000000000000000
0.0000000000000000
0.0000000000000000
0.0000000000000000
0.0000000000000000
0.0000000000000000
0.0000000000000000
0.0000000000000000
0.0000000000000000
0.0000000000000000
0.0102364789159708
0.0600055855962943
0.0977483359385773
0.1213850901278983
0.1311704132406116
0.1275022559083810
0.1114232382085709
0.0847842909525086
0.0000000000000000
0.0000000000000000
0.0000000000000000
0.0000000000000000
0.0000000000000000
0.0000000000000000
0.0000000000000000
0.0000000000000000
0.0000000000000000
0.0000000000000000
0.0000000000000000
0.0000000000000000
