0.0000000000000000
0.0000000000000000
0.0000000000000000
0.0000000000000000
0.0255083446623115
0.0642141861765025
0.0942843785837761
0.1128720572008598
0.1190141875602416
0.1127276250009096
0.0949455118199249
0.0674892542915509
0.0000000000000000
0.0000000000000000
0.0000000000000000
0.0000000000000000
0.0000000000000000
0.0000000000000000
0.0000000000000000
0.0000000000000000
0.0000000000000000
0.0000000000000000
0.0000000000000000
0.0000000000000000
0.0000000000000000
0.0000000000000000
0.0000000000000000
0.0000000000000000
0.0251412087605525
0.0640186471756739
0.0942444014952373
0.1129671957568956
0.1192278946509366
0.1130415282973504
0.0953373013786513
0.0679323922782449
0.0000000000000000
0.0000000000000000
0.0000000000000000
0.0000000000000000
0.0000000000000000
0.0000000000000000
0.0000000000000000
0.0000000000000000
0.0000000000000000
0.0000000000000000
0.0000000000000000
0.0000000000000000
0.0000000000000000
0.0000000000000000
0.0000000000000000
0.0000000000000000
0.0247689157834989
0.0638300175897544
0.0942173206124271
0.1130777910562680
0.1194577838422389
0.1133712118833317
0.0957437482949304
0.0683886487627704
0.0000000000000000
0.0000000000000000
0.0000000000000000
0.0000000000000000
0.0000000000000000
0.0000000000000000
0.0000000000000000
0.0000000000000000
0.0000000000000000
0.0000000000000000
0.0000000000000000
0.0000000000000000
0.0000000000000000
0.0000000000000000
0.0000000000000000
0.0000000000000000
0.0243910386873991
0.0636481108851184
0.0942030045721654
0.1132036710164462
0.1197036183023642
0.1137163761522458
0.0961645043066892
0.0688576476389295
0.0000000000000000
0.0000000000000000
0.0000000000000000
0.0000000000000000
0.0000000000000000
0.0000000000000000
0.0000000000000000
0.0000000000000000
0.0000000000000000
0.0000000000000000
0.0000000000000000
0.0000000000000000
0.0000000000000000
0.0000000000000000
0.0000000000000000
0.0000000000000000
0.0240071144986266
0.0634727150181249
0.0942013037567056
0.1133446481473159
0.1199651480686494
0.1140767108544473
0.0965992132531146
0.0693390077558566
0.0000000000000000
0.0000000000000000
0.0000000000000000
0.0000000000000000
0.0000000000000000
0.0000000000000000
0.0000000000000000
0.0000000000000000
0.0000000000000000
0.0000000000000000
0.0000000000000000
0.0000000000000000
0.0000000000000000
0.0000000000000000
0.0000000000000000
0.0000000000000000
0.0236166475249387
0.0633035941431118
0.0942120518130630
0.1135005206805864
0.1202421107288647
0.1144518953382784
0.0970475109259482
0.0698323424267497
0.0000000000000000
0.0000000000000000
0.0000000000000000
0.0000000000000000
0.0000000000000000
0.0000000000000000
0.0000000000000000
0.0000000000000000
0.0000000000000000
0.0000000000000000
0.0000000000000000
0.0000000000000000
0.0000000000000000
0.0000000000000000
0.0000000000000000
0.0000000000000000
0.0232191121321453
0.0631404896226441
0.0942350666569115
0.1136710733784933
0.1205342320174355
0.1148415989306177
0.0975090252391588
0.0703372594448341
0.0000000000000000
0.0000000000000000
0.0000000000000000
0.0000000000000000
0.0000000000000000
0.0000000000000000
0.0000000000000000
0.0000000000000000
0.0000000000000000
0.0000000000000000
0.0000000000000000
0.0000000000000000
0.0000000000000000
0.0000000000000000
0.0000000000000000
0.0000000000000000
0.0228139552717644
0.0629831204195468
0.0942701509674849
0.1138560780137993
0.1208412262534382
0.1152454813364028
0.0979833766000549
0.0708533613922220
0.0000000000000000
0.0000000000000000
0.0000000000000000
0.0000000000000000
0.0000000000000000
0.0000000000000000
0.0000000000000000
0.0000000000000000
0.0000000000000000
0.0000000000000000
0.0000000000000000
0.0000000000000000
0.0000000000000000
0.0000000000000000
0.0000000000000000
0.0000000000000000
0.0224005990278769
0.0628311830025144
0.0943170922669029
0.1140552935051682
0.1211627965503087
0.1156631929233857
0.0984701782492941
0.0713802460487367
0.0000000000000000
0.0000000000000000
0.0000000000000000
0.0000000000000000
0.0000000000000000
0.0000000000000000
0.0000000000000000
0.0000000000000000
0.0000000000000000
0.0000000000000000
0.0000000000000000
0.0000000000000000
0.0000000000000000
0.0000000000000000
0.0000000000000000
0.0000000000000000
0.0219784435992212
0.0626843510369520
0.0943756627197316
0.1142684657958811
0.1214986347838891
0.1160943747911231
0.0989690364348077
0.0719175066228948
0.0000000000000000
0.0000000000000000
0.0000000000000000
0.0000000000000000
0.0000000000000000
0.0000000000000000
0.0000000000000000
0.0000000000000000
0.0000000000000000
0.0000000000000000
0.0000000000000000
0.0000000000000000
0.0000000000000000
0.0000000000000000
0.0000000000000000
0.0000000000000000
0.0215468710836236
0.0625422751501384
0.0944456189220502
0.1144953276123558
0.1218484213685041
0.1165386585847058
0.0994795502541158
0.0724647316368866
0.0000000000000000
0.0000000000000000
0.0000000000000000
0.0000000000000000
0.0000000000000000
0.0000000000000000
0.0000000000000000
0.0000000000000000
0.0000000000000000
0.0000000000000000
0.0000000000000000
0.0000000000000000
0.0000000000000000
0.0000000000000000
0.0000000000000000
0.0000000000000000
0.0211052505821458
0.0624045831421518
0.0945267019188250
0.1147355982946017
0.1222118249266034
0.1169956660278078
0.1000013110820725
0.0730215042532064
0.0000000000000000
0.0000000000000000
0.0000000000000000
0.0000000000000000
0.0000000000000000
0.0000000000000000
0.0000000000000000
0.0000000000000000
0.0000000000000000
0.0000000000000000
0.0000000000000000
0.0000000000000000
0.0000000000000000
0.0000000000000000
0.0000000000000000
0.0000000000000000
0.0206529449151690
0.0622708808782191
0.0946186376825789
0.1149889838222392
0.1225885019187051
0.1174650082001002
0.1005339015305801
0.0735874009905354
0.0000000000000000
0.0000000000000000
0.0000000000000000
0.0000000000000000
0.0000000000000000
0.0000000000000000
0.0000000000000000
0.0000000000000000
0.0000000000000000
0.0000000000000000
0.0000000000000000
0.0000000000000000
0.0000000000000000
0.0000000000000000
0.0000000000000000
0.0000000000000000
0.0201893191510431
0.0621407538885374
0.0947211379904298
0.1152551770096751
0.1229780962039271
0.1179462845249349
0.1010768939533745
0.0741619898390313
0.0000000000000000
0.0000000000000000
0.0000000000000000
0.0000000000000000
0.0000000000000000
0.0000000000000000
0.0000000000000000
0.0000000000000000
0.0000000000000000
0.0000000000000000
0.0000000000000000
0.0000000000000000
0.0000000000000000
0.0000000000000000
0.0000000000000000
0.0000000000000000
0.0197137508951840
0.0620137694196326
0.0948339014907350
0.1155338576569719
0.1233802383924098
0.1184390814190327
0.1016298484953123
0.0747448278685521
0.0000000000000000
0.0000000000000000
0.0000000000000000
0.0000000000000000
0.0000000000000000
0.0000000000000000
0.0000000000000000
0.0000000000000000
0.0000000000000000
0.0000000000000000
0.0000000000000000
0.0000000000000000
0.0000000000000000
0.0000000000000000
0.0000000000000000
0.0000000000000000
0.0192256423062939
0.0618894787153611
0.0949566146807397
0.1158246924803651
0.1237945448826234
0.1189429705775551
0.1021923107785194
0.0753354584604728
0.0000000000000000
0.0000000000000000
0.0000000000000000
0.0000000000000000
0.0000000000000000
0.0000000000000000
0.0000000000000000
0.0000000000000000
0.0000000000000000
0.0000000000000000
0.0000000000000000
0.0000000000000000
0.0000000000000000
0.0000000000000000
0.0000000000000000
0.0000000000000000
0.0187244337319841
0.0617674193522490
0.0950889527891309
0.1161273348886609
0.1242206167726601
0.1194575071789097
0.1027638095474536
0.0759334085776156
0.0000000000000000
0.0000000000000000
0.0000000000000000
0.0000000000000000
0.0000000000000000
0.0000000000000000
0.0000000000000000
0.0000000000000000
0.0000000000000000
0.0000000000000000
0.0000000000000000
0.0000000000000000
0.0000000000000000
0.0000000000000000
0.0000000000000000
0.0000000000000000
0.0182096186312847
0.0616471176575385
0.0952305808188889
0.1164414250990390
0.1246580392644173
0.1199822287311561
0.1033438550857789
0.0765381868592832
0.0000000000000000
0.0000000000000000
0.0000000000000000
0.0000000000000000
0.0000000000000000
0.0000000000000000
0.0000000000000000
0.0000000000000000
0.0000000000000000
0.0000000000000000
0.0000000000000000
0.0000000000000000
0.0000000000000000
0.0000000000000000
0.0000000000000000
0.0000000000000000
0.0176807588958177
0.0615280909691424
0.0953811550354318
0.1167665911583664
0.1251063823774063
0.1205166555423422
0.1039319394791247
0.0771492837265447
0.0000000000000000
0.0000000000000000
0.0000000000000000
0.0000000000000000
0.0000000000000000
0.0000000000000000
0.0000000000000000
0.0000000000000000
0.0000000000000000
0.0000000000000000
0.0000000000000000
0.0000000000000000
0.0000000000000000
0.0000000000000000
0.0000000000000000
0.0000000000000000
0.0171374994412910
0.0614098490972811
0.0955403247197662
0.1171024510515528
0.1255652033829340
0.1210602934196288
0.1045275394945936
0.0777661743126354
0.0000000000000000
0.0000000000000000
0.0000000000000000
0.0000000000000000
0.0000000000000000
0.0000000000000000
0.0000000000000000
0.0000000000000000
0.0000000000000000
0.0000000000000000
0.0000000000000000
0.0000000000000000
0.0000000000000000
0.0000000000000000
0.0000000000000000
0.0000000000000000
0.0165795812122269
0.0612918941203093
0.0957077334526024
0.1174486152391381
0.1260340504390293
0.1216126382137016
0.1051301217991660
0.0783883241140807
0.0000000000000000
0.0000000000000000
0.0000000000000000
0.0000000000000000
0.0000000000000000
0.0000000000000000
0.0000000000000000
0.0000000000000000
0.0000000000000000
0.0000000000000000
0.0000000000000000
0.0000000000000000
0.0000000000000000
0.0000000000000000
0.0000000000000000
0.0000000000000000
0.0160068530662157
0.0611737178297221
0.0958830188519167
0.1178046883593845
0.1265124660209411
0.1221731807345227
0.1057391490748240
0.0790151959132975
0.0000000000000000
0.0000000000000000
0.0000000000000000
0.0000000000000000
0.0000000000000000
0.0000000000000000
0.0000000000000000
0.0000000000000000
0.0000000000000000
0.0000000000000000
0.0000000000000000
0.0000000000000000
0.0000000000000000
0.0000000000000000
0.0000000000000000
0.0000000000000000
0.0154192842229055
0.0610547970970744
0.0960658101940829
0.1181702689518435
0.1269999886349133
0.1227414102724505
0.1063540850480041
0.0796462559581855
0.0000000000000000
0.0000000000000000
0.0000000000000000
0.0000000000000000
0.0000000000000000
0.0000000000000000
0.0000000000000000
0.0000000000000000
0.0000000000000000
0.0000000000000000
0.0000000000000000
0.0000000000000000
0.0000000000000000
0.0000000000000000
0.0000000000000000
0.0000000000000000
0.0148169796302408
0.0609345882374218
0.0962557242725011
0.1185449470410753
0.1274961522003490
0.1233168157218508
0.1069743971832599
0.0802809778876713
0.0000000000000000
0.0000000000000000
0.0000000000000000
0.0000000000000000
0.0000000000000000
0.0000000000000000
0.0000000000000000
0.0000000000000000
0.0000000000000000
0.0000000000000000
0.0000000000000000
0.0000000000000000
0.0000000000000000
0.0000000000000000
0.0000000000000000
0.0000000000000000
0.0142001997838885
0.0608125219520519
0.0964523607954454
0.1189283006128292
0.1280004838547793
0.1238988847723397
0.1075995571612904
0.0809188443125222
0.0000000000000000
0.0000000000000000
0.0000000000000000
0.0000000000000000
0.0000000000000000
0.0000000000000000
0.0000000000000000
0.0000000000000000
0.0000000000000000
0.0000000000000000
0.0000000000000000
0.0000000000000000
0.0000000000000000
0.0000000000000000
0.0000000000000000
0.0000000000000000
0.0135693850844106
0.0606879999806935
0.0966552989078989
0.1193198926685500
0.1285125018149261
0.1244871026642293
0.1082290405040058
0.0815593471626191
0.0000000000000000
0.0000000000000000
0.0000000000000000
0.0000000000000000
0.0000000000000000
0.0000000000000000
0.0000000000000000
0.0000000000000000
0.0000000000000000
0.0000000000000000
0.0000000000000000
0.0000000000000000
0.0000000000000000
0.0000000000000000
0.0000000000000000
0.0000000000000000
0.0129251835638084
0.0605603938068504
0.0968640957746555
0.1197192701330138
0.1290317147205170
0.1250809519770308
0.1088623267480288
0.0822019881722947
0.0000000000000000
0.0000000000000000
0.0000000000000000
0.0000000000000000
0.0000000000000000
0.0000000000000000
0.0000000000000000
0.0000000000000000
0.0000000000000000
0.0000000000000000
0.0000000000000000
0.0000000000000000
0.0000000000000000
0.0000000000000000
0.0000000000000000
0.0000000000000000
0.0122684806709262
0.0604290449889319
0.0970782872629602
0.1201259648284882
0.1295576228062515
0.1256799138915965
0.1094989006986246
0.0828462800220569
0.0000000000000000
0.0000000000000000
0.0000000000000000
0.0000000000000000
0.0000000000000000
0.0000000000000000
0.0000000000000000
0.0000000000000000
0.0000000000000000
0.0000000000000000
0.0000000000000000
0.0000000000000000
0.0000000000000000
0.0000000000000000
0.0000000000000000
0.0000000000000000
0.0116004303690256
0.0602932664907898
0.0972973899255025
0.1205394957423749
0.1300897201632162
0.1262834702638415
0.1101382541873002
0.0834917477276316
0.0000000000000000
0.0000000000000000
0.0000000000000000
0.0000000000000000
0.0000000000000000
0.0000000000000000
0.0000000000000000
0.0000000000000000
0.0000000000000000
0.0000000000000000
0.0000000000000000
0.0000000000000000
0.0000000000000000
0.0000000000000000
0.0000000000000000
0.0000000000000000
0.0109224874286355
0.0601523445141054
0.0975209034207550
0.1209593715077721
0.1306274969829213
0.1268911054435393
0.1107798873757875
0.0841379293865026
0.0000000000000000
0.0000000000000000
0.0000000000000000
0.0000000000000000
0.0000000000000000
0.0000000000000000
0.0000000000000000
0.0000000000000000
0.0000000000000000
0.0000000000000000
0.0000000000000000
0.0000000000000000
0.0000000000000000
0.0000000000000000
0.0000000000000000
0.0000000000000000
0.0102364404280687
0.0600055406897282
0.0977483127953516
0.1213850924451312
0.1311704411115920
0.1275023072299643
0.1114233090665945
0.0847843759011634
0.0000000000000000
0.0000000000000000
0.0000000000000000
0.0000000000000000
0.0000000000000000
0.0000000000000000
0.0000000000000000
0.0000000000000000
0.0000000000000000
0.0000000000000000
0.0000000000000000
0.0000000000000000
