0.0000000000000000
0.0000000000000000
0.0000000000000000
0.0000000000000000
0.0255085014939314
0.0642143242792748
0.0942844864302961
0.1128721317312147
0.1190142270596033
0.1127276296426300
0.0949454840964691
0.0674891992044164
0.0000000000000000
0.0000000000000000
0.0000000000000000
0.0000000000000000
0.0000000000000000
0.0000000000000000
0.0000000000000000
0.0000000000000000
0.0000000000000000
0.0000000000000000
0.0000000000000000
0.0000000000000000
0.0000000000000000
0.0000000000000000
0.0000000000000000
0.0000000000000000
0.0251413661033177
0.0640187857617556
0.0942445096908787
0.1129672705753619
0.1192279343953390
0.1130415331372864
0.0953372737954238
0.0679323372606906
0.0000000000000000
0.0000000000000000
0.0000000000000000
0.0000000000000000
0.0000000000000000
0.0000000000000000
0.0000000000000000
0.0000000000000000
0.0000000000000000
0.0000000000000000
0.0000000000000000
0.0000000000000000
0.0000000000000000
0.0000000000000000
0.0000000000000000
0.0000000000000000
0.0247690736842446
0.0638301566837293
0.0942174291634387
0.1130778661610306
0.1194578238255188
0.1133712169126357
0.0957437208414124
0.0683885938034591
0.0000000000000000
0.0000000000000000
0.0000000000000000
0.0000000000000000
0.0000000000000000
0.0000000000000000
0.0000000000000000
0.0000000000000000
0.0000000000000000
0.0000000000000000
0.0000000000000000
0.0000000000000000
0.0000000000000000
0.0000000000000000
0.0000000000000000
0.0000000000000000
0.0243911971928936
0.0636482505121555
0.0942031134847860
0.1132037464055217
0.1197036585181604
0.1137163813618901
0.0961644769722255
0.0688575927264462
0.0000000000000000
0.0000000000000000
0.0000000000000000
0.0000000000000000
0.0000000000000000
0.0000000000000000
0.0000000000000000
0.0000000000000000
0.0000000000000000
0.0000000000000000
0.0000000000000000
0.0000000000000000
0.0000000000000000
0.0000000000000000
0.0000000000000000
0.0000000000000000
0.0240072736553727
0.0634728552040139
0.0942014130371705
0.1133447238185563
0.1199651885104066
0.1140767162352308
0.0965991860269217
0.0693389528787171
0.0000000000000000
0.0000000000000000
0.0000000000000000
0.0000000000000000
0.0000000000000000
0.0000000000000000
0.0000000000000000
0.0000000000000000
0.0000000000000000
0.0000000000000000
0.0000000000000000
0.0000000000000000
0.0000000000000000
0.0000000000000000
0.0000000000000000
0.0000000000000000
0.0236168073789289
0.0633037349142965
0.0942121614676104
0.1135005966316819
0.1202421513898383
0.1144519008808325
0.0970474837971208
0.0698322875734080
0.0000000000000000
0.0000000000000000
0.0000000000000000
0.0000000000000000
0.0000000000000000
0.0000000000000000
0.0000000000000000
0.0000000000000000
0.0000000000000000
0.0000000000000000
0.0000000000000000
0.0000000000000000
0.0000000000000000
0.0000000000000000
0.0000000000000000
0.0000000000000000
0.0232192727285672
0.0631406310062576
0.0942351766917876
0.1136711496069733
0.1205342728906936
0.1148416046254101
0.0975089981966763
0.0703372046036896
0.0000000000000000
0.0000000000000000
0.0000000000000000
0.0000000000000000
0.0000000000000000
0.0000000000000000
0.0000000000000000
0.0000000000000000
0.0000000000000000
0.0000000000000000
0.0000000000000000
0.0000000000000000
0.0000000000000000
0.0000000000000000
0.0000000000000000
0.0000000000000000
0.0228141166546407
0.0629832624434458
0.0942702613889492
0.1138561545170347
0.1208412673318649
0.1152454871737427
0.0979833496327871
0.0708533065516265
0.0000000000000000
0.0000000000000000
0.0000000000000000
0.0000000000000000
0.0000000000000000
0.0000000000000000
0.0000000000000000
0.0000000000000000
0.0000000000000000
0.0000000000000000
0.0000000000000000
0.0000000000000000
0.0000000000000000
0.0000000000000000
0.0000000000000000
0.0000000000000000
0.0224007612396375
0.0628313256953151
0.0943172030812343
0.1140553702803734
0.1211628378266070
0.1156631988934284
0.0984701513460071
0.0713801911970007
0.0000000000000000
0.0000000000000000
0.0000000000000000
0.0000000000000000
0.0000000000000000
0.0000000000000000
0.0000000000000000
0.0000000000000000
0.0000000000000000
0.0000000000000000
0.0000000000000000
0.0000000000000000
0.0000000000000000
0.0000000000000000
0.0000000000000000
0.0000000000000000
0.0219786066801886
0.0626844944280649
0.0943757739332332
0.1142685428401159
0.1214986762505846
0.1160943808838749
0.0989690095841712
0.0719174517482952
0.0000000000000000
0.0000000000000000
0.0000000000000000
0.0000000000000000
0.0000000000000000
0.0000000000000000
0.0000000000000000
0.0000000000000000
0.0000000000000000
0.0000000000000000
0.0000000000000000
0.0000000000000000
0.0000000000000000
0.0000000000000000
0.0000000000000000
0.0000000000000000
0.0215470350714037
0.0625424192698045
0.0944457305410548
0.1144954049225276
0.1218484630179484
0.1165386647900302
0.0994795234447090
0.0724646767276745
0.0000000000000000
0.0000000000000000
0.0000000000000000
0.0000000000000000
0.0000000000000000
0.0000000000000000
0.0000000000000000
0.0000000000000000
0.0000000000000000
0.0000000000000000
0.0000000000000000
0.0000000000000000
0.0000000000000000
0.0000000000000000
0.0000000000000000
0.0000000000000000
0.0211054155109075
0.0624047280214759
0.0945268139497006
0.1147356758674676
0.1222118667509782
0.1169956723354307
0.1000012843023924
0.0730214492976151
0.0000000000000000
0.0000000000000000
0.0000000000000000
0.0000000000000000
0.0000000000000000
0.0000000000000000
0.0000000000000000
0.0000000000000000
0.0000000000000000
0.0000000000000000
0.0000000000000000
0.0000000000000000
0.0000000000000000
0.0000000000000000
0.0000000000000000
0.0000000000000000
0.0206531108147994
0.0622710265492030
0.0946187501317311
0.1149890616544073
0.1225885439100250
0.1174650145996149
0.1005338747690470
0.0735873459767875
0.0000000000000000
0.0000000000000000
0.0000000000000000
0.0000000000000000
0.0000000000000000
0.0000000000000000
0.0000000000000000
0.0000000000000000
0.0000000000000000
0.0000000000000000
0.0000000000000000
0.0000000000000000
0.0000000000000000
0.0000000000000000
0.0000000000000000
0.0000000000000000
0.0201894860461578
0.0621409003841098
0.0947212508643041
0.1152552550976039
0.1229781383540407
0.1179462910058059
0.1010768671983379
0.0741619347553454
0.0000000000000000
0.0000000000000000
0.0000000000000000
0.0000000000000000
0.0000000000000000
0.0000000000000000
0.0000000000000000
0.0000000000000000
0.0000000000000000
0.0000000000000000
0.0000000000000000
0.0000000000000000
0.0000000000000000
0.0000000000000000
0.0000000000000000
0.0000000000000000
0.0197139188039800
0.0620139167736742
0.0948340147958154
0.1155339359969669
0.1233802806929998
0.1184390879705977
0.1016298217350550
0.0747447727031490
0.0000000000000000
0.0000000000000000
0.0000000000000000
0.0000000000000000
0.0000000000000000
0.0000000000000000
0.0000000000000000
0.0000000000000000
0.0000000000000000
0.0000000000000000
0.0000000000000000
0.0000000000000000
0.0000000000000000
0.0000000000000000
0.0000000000000000
0.0000000000000000
0.0192258112392200
0.0618896269627254
0.0949567284235447
0.1158247710685758
0.1237945873252051
0.1189429771890265
0.1021922840012613
0.0753354032015815
0.0000000000000000
0.0000000000000000
0.0000000000000000
0.0000000000000000
0.0000000000000000
0.0000000000000000
0.0000000000000000
0.0000000000000000
0.0000000000000000
0.0000000000000000
0.0000000000000000
0.0000000000000000
0.0000000000000000
0.0000000000000000
0.0000000000000000
0.0000000000000000
0.0187246036902107
0.0617675685287762
0.0950890669762056
0.1161274137210723
0.1242206593485774
0.1194575138393737
0.1027637827413541
0.0759333532134777
0.0000000000000000
0.0000000000000000
0.0000000000000000
0.0000000000000000
0.0000000000000000
0.0000000000000000
0.0000000000000000
0.0000000000000000
0.0000000000000000
0.0000000000000000
0.0000000000000000
0.0000000000000000
0.0000000000000000
0.0000000000000000
0.0000000000000000
0.0000000000000000
0.0182097896049561
0.0616472678000633
0.0952306954567956
0.1164415041714643
0.1246580819648388
0.1199822354295722
0.1033438282389386
0.0765381313781576
0.0000000000000000
0.0000000000000000
0.0000000000000000
0.0000000000000000
0.0000000000000000
0.0000000000000000
0.0000000000000000
0.0000000000000000
0.0000000000000000
0.0000000000000000
0.0000000000000000
0.0000000000000000
0.0000000000000000
0.0000000000000000
0.0000000000000000
0.0000000000000000
0.0176809308620670
0.0615282421154967
0.0953812701307371
0.1167666704664372
0.1251064251933192
0.1205166622675411
0.1039319125795871
0.0771492281167124
0.0000000000000000
0.0000000000000000
0.0000000000000000
0.0000000000000000
0.0000000000000000
0.0000000000000000
0.0000000000000000
0.0000000000000000
0.0000000000000000
0.0000000000000000
0.0000000000000000
0.0000000000000000
0.0000000000000000
0.0000000000000000
0.0000000000000000
0.0000000000000000
0.0171376723620055
0.0614100012862966
0.0955404402790293
0.1171025305907096
0.1255652463051394
0.1210603001603101
0.1045275125303450
0.0777661185624014
0.0000000000000000
0.0000000000000000
0.0000000000000000
0.0000000000000000
0.0000000000000000
0.0000000000000000
0.0000000000000000
0.0000000000000000
0.0000000000000000
0.0000000000000000
0.0000000000000000
0.0000000000000000
0.0000000000000000
0.0000000000000000
0.0000000000000000
0.0000000000000000
0.0165797550315465
0.0612920473918220
0.0957078494823663
0.1174486950046240
0.1260340934581384
0.1216126449584332
0.1051300947581372
0.0783882682117779
0.0000000000000000
0.0000000000000000
0.0000000000000000
0.0000000000000000
0.0000000000000000
0.0000000000000000
0.0000000000000000
0.0000000000000000
0.0000000000000000
0.0000000000000000
0.0000000000000000
0.0000000000000000
0.0000000000000000
0.0000000000000000
0.0000000000000000
0.0000000000000000
0.0160070277077438
0.0611738722245847
0.0958831353587045
0.1178047683462422
0.1265125091273760
0.1221731874717434
0.1057391219448943
0.0790151398472903
0.0000000000000000
0.0000000000000000
0.0000000000000000
0.0000000000000000
0.0000000000000000
0.0000000000000000
0.0000000000000000
0.0000000000000000
0.0000000000000000
0.0000000000000000
0.0000000000000000
0.0000000000000000
0.0000000000000000
0.0000000000000000
0.0000000000000000
0.0000000000000000
0.0154194595866086
0.0610549526571734
0.0960659271843989
0.1181703491549186
0.1270000318189115
0.1227414169904762
0.1063540578170077
0.0796461997168772
0.0000000000000000
0.0000000000000000
0.0000000000000000
0.0000000000000000
0.0000000000000000
0.0000000000000000
0.0000000000000000
0.0000000000000000
0.0000000000000000
0.0000000000000000
0.0000000000000000
0.0000000000000000
0.0000000000000000
0.0000000000000000
0.0000000000000000
0.0000000000000000
0.0148171555890193
0.0609347450056976
0.0962558417528386
0.1185450274550238
0.1274961954519752
0.1233168224088875
0.1069743698389988
0.0802809214595151
0.0000000000000000
0.0000000000000000
0.0000000000000000
0.0000000000000000
0.0000000000000000
0.0000000000000000
0.0000000000000000
0.0000000000000000
0.0000000000000000
0.0000000000000000
0.0000000000000000
0.0000000000000000
0.0000000000000000
0.0000000000000000
0.0000000000000000
0.0000000000000000
0.0142003761798143
0.0608126799725189
0.0964524787722961
0.1189283812321307
0.1280005271639409
0.1238988914165006
0.1075995296915516
0.0809187876860363
0.0000000000000000
0.0000000000000000
0.0000000000000000
0.0000000000000000
0.0000000000000000
0.0000000000000000
0.0000000000000000
0.0000000000000000
0.0000000000000000
0.0000000000000000
0.0000000000000000
0.0000000000000000
0.0000000000000000
0.0000000000000000
0.0000000000000000
0.0000000000000000
0.0135695617246461
0.0606881592984548
0.0966554173877635
0.1193199734875224
0.1285125451713921
0.1244871092535557
0.1082290128965820
0.0815592903264058
0.0000000000000000
0.0000000000000000
0.0000000000000000
0.0000000000000000
0.0000000000000000
0.0000000000000000
0.0000000000000000
0.0000000000000000
0.0000000000000000
0.0000000000000000
0.0000000000000000
0.0000000000000000
0.0000000000000000
0.0000000000000000
0.0000000000000000
0.0000000000000000
0.0129253602162496
0.0605605544681104
0.0968642147640568
0.1197193511458298
0.1290317581139389
0.1250809584995146
0.1088622989907400
0.0822019311150594
0.0000000000000000
0.0000000000000000
0.0000000000000000
0.0000000000000000
0.0000000000000000
0.0000000000000000
0.0000000000000000
0.0000000000000000
0.0000000000000000
0.0000000000000000
0.0000000000000000
0.0000000000000000
0.0000000000000000
0.0000000000000000
0.0000000000000000
0.0000000000000000
0.0122686570596374
0.0604292070410080
0.0970784067684550
0.1201260460291928
0.1295576662261844
0.1256799203352025
0.1094988727793400
0.0828462227326271
0.0000000000000000
0.0000000000000000
0.0000000000000000
0.0000000000000000
0.0000000000000000
0.0000000000000000
0.0000000000000000
0.0000000000000000
0.0000000000000000
0.0000000000000000
0.0000000000000000
0.0000000000000000
0.0000000000000000
0.0000000000000000
0.0000000000000000
0.0000000000000000
0.0116006061695703
0.0602934299821244
0.0972975099536954
0.1205395771249017
0.1300897635991377
0.1262834766165274
0.1101382260939573
0.0834916901949734
0.0000000000000000
0.0000000000000000
0.0000000000000000
0.0000000000000000
0.0000000000000000
0.0000000000000000
0.0000000000000000
0.0000000000000000
0.0000000000000000
0.0000000000000000
0.0000000000000000
0.0000000000000000
0.0000000000000000
0.0000000000000000
0.0000000000000000
0.0000000000000000
0.0109226622634464
0.0601525094942776
0.0975210239783121
0.1209594530659593
0.1306275404242506
0.1268911116932755
0.1107798590964101
0.0841378715997358
0.0000000000000000
0.0000000000000000
0.0000000000000000
0.0000000000000000
0.0000000000000000
0.0000000000000000
0.0000000000000000
0.0000000000000000
0.0000000000000000
0.0000000000000000
0.0000000000000000
0.0000000000000000
0.0000000000000000
0.0000000000000000
0.0000000000000000
0.0000000000000000
0.0102366138620653
0.0600057072094643
0.0977484338890145
0.1213851741727361
0.1311704845477059
0.1275023133647497
0.1114232805893071
0.0847843178495737
0.0000000000000000
0.0000000000000000
0.0000000000000000
0.0000000000000000
0.0000000000000000
0.0000000000000000
0.0000000000000000
0.0000000000000000
0.0000000000000000
0.0000000000000000
0.0000000000000000
0.0000000000000000
