0.0000000000000000
0.0000000000000000
0.0000000000000000
0.0000000000000000
0.0878721144201306
0.1438491494669096
0.1552806871262573
0.1426949253814302
0.1149129160061566
0.0775480631538337
0.0371092465659566
0.0000000000000000
0.0000000000000000
0.0317081634674793
0.0267566734000463
0.0206231031625319
0.0135619698697919
0.0056145810837608
0.0000000000000000
0.0000000000000000
0.0000000000000000
0.0000000000000000
0.0000000000000000
0.0000000000000000
0.0000000000000000
0.0000000000000000
0.0000000000000000
0.0000000000000000
0.0866904517520538
0.1434581207631204
0.1552198060041312
0.1428003289702470
0.1151066291741303
0.0777787441378360
0.0370869124931448
0.0000000000000000
0.0000000000000000
0.0158608827385010
0.0267770131696519
0.0206468210053545
0.0135858070645986
0.0056355143964003
0.0000000000000000
0.0000000000000000
0.0000000000000000
0.0000000000000000
0.0000000000000000
0.0000000000000000
0.0000000000000000
0.0000000000000000
0.0000000000000000
0.0000000000000000
0.0854588939706233
0.1430468842221024
0.1551468026790314
0.1428950220890375
0.1152889243419080
0.0779966167767862
0.0370626024154459
0.0000000000000000
0.0000000000000000
0.0158663543682650
0.0267943591141114
0.0206671579697915
0.0136057615188518
0.0056517457390647
0.0000000000000000
0.0000000000000000
0.0000000000000000
0.0000000000000000
0.0000000000000000
0.0000000000000000
0.0000000000000000
0.0000000000000000
0.0000000000000000
0.0000000000000000
0.0841769826539006
0.1426152271962485
0.1550614986116999
0.1429787781953572
0.1154595402686629
0.0782014139121194
0.0370363131175263
0.0000000000000000
0.0000000000000000
0.0158704804486548
0.0268086746750702
0.0206840766933634
0.0136217985984515
0.0056632442116204
0.0000000000000000
0.0000000000000000
0.0000000000000000
0.0000000000000000
0.0000000000000000
0.0000000000000000
0.0000000000000000
0.0000000000000000
0.0000000000000000
0.0000000000000000
0.0828442650421669
0.1421629274022683
0.1549637132026420
0.1430513723054153
0.1156182205419835
0.0783928763699649
0.0370080407073384
0.0000000000000000
0.0000000000000000
0.0158732450073638
0.0268199241510074
0.0206975410679765
0.0136338851386991
0.0056699806225526
0.0000000000000000
0.0000000000000000
0.0000000000000000
0.0000000000000000
0.0000000000000000
0.0000000000000000
0.0000000000000000
0.0000000000000000
0.0000000000000000
0.0000000000000000
0.0814603040867640
0.1416897540790655
0.1548532637798145
0.1431125802458286
0.1157647123642643
0.0785707514247045
0.0369777806327759
0.0000000000000000
0.0000000000000000
0.0158746322031779
0.0268280724898658
0.0207075159918621
0.0136419891507599
0.0056719271208890
0.0000000000000000
0.0000000000000000
0.0000000000000000
0.0000000000000000
0.0000000000000000
0.0000000000000000
0.0000000000000000
0.0000000000000000
0.0000000000000000
0.0000000000000000
0.0800246880245452
0.1411954687292491
0.1547299656939433
0.1431621783627979
0.1158987659817278
0.0787347920764138
0.0369455276934466
0.0000000000000000
0.0000000000000000
0.0158746262923629
0.0268330852002250
0.0207139672546396
0.0136460796823117
0.0056690570051379
0.0000000000000000
0.0000000000000000
0.0000000000000000
0.0000000000000000
0.0000000000000000
0.0000000000000000
0.0000000000000000
0.0000000000000000
0.0000000000000000
0.0000000000000000
0.0785370398969111
0.1406798255365346
0.1545936325161443
0.1431999435978850
0.1160201347141274
0.0788847570126382
0.0369112760529433
0.0000000000000000
0.0000000000000000
0.0158732116357254
0.0268349283599692
0.0207168615433236
0.0136461268089406
0.0056613447009460
0.0000000000000000
0.0000000000000000
0.0000000000000000
0.0000000000000000
0.0000000000000000
0.0000000000000000
0.0000000000000000
0.0000000000000000
0.0000000000000000
0.0000000000000000
0.0769970276723363
0.1401425716247677
0.1544440763420003
0.1432256538602188
0.1161285753661559
0.0790204110682650
0.0368750192625902
0.0000000000000000
0.0000000000000000
0.0158703727342191
0.0268335687004154
0.0207161665295001
0.0136421017260654
0.0056487658573749
0.0000000000000000
0.0000000000000000
0.0000000000000000
0.0000000000000000
0.0000000000000000
0.0000000000000000
0.0000000000000000
0.0000000000000000
0.0000000000000000
0.0000000000000000
0.0754043759376847
0.1395834474087615
0.1542811082001136
0.1432390885363217
0.1162238488480642
0.0791415258894967
0.0368367503029343
0.0000000000000000
0.0000000000000000
0.0158660942815275
0.0268289737236479
0.0207118509996622
0.0136339768779785
0.0056312975065107
0.0000000000000000
0.0000000000000000
0.0000000000000000
0.0000000000000000
0.0000000000000000
0.0000000000000000
0.0000000000000000
0.0000000000000000
0.0000000000000000
0.0000000000000000
0.0737588799539119
0.1390021872593215
0.1541045385515361
0.1432400289845886
0.1163057206902928
0.0792478804898307
0.0369012432578439
0.0000000000000000
0.0000000000000000
0.0158603612109249
0.0268211118039984
0.0207038849563859
0.0136217260639139
0.0056089182001541
0.0000000000000000
0.0000000000000000
0.0000000000000000
0.0000000000000000
0.0000000000000000
0.0000000000000000
0.0000000000000000
0.0000000000000000
0.0000000000000000
0.0000000000000000
0.0720604232229093
0.1383985207597318
0.1539141778691309
0.1432282588292116
0.1163739611976805
0.0793392613019458
0.0369761134400954
0.0000000000000000
0.0000000000000000
0.0158531587205620
0.0268099522217994
0.0206922396418721
0.0136053244429597
0.0055816080519258
0.0000000000000000
0.0000000000000000
0.0000000000000000
0.0000000000000000
0.0000000000000000
0.0000000000000000
0.0000000000000000
0.0000000000000000
0.0000000000000000
0.0000000000000000
0.0703089992180550
0.1377721747476411
0.1537098373054554
0.1432035639667219
0.1164283450689848
0.0794154615934455
0.0370347155756473
0.0000000000000000
0.0000000000000000
0.0158444722667615
0.0267954651141345
0.0206768874540228
0.0135847484249763
0.0055493486562205
0.0000000000000000
0.0000000000000000
0.0000000000000000
0.0000000000000000
0.0000000000000000
0.0000000000000000
0.0000000000000000
0.0000000000000000
0.0000000000000000
0.0000000000000000
0.0685047378321827
0.1371228762603664
0.1534913295067370
0.1431657323371459
0.1164686505762144
0.0794762802864122
0.0370768975104232
0.0000000000000000
0.0000000000000000
0.0158342875376280
0.0267776213641315
0.0206578017952092
0.0135599754809146
0.0055121229449735
0.0000000000000000
0.0000000000000000
0.0000000000000000
0.0000000000000000
0.0000000000000000
0.0000000000000000
0.0000000000000000
0.0000000000000000
0.0000000000000000
0.0000000000000000
0.0666479365862302
0.1364503563758906
0.1532584696805131
0.1431145536806831
0.1164946585746151
0.0795215205912114
0.0371025134965769
0.0000000000000000
0.0000000000000000
0.0158225904302888
0.0267563924982400
0.0206349569231934
0.0135309839629735
0.0054699150735198
0.0000000000000000
0.0000000000000000
0.0000000000000000
0.0000000000000000
0.0000000000000000
0.0000000000000000
0.0000000000000000
0.0000000000000000
0.0000000000000000
0.0000000000000000
0.0647390965814553
0.1357543549493340
0.1530110770124340
0.1430498194693001
0.1165061516699719
0.0795509887632228
0.0371114228595315
0.0000000000000000
0.0000000000000000
0.0000000000000000
0.0267317506314032
0.0206083278620255
0.0134977529908490
0.0054227104167056
0.0000000000000000
0.0000000000000000
0.0000000000000000
0.0000000000000000
0.0000000000000000
0.0000000000000000
0.0000000000000000
0.0000000000000000
0.0000000000000000
0.0000000000000000
0.0627789624985232
0.1350346259345351
0.1527489763846203
0.1429713231059212
0.1165029136241457
0.0795644931482171
0.0371034889243353
0.0000000000000000
0.0000000000000000
0.0000000000000000
0.0267036684626194
0.0205778903601473
0.0134602623895108
0.0053704956321277
0.0000000000000000
0.0000000000000000
0.0000000000000000
0.0000000000000000
0.0000000000000000
0.0000000000000000
0.0000000000000000
0.0000000000000000
0.0000000000000000
0.0000000000000000
0.0607685646541001
0.1342909425659229
0.1524720000918998
0.1428788602381351
0.1164847289854978
0.0795618434270687
0.0370785781183238
0.0000000000000000
0.0000000000000000
0.0000000000000000
0.0266721192605699
0.0205436208385013
0.0134184925955071
0.0053132586984372
0.0000000000000000
0.0000000000000000
0.0000000000000000
0.0000000000000000
0.0000000000000000
0.0000000000000000
0.0000000000000000
0.0000000000000000
0.0000000000000000
0.0000000000000000
0.0587092592900183
0.1335231009903785
0.1521799890451611
0.1427722290511416
0.1164513828734409
0.0795428500962245
0.0370365592189408
0.0000000000000000
0.0000000000000000
0.0000000000000000
0.0266370768029157
0.0205054962797713
0.0133724244889158
0.0052509888543132
0.0000000000000000
0.0000000000000000
0.0000000000000000
0.0000000000000000
0.0000000000000000
0.0000000000000000
0.0000000000000000
0.0000000000000000
0.0000000000000000
0.0000000000000000
0.0566027630869913
0.1327309208211452
0.1518727930072548
0.1426512305344577
0.1164026612288289
0.0795073245554244
0.0369773032023556
0.0000000000000000
0.0000000000000000
0.0000000000000000
0.0265985153084602
0.0204634941294201
0.0133220392185443
0.0051836765429596
0.0000000000000000
0.0000000000000000
0.0000000000000000
0.0000000000000000
0.0000000000000000
0.0000000000000000
0.0000000000000000
0.0000000000000000
0.0000000000000000
0.0000000000000000
0.0544511798480904
0.1319142419419835
0.1515502698185474
0.1425156690444992
0.1163383520392362
0.0794550805601796
0.0369006845167162
0.0000000000000000
0.0000000000000000
0.0000000000000000
0.0265564095026371
0.0204175923685637
0.0132673182394911
0.0051113136277070
0.0000000000000000
0.0000000000000000
0.0000000000000000
0.0000000000000000
0.0000000000000000
0.0000000000000000
0.0000000000000000
0.0000000000000000
0.0000000000000000
0.0000000000000000
0.0522570220143894
0.1310729183552629
0.1512122841255486
0.1423653536074345
0.1162582480741384
0.0793859376089576
0.0368065845678129
0.0000000000000000
0.0000000000000000
0.0000000000000000
0.0265107349749424
0.0203677699542634
0.0132082437750528
0.0050338941795683
0.0000000000000000
0.0000000000000000
0.0000000000000000
0.0000000000000000
0.0000000000000000
0.0000000000000000
0.0000000000000000
0.0000000000000000
0.0000000000000000
0.0000000000000000
0.0500232331198011
0.1302068113460593
0.1508587064490463
0.1422001002443865
0.1161621511499678
0.0792997262944655
0.0366948973824991
0.0000000000000000
0.0000000000000000
0.0000000000000000
0.0264614688919300
0.0203140076790320
0.0131447997840749
0.0049514159412822
0.0000000000000000
0.0000000000000000
0.0000000000000000
0.0000000000000000
0.0000000000000000
0.0000000000000000
0.0000000000000000
0.0000000000000000
0.0000000000000000
0.0000000000000000
0.0477532179087623
0.1293157842405293
0.1504894132051171
0.1420197351127988
0.1160498772874950
0.0791962946561075
0.0365655365203578
0.0000000000000000
0.0000000000000000
0.0000000000000000
0.0264085909542151
0.0202562893049787
0.0130769732445794
0.0048638822708941
0.0000000000000000
0.0000000000000000
0.0000000000000000
0.0000000000000000
0.0000000000000000
0.0000000000000000
0.0000000000000000
0.0000000000000000
0.0000000000000000
0.0000000000000000
0.0454508828821243
0.1283996998592318
0.1501042876324105
0.1418240977929104
0.1159212616104653
0.0790755141403151
0.0364184415097711
0.0000000000000000
0.0000000000000000
0.0000000000000000
0.0263520843400627
0.0201946026598873
0.0130047553905854
0.0047713041123548
0.0000000000000000
0.0000000000000000
0.0000000000000000
0.0000000000000000
0.0000000000000000
0.0000000000000000
0.0000000000000000
0.0000000000000000
0.0000000000000000
0.0000000000000000
0.0431206850404883
0.1274584199102971
0.1497032209418226
0.1416130438316768
0.1157761619027328
0.0789372837790235
0.0362535823362861
0.0000000000000000
0.0000000000000000
0.0000000000000000
0.0262919363665951
0.0201289403787991
0.0129281425294922
0.0046737015644589
0.0000000000000000
0.0000000000000000
0.0000000000000000
0.0000000000000000
0.0000000000000000
0.0000000000000000
0.0000000000000000
0.0000000000000000
0.0000000000000000
0.0000000000000000
0.0407676835840522
0.1264918046870823
0.1492861128518032
0.1413864459479852
0.1156144601980129
0.0787815319755333
0.0360709612030098
0.0000000000000000
0.0000000000000000
0.0000000000000000
0.0262281387197303
0.0200593001381267
0.0128471362637436
0.0045711048318852
0.0000000000000000
0.0000000000000000
0.0000000000000000
0.0000000000000000
0.0000000000000000
0.0000000000000000
0.0000000000000000
0.0000000000000000
0.0000000000000000
0.0000000000000000
0.0383975903788579
0.1254997118892478
0.1488528711280933
0.1411441938312009
0.1154360625570026
0.0786082160823282
0.0358706118578614
0.0000000000000000
0.0000000000000000
0.0000000000000000
0.0261606872933751
0.0199856844312774
0.0127617431875245
0.0044635546864819
0.0000000000000000
0.0000000000000000
0.0000000000000000
0.0000000000000000
0.0000000000000000
0.0000000000000000
0.0000000000000000
0.0000000000000000
0.0000000000000000
0.0000000000000000
0.0360168178596475
0.1244819947532226
0.1484034104000863
0.1408861929622108
0.1152408975868640
0.0784173205408399
0.0357177911466059
0.0000000000000000
0.0000000000000000
0.0000000000000000
0.0260895817941597
0.0199081000862296
0.0126719742929944
0.0043511027434273
0.0000000000000000
0.0000000000000000
0.0000000000000000
0.0000000000000000
0.0000000000000000
0.0000000000000000
0.0000000000000000
0.0000000000000000
0.0000000000000000
0.0000000000000000
0.0336325250571563
0.1234385005586267
0.1479376509097099
0.1406123630813780
0.1150289144224276
0.0782088543748371
0.0356378933851789
0.0000000000000000
0.0000000000000000
0.0000000000000000
0.0260148252946011
0.0198265577219250
0.0125778443199613
0.0042338118709827
0.0000000000000000
0.0000000000000000
0.0000000000000000
0.0000000000000000
0.0000000000000000
0.0000000000000000
0.0000000000000000
0.0000000000000000
0.0000000000000000
0.0000000000000000
0.0312526607694965
0.1223690705247140
0.1474555177036783
0.1403226367336331
0.1148000806558763
0.0779828486114405
0.0355558655536347
0.0000000000000000
0.0000000000000000
0.0000000000000000
0.0259364238265514
0.0197410712575973
0.0124793711708636
0.0041117569071458
0.0000000000000000
0.0000000000000000
0.0000000000000000
0.0000000000000000
0.0000000000000000
0.0000000000000000
