0.0000000000000000
0.0000000000000000
0.0000000000000000
0.0000000000000000
0.0255084575837151
0.0642142857171013
0.0942844571604298
0.1128721128317143
0.1190142190127700
0.1127276322730394
0.0949454964894976
0.0674892196780227
0.0000000000000000
0.0000000000000000
0.0000000000000000
0.0000000000000000
0.0000000000000000
0.0000000000000000
0.0000000000000000
0.0000000000000000
0.0000000000000000
0.0000000000000000
0.0000000000000000
0.0000000000000000
0.0000000000000000
0.0000000000000000
0.0000000000000000
0.0000000000000000
0.0251413220502865
0.0640187470513112
0.0942444803076371
0.1129672515800303
0.1192279262664351
0.1130415357011045
0.0953372861408646
0.0679323577094822
0.0000000000000000
0.0000000000000000
0.0000000000000000
0.0000000000000000
0.0000000000000000
0.0000000000000000
0.0000000000000000
0.0000000000000000
0.0000000000000000
0.0000000000000000
0.0000000000000000
0.0000000000000000
0.0000000000000000
0.0000000000000000
0.0000000000000000
0.0000000000000000
0.0247690294750890
0.0638301178174379
0.0942173996644075
0.1130778470698055
0.1194578156157813
0.1133712194119104
0.0957437331418190
0.0683886142302365
0.0000000000000000
0.0000000000000000
0.0000000000000000
0.0000000000000000
0.0000000000000000
0.0000000000000000
0.0000000000000000
0.0000000000000000
0.0000000000000000
0.0000000000000000
0.0000000000000000
0.0000000000000000
0.0000000000000000
0.0000000000000000
0.0000000000000000
0.0000000000000000
0.0243911528143279
0.0636482114822756
0.0942030838675560
0.1132037272183924
0.1197036502288861
0.1137163837987229
0.0961644892301905
0.0688576131340307
0.0000000000000000
0.0000000000000000
0.0000000000000000
0.0000000000000000
0.0000000000000000
0.0000000000000000
0.0000000000000000
0.0000000000000000
0.0000000000000000
0.0000000000000000
0.0000000000000000
0.0000000000000000
0.0000000000000000
0.0000000000000000
0.0000000000000000
0.0000000000000000
0.0240072290941879
0.0634728160026281
0.0942013832993354
0.1133447045355620
0.1199651801429506
0.1140767186117746
0.0965991982450742
0.0693389732699479
0.0000000000000000
0.0000000000000000
0.0000000000000000
0.0000000000000000
0.0000000000000000
0.0000000000000000
0.0000000000000000
0.0000000000000000
0.0000000000000000
0.0000000000000000
0.0000000000000000
0.0000000000000000
0.0000000000000000
0.0000000000000000
0.0000000000000000
0.0000000000000000
0.0236167626220605
0.0633036955333005
0.0942121316067643
0.1135005772529109
0.1202421429456126
0.1144519031992892
0.0970474959781252
0.0698323079511398
0.0000000000000000
0.0000000000000000
0.0000000000000000
0.0000000000000000
0.0000000000000000
0.0000000000000000
0.0000000000000000
0.0000000000000000
0.0000000000000000
0.0000000000000000
0.0000000000000000
0.0000000000000000
0.0000000000000000
0.0000000000000000
0.0000000000000000
0.0000000000000000
0.0232192277631743
0.0631405914373494
0.0942351467055229
0.1136711301325622
0.1205342643711660
0.1148416068880301
0.0975090103432291
0.0703372249707908
0.0000000000000000
0.0000000000000000
0.0000000000000000
0.0000000000000000
0.0000000000000000
0.0000000000000000
0.0000000000000000
0.0000000000000000
0.0000000000000000
0.0000000000000000
0.0000000000000000
0.0000000000000000
0.0000000000000000
0.0000000000000000
0.0000000000000000
0.0000000000000000
0.0228140714682058
0.0629832226781147
0.0942702312748552
0.1138561349471677
0.1208412587385578
0.1152454893828228
0.0979833617476162
0.0708533269109769
0.0000000000000000
0.0000000000000000
0.0000000000000000
0.0000000000000000
0.0000000000000000
0.0000000000000000
0.0000000000000000
0.0000000000000000
0.0000000000000000
0.0000000000000000
0.0000000000000000
0.0000000000000000
0.0000000000000000
0.0000000000000000
0.0000000000000000
0.0000000000000000
0.0224007158200826
0.0628312857248304
0.0943171728368940
0.1140553506152809
0.1211628291610969
0.1156632010513103
0.0984701634318692
0.0713802115514895
0.0000000000000000
0.0000000000000000
0.0000000000000000
0.0000000000000000
0.0000000000000000
0.0000000000000000
0.0000000000000000
0.0000000000000000
0.0000000000000000
0.0000000000000000
0.0000000000000000
0.0000000000000000
0.0000000000000000
0.0000000000000000
0.0000000000000000
0.0000000000000000
0.0219785610160173
0.0626844542434648
0.0943757435562217
0.1142685230800739
0.1214986675144999
0.1160943829929436
0.0989690216438498
0.0719174721008188
0.0000000000000000
0.0000000000000000
0.0000000000000000
0.0000000000000000
0.0000000000000000
0.0000000000000000
0.0000000000000000
0.0000000000000000
0.0000000000000000
0.0000000000000000
0.0000000000000000
0.0000000000000000
0.0000000000000000
0.0000000000000000
0.0000000000000000
0.0000000000000000
0.0215469891518692
0.0625423788618850
0.0944457000289374
0.1144953850678568
0.1218484542129690
0.1165386668527122
0.0994795354810126
0.0724646970811343
0.0000000000000000
0.0000000000000000
0.0000000000000000
0.0000000000000000
0.0000000000000000
0.0000000000000000
0.0000000000000000
0.0000000000000000
0.0000000000000000
0.0000000000000000
0.0000000000000000
0.0000000000000000
0.0000000000000000
0.0000000000000000
0.0000000000000000
0.0000000000000000
0.0211053693262118
0.0624046873807793
0.0945267833000300
0.1147356559185323
0.1222118578788337
0.1169956743541920
0.1000012963181520
0.0730214696549145
0.0000000000000000
0.0000000000000000
0.0000000000000000
0.0000000000000000
0.0000000000000000
0.0000000000000000
0.0000000000000000
0.0000000000000000
0.0000000000000000
0.0000000000000000
0.0000000000000000
0.0000000000000000
0.0000000000000000
0.0000000000000000
0.0000000000000000
0.0000000000000000
0.0206530643563258
0.0622709856660078
0.0946187193420471
0.1149890416116150
0.1225885349724936
0.1174650165769599
0.1005338867671144
0.0735873663408308
0.0000000000000000
0.0000000000000000
0.0000000000000000
0.0000000000000000
0.0000000000000000
0.0000000000000000
0.0000000000000000
0.0000000000000000
0.0000000000000000
0.0000000000000000
0.0000000000000000
0.0000000000000000
0.0000000000000000
0.0000000000000000
0.0000000000000000
0.0000000000000000
0.0201894393067470
0.0621408592484202
0.0947212199321313
0.1152552349614048
0.1229781293529493
0.1179462929442759
0.1010768791815840
0.0741619551290351
0.0000000000000000
0.0000000000000000
0.0000000000000000
0.0000000000000000
0.0000000000000000
0.0000000000000000
0.0000000000000000
0.0000000000000000
0.0000000000000000
0.0000000000000000
0.0000000000000000
0.0000000000000000
0.0000000000000000
0.0000000000000000
0.0000000000000000
0.0000000000000000
0.0197138717782466
0.0620138753752123
0.0948339837186644
0.1155339157678555
0.1233802716302238
0.1184390898727707
0.1016298337063687
0.0747447930893844
0.0000000000000000
0.0000000000000000
0.0000000000000000
0.0000000000000000
0.0000000000000000
0.0000000000000000
0.0000000000000000
0.0000000000000000
0.0000000000000000
0.0000000000000000
0.0000000000000000
0.0000000000000000
0.0000000000000000
0.0000000000000000
0.0000000000000000
0.0000000000000000
0.0192257639239232
0.0618895852909236
0.0949566971989119
0.1158247507470911
0.1237945782026683
0.1189429790575164
0.1021922959635484
0.0753354236032569
0.0000000000000000
0.0000000000000000
0.0000000000000000
0.0000000000000000
0.0000000000000000
0.0000000000000000
0.0000000000000000
0.0000000000000000
0.0000000000000000
0.0000000000000000
0.0000000000000000
0.0000000000000000
0.0000000000000000
0.0000000000000000
0.0000000000000000
0.0000000000000000
0.0187245560846796
0.0617675265727723
0.0950890356015760
0.1161273933078010
0.1242206501682543
0.1194575156768312
0.1027637946975367
0.0759333736334813
0.0000000000000000
0.0000000000000000
0.0000000000000000
0.0000000000000000
0.0000000000000000
0.0000000000000000
0.0000000000000000
0.0000000000000000
0.0000000000000000
0.0000000000000000
0.0000000000000000
0.0000000000000000
0.0000000000000000
0.0000000000000000
0.0000000000000000
0.0000000000000000
0.0182097417115765
0.0616472255486965
0.0952306639296444
0.1164414836670422
0.1246580727287551
0.1199822372386850
0.1033438401919553
0.0765381518193705
0.0000000000000000
0.0000000000000000
0.0000000000000000
0.0000000000000000
0.0000000000000000
0.0000000000000000
0.0000000000000000
0.0000000000000000
0.0000000000000000
0.0000000000000000
0.0000000000000000
0.0000000000000000
0.0000000000000000
0.0000000000000000
0.0000000000000000
0.0000000000000000
0.0176808826868356
0.0615281995573059
0.0953812384485343
0.1167666498715531
0.1251064159035548
0.1205166640510347
0.1039319245323922
0.0771492485820074
0.0000000000000000
0.0000000000000000
0.0000000000000000
0.0000000000000000
0.0000000000000000
0.0000000000000000
0.0000000000000000
0.0000000000000000
0.0000000000000000
0.0000000000000000
0.0000000000000000
0.0000000000000000
0.0000000000000000
0.0000000000000000
0.0000000000000000
0.0000000000000000
0.0171376239151537
0.0614099584095182
0.0955404084392425
0.1171025099061076
0.1255652369638292
0.1210603019209491
0.1045275244859092
0.0777661390546424
0.0000000000000000
0.0000000000000000
0.0000000000000000
0.0000000000000000
0.0000000000000000
0.0000000000000000
0.0000000000000000
0.0000000000000000
0.0000000000000000
0.0000000000000000
0.0000000000000000
0.0000000000000000
0.0000000000000000
0.0000000000000000
0.0000000000000000
0.0000000000000000
0.0165797063282406
0.0612920041843864
0.0957078174824628
0.1174486742311059
0.1260340840674739
0.1216126466990211
0.1051301067194469
0.0783882887338194
0.0000000000000000
0.0000000000000000
0.0000000000000000
0.0000000000000000
0.0000000000000000
0.0000000000000000
0.0000000000000000
0.0000000000000000
0.0000000000000000
0.0000000000000000
0.0000000000000000
0.0000000000000000
0.0000000000000000
0.0000000000000000
0.0000000000000000
0.0000000000000000
0.0160069787688659
0.0611738286741115
0.0958831031961510
0.1178047474846674
0.1265124996896047
0.1221731891951222
0.1057391339149504
0.0790151604019755
0.0000000000000000
0.0000000000000000
0.0000000000000000
0.0000000000000000
0.0000000000000000
0.0000000000000000
0.0000000000000000
0.0000000000000000
0.0000000000000000
0.0000000000000000
0.0000000000000000
0.0000000000000000
0.0000000000000000
0.0000000000000000
0.0000000000000000
0.0000000000000000
0.0154194104396269
0.0610549087509640
0.0960658948566620
0.1181703282062039
0.1270000223363362
0.1227414186995243
0.1063540697988243
0.0796462203070370
0.0000000000000000
0.0000000000000000
0.0000000000000000
0.0000000000000000
0.0000000000000000
0.0000000000000000
0.0000000000000000
0.0000000000000000
0.0000000000000000
0.0000000000000000
0.0000000000000000
0.0000000000000000
0.0000000000000000
0.0000000000000000
0.0000000000000000
0.0000000000000000
0.0148171062689518
0.0609347007307281
0.0962558092573807
0.1185450064201396
0.1274961859269492
0.1233168241065160
0.1069743818355985
0.0802809420879641
0.0000000000000000
0.0000000000000000
0.0000000000000000
0.0000000000000000
0.0000000000000000
0.0000000000000000
0.0000000000000000
0.0000000000000000
0.0000000000000000
0.0000000000000000
0.0000000000000000
0.0000000000000000
0.0000000000000000
0.0000000000000000
0.0000000000000000
0.0000000000000000
0.0142003267302888
0.0608126353154308
0.0964524461065718
0.1189283601120974
0.1280005175988638
0.1238988931056476
0.1075995417059613
0.0809188083555688
0.0000000000000000
0.0000000000000000
0.0000000000000000
0.0000000000000000
0.0000000000000000
0.0000000000000000
0.0000000000000000
0.0000000000000000
0.0000000000000000
0.0000000000000000
0.0000000000000000
0.0000000000000000
0.0000000000000000
0.0000000000000000
0.0000000000000000
0.0000000000000000
0.0135695121990505
0.0606881142455499
0.0966553845492161
0.1193199522834056
0.1285125355687044
0.1244871109371808
0.1082290249318264
0.0815593110397904
0.0000000000000000
0.0000000000000000
0.0000000000000000
0.0000000000000000
0.0000000000000000
0.0000000000000000
0.0000000000000000
0.0000000000000000
0.0000000000000000
0.0000000000000000
0.0000000000000000
0.0000000000000000
0.0000000000000000
0.0000000000000000
0.0000000000000000
0.0000000000000000
0.0129253106789644
0.0605605090053449
0.0968641817501136
0.1197193298587353
0.1290317484761148
0.1250809601805920
0.1088623110498353
0.0822019518750336
0.0000000000000000
0.0000000000000000
0.0000000000000000
0.0000000000000000
0.0000000000000000
0.0000000000000000
0.0000000000000000
0.0000000000000000
0.0000000000000000
0.0000000000000000
0.0000000000000000
0.0000000000000000
0.0000000000000000
0.0000000000000000
0.0000000000000000
0.0000000000000000
0.0122686075873292
0.0604291611539870
0.0970783735765229
0.1201260246602609
0.1295576565557262
0.1256799220167142
0.1094988848652878
0.0828462435418921
0.0000000000000000
0.0000000000000000
0.0000000000000000
0.0000000000000000
0.0000000000000000
0.0000000000000000
0.0000000000000000
0.0000000000000000
0.0000000000000000
0.0000000000000000
0.0000000000000000
0.0000000000000000
0.0000000000000000
0.0000000000000000
0.0000000000000000
0.0000000000000000
0.0116005568525172
0.0602933836560958
0.0972974765811563
0.1205395556753021
0.1300897538985700
0.1262834783014576
0.1101382382097391
0.0834917110561891
0.0000000000000000
0.0000000000000000
0.0000000000000000
0.0000000000000000
0.0000000000000000
0.0000000000000000
0.0000000000000000
0.0000000000000000
0.0000000000000000
0.0000000000000000
0.0000000000000000
0.0000000000000000
0.0000000000000000
0.0000000000000000
0.0000000000000000
0.0000000000000000
0.0109226132068580
0.0601524627141271
0.0975209904225180
0.1209594315368859
0.1306275306961140
0.1268911133846043
0.1107798712449818
0.0841378925155168
0.0000000000000000
0.0000000000000000
0.0000000000000000
0.0000000000000000
0.0000000000000000
0.0000000000000000
0.0000000000000000
0.0000000000000000
0.0000000000000000
0.0000000000000000
0.0000000000000000
0.0000000000000000
0.0000000000000000
0.0000000000000000
0.0000000000000000
0.0000000000000000
0.0102365651873381
0.0600056599597099
0.0977484001472824
0.1213851525654024
0.1311704747945522
0.1275023150654485
0.1114232927735949
0.0847843388224857
0.0000000000000000
0.0000000000000000
0.0000000000000000
0.0000000000000000
0.0000000000000000
0.0000000000000000
0.0000000000000000
0.0000000000000000
0.0000000000000000
0.0000000000000000
0.0000000000000000
0.0000000000000000
