0.0000000000000000
0.0000000000000000
0.0000000000000000
0.0000000000000000
0.0000000000000000
0.0000000000000000
0.0000000000000000
0.0000000000000000
0.0000000000000000
0.0353942468305198
0.0388922599187203
0.0815256895834826
0.1169726439717845
0.1415641517787558
0.1520764861068042
0.1454083034639934
0.1173044163941909
0.0582956683431128
0.0000000000000000
0.0000000000000000
0.0000000000000000
0.0000000000000000
0.0000000000000000
0.0000000000000000
0.0000000000000000
0.0000000000000000
0.0000000000000000
0.0000000000000000
0.0000000000000000
0.0000000000000000
0.0000000000000000
0.0000000000000000
0.0000000000000000
0.0353572051927881
0.0386204133209126
0.0813188375986771
0.1168548788441698
0.1415509871322093
0.1521739203886828
0.1456113445580063
0.1175926863363748
0.0586016080454348
0.0000000000000000
0.0000000000000000
0.0000000000000000
0.0000000000000000
0.0000000000000000
0.0000000000000000
0.0000000000000000
0.0000000000000000
0.0000000000000000
0.0000000000000000
0.0000000000000000
0.0000000000000000
0.0000000000000000
0.0000000000000000
0.0000000000000000
0.0353182715710211
0.0383588657878945
0.0811230662865007
0.1167481961451962
0.1415478197912837
0.1522787033978320
0.1458164645841022
0.1178720517505940
0.0588727037941583
0.0000000000000000
0.0000000000000000
0.0000000000000000
0.0000000000000000
0.0000000000000000
0.0000000000000000
0.0000000000000000
0.0000000000000000
0.0000000000000000
0.0000000000000000
0.0000000000000000
0.0000000000000000
0.0000000000000000
0.0000000000000000
0.0000000000000000
0.0352774558460212
0.0381078544657018
0.0809385391401885
0.1166526685043855
0.1415546221021500
0.1523907062555364
0.1460234410662511
0.1181422083440035
0.0591084983111974
0.0000000000000000
0.0000000000000000
0.0000000000000000
0.0000000000000000
0.0000000000000000
0.0000000000000000
0.0000000000000000
0.0000000000000000
0.0000000000000000
0.0000000000000000
0.0000000000000000
0.0000000000000000
0.0000000000000000
0.0000000000000000
0.0000000000000000
0.0352347670195017
0.0378676043607756
0.0807654058215045
0.1165683538469382
0.1415713515335385
0.1525097852997363
0.1462320355407561
0.1184028271692983
0.0593084805081790
0.0000000000000000
0.0000000000000000
0.0000000000000000
0.0000000000000000
0.0000000000000000
0.0000000000000000
0.0000000000000000
0.0000000000000000
0.0000000000000000
0.0000000000000000
0.0000000000000000
0.0000000000000000
0.0000000000000000
0.0000000000000000
0.0000000000000000
0.0351902132871661
0.0376383300373377
0.0806038037610837
0.1164952967141627
0.1415979516047562
0.1526357824774394
0.1464419932235345
0.1186535531705210
0.0594720816744133
0.0000000000000000
0.0000000000000000
0.0000000000000000
0.0000000000000000
0.0000000000000000
0.0000000000000000
0.0000000000000000
0.0000000000000000
0.0000000000000000
0.0000000000000000
0.0000000000000000
0.0000000000000000
0.0000000000000000
0.0000000000000000
0.0000000000000000
0.0351438020734162
0.0374202364789019
0.0804538589640299
0.1164335289886565
0.1416343524399435
0.1527685256469765
0.1466530429449194
0.1188940044868537
0.0595986732456892
0.0000000000000000
0.0000000000000000
0.0000000000000000
0.0000000000000000
0.0000000000000000
0.0000000000000000
0.0000000000000000
0.0000000000000000
0.0000000000000000
0.0000000000000000
0.0000000000000000
0.0000000000000000
0.0000000000000000
0.0000000000000000
0.0000000000000000
0.0350955400414937
0.0372135191728587
0.0803156861692810
0.1163830700645576
0.1416804709512456
0.1529078287550571
0.1468648972639797
0.1191237723226702
0.0596875660374630
0.0000000000000000
0.0000000000000000
0.0000000000000000
0.0000000000000000
0.0000000000000000
0.0000000000000000
0.0000000000000000
0.0000000000000000
0.0000000000000000
0.0000000000000000
0.0000000000000000
0.0000000000000000
0.0000000000000000
0.0000000000000000
0.0000000000000000
0.0350454330977490
0.0370183637218661
0.0801893885006406
0.1163439266209805
0.1417362107419025
0.1530534918691999
0.1470772526266371
0.1193424211786761
0.0597380104576608
0.0000000000000000
0.0000000000000000
0.0000000000000000
0.0000000000000000
0.0000000000000000
0.0000000000000000
0.0000000000000000
0.0000000000000000
0.0000000000000000
0.0000000000000000
0.0000000000000000
0.0000000000000000
0.0000000000000000
0.0000000000000000
0.0000000000000000
0.0349934864112267
0.0368351621202446
0.0800750569521329
0.1163160922044383
0.1418014618343112
0.1532053010904145
0.1472897894790856
0.1195494891038689
0.0597491972009263
0.0000000000000000
0.0000000000000000
0.0000000000000000
0.0000000000000000
0.0000000000000000
0.0000000000000000
0.0000000000000000
0.0000000000000000
0.0000000000000000
0.0000000000000000
0.0000000000000000
0.0000000000000000
0.0000000000000000
0.0000000000000000
0.0000000000000000
0.0349397044658910
0.0367948763575179
0.0799727700051079
0.1162995469264503
0.1418761004433551
0.1533630284047489
0.1475021722026399
0.1197444876837736
0.0597202576534764
0.0000000000000000
0.0000000000000000
0.0000000000000000
0.0000000000000000
0.0000000000000000
0.0000000000000000
0.0000000000000000
0.0000000000000000
0.0000000000000000
0.0000000000000000
0.0000000000000000
0.0000000000000000
0.0000000000000000
0.0000000000000000
0.0000000000000000
0.0348840911658540
0.0367525631074682
0.0798825937804867
0.1162942575411592
0.1419599889639343
0.1535264315476032
0.1477140488075689
0.1199269013905107
0.0596502633689542
0.0000000000000000
0.0000000000000000
0.0000000000000000
0.0000000000000000
0.0000000000000000
0.0000000000000000
0.0000000000000000
0.0000000000000000
0.0000000000000000
0.0000000000000000
0.0000000000000000
0.0000000000000000
0.0000000000000000
0.0000000000000000
0.0000000000000000
0.0348266499996709
0.0367082141444766
0.0798045828761840
0.1163001780852692
0.1420529762904399
0.1536952539166083
0.1479250503397531
0.1200961862398305
0.0595382243446649
0.0000000000000000
0.0000000000000000
0.0000000000000000
0.0000000000000000
0.0000000000000000
0.0000000000000000
0.0000000000000000
0.0000000000000000
0.0000000000000000
0.0000000000000000
0.0000000000000000
0.0000000000000000
0.0000000000000000
0.0000000000000000
0.0000000000000000
0.0347673842695966
0.0366618211112001
0.0797387817915494
0.1163172509236453
0.1421548983680473
0.1538692244988363
0.1481347900502644
0.1202517678724252
0.0593830866260754
0.0000000000000000
0.0000000000000000
0.0000000000000000
0.0000000000000000
0.0000000000000000
0.0000000000000000
0.0000000000000000
0.0000000000000000
0.0000000000000000
0.0000000000000000
0.0000000000000000
0.0000000000000000
0.0000000000000000
0.0000000000000000
0.0000000000000000
0.0347062973792593
0.0366133757201281
0.0796852265677213
0.1163454079465179
0.1422655787656528
0.1540480577103660
0.1483428623955385
0.1203930394384352
0.0591837300444738
0.0000000000000000
0.0000000000000000
0.0000000000000000
0.0000000000000000
0.0000000000000000
0.0000000000000000
0.0000000000000000
0.0000000000000000
0.0000000000000000
0.0000000000000000
0.0000000000000000
0.0000000000000000
0.0000000000000000
0.0000000000000000
0.0000000000000000
0.0346433931749303
0.0365628700022737
0.0796439463320893
0.1163845716064095
0.1423848290953393
0.1542314531078510
0.1485488419787044
0.1205193595684863
0.0589389668961130
0.0000000000000000
0.0000000000000000
0.0000000000000000
0.0000000000000000
0.0000000000000000
0.0000000000000000
0.0000000000000000
0.0000000000000000
0.0000000000000000
0.0000000000000000
0.0000000000000000
0.0000000000000000
0.0000000000000000
0.0000000000000000
0.0000000000000000
0.0345786763068071
0.0365102965815759
0.0796149646177434
0.1164346558145349
0.1425124493501520
0.1544190951067935
0.1487522826070948
0.1206300505941360
0.0586475413748060
0.0000000000000000
0.0000000000000000
0.0000000000000000
0.0000000000000000
0.0000000000000000
0.0000000000000000
0.0000000000000000
0.0000000000000000
0.0000000000000000
0.0000000000000000
0.0000000000000000
0.0000000000000000
0.0000000000000000
0.0000000000000000
0.0000000000000000
0.0345121525343421
0.0364556489081655
0.0795983005878035
0.1164955668566987
0.1426482284379186
0.1546106530495720
0.1489527167947595
0.1207243970884384
0.0583081292666351
0.0000000000000000
0.0000000000000000
0.0000000000000000
0.0000000000000000
0.0000000000000000
0.0000000000000000
0.0000000000000000
0.0000000000000000
0.0000000000000000
0.0000000000000000
0.0000000000000000
0.0000000000000000
0.0000000000000000
0.0000000000000000
0.0000000000000000
0.0344438288565052
0.0363989213555760
0.0795939700391969
0.1165672044206929
0.1427919451267653
0.1548057819593739
0.1491496560839820
0.1208016450308911
0.0579193375397250
0.0000000000000000
0.0000000000000000
0.0000000000000000
0.0000000000000000
0.0000000000000000
0.0000000000000000
0.0000000000000000
0.0000000000000000
0.0000000000000000
0.0000000000000000
0.0000000000000000
0.0000000000000000
0.0000000000000000
0.0000000000000000
0.0000000000000000
0.0343737133654802
0.0363401091110187
0.0796019857562584
0.1166494623635026
0.1429433692260374
0.1550041240080091
0.1493425924696405
0.1208610020820460
0.0574797048967009
0.0000000000000000
0.0000000000000000
0.0000000000000000
0.0000000000000000
0.0000000000000000
0.0000000000000000
0.0000000000000000
0.0000000000000000
0.0000000000000000
0.0000000000000000
0.0000000000000000
0.0000000000000000
0.0000000000000000
0.0000000000000000
0.0000000000000000
0.0343018148133872
0.0362792078768746
0.0796223563277833
0.1167422284567364
0.1431022623336684
0.1552053102401991
0.1495310007976209
0.1209016396083552
0.0569877055443580
0.0000000000000000
0.0000000000000000
0.0000000000000000
0.0000000000000000
0.0000000000000000
0.0000000000000000
0.0000000000000000
0.0000000000000000
0.0000000000000000
0.0000000000000000
0.0000000000000000
0.0000000000000000
0.0000000000000000
0.0000000000000000
0.0000000000000000
0.0342281420213111
0.0362162135050282
0.0796550828343037
0.1168453823338927
0.1432683773581919
0.1554089618004421
0.1497143416504520
0.1209226966034849
0.0564417586526986
0.0000000000000000
0.0000000000000000
0.0000000000000000
0.0000000000000000
0.0000000000000000
0.0000000000000000
0.0000000000000000
0.0000000000000000
0.0000000000000000
0.0000000000000000
0.0000000000000000
0.0000000000000000
0.0000000000000000
0.0000000000000000
0.0000000000000000
0.0341527033348985
0.0361511217330622
0.0797001534906075
0.1169587915562996
0.1434414564293528
0.1556146900804464
0.1498920640260299
0.1209232851189525
0.0558402443477542
0.0000000000000000
0.0000000000000000
0.0000000000000000
0.0000000000000000
0.0000000000000000
0.0000000000000000
0.0000000000000000
0.0000000000000000
0.0000000000000000
0.0000000000000000
0.0000000000000000
0.0000000000000000
0.0000000000000000
0.0000000000000000
0.0000000000000000
0.0340755063016310
0.0360839281292896
0.0797575373210544
0.1170823065429729
0.1436212276617385
0.1558220958055078
0.1500636073531381
0.1209024961074348
0.0551815246817845
0.0000000000000000
0.0000000000000000
0.0000000000000000
0.0000000000000000
0.0000000000000000
0.0000000000000000
0.0000000000000000
0.0000000000000000
0.0000000000000000
0.0000000000000000
0.0000000000000000
0.0000000000000000
0.0000000000000000
0.0000000000000000
0.0000000000000000
0.0339965575962661
0.0360146282262121
0.0798271784257978
0.1172157558265362
0.1438074018531169
0.1560307677138748
0.1502284027973778
0.1208594044748773
0.0544639659086834
0.0000000000000000
0.0000000000000000
0.0000000000000000
0.0000000000000000
0.0000000000000000
0.0000000000000000
0.0000000000000000
0.0000000000000000
0.0000000000000000
0.0000000000000000
0.0000000000000000
0.0000000000000000
0.0000000000000000
0.0000000000000000
0.0000000000000000
0.0339158630867447
0.0359432177086285
0.0799089922066913
0.1173589429129919
0.1439996703319421
0.1562402817015440
0.1503858741395381
0.1207930723851515
0.0536859585750964
0.0000000000000000
0.0000000000000000
0.0000000000000000
0.0000000000000000
0.0000000000000000
0.0000000000000000
0.0000000000000000
0.0000000000000000
0.0000000000000000
0.0000000000000000
0.0000000000000000
0.0000000000000000
0.0000000000000000
0.0000000000000000
0.0000000000000000
0.0338334278845886
0.0358696925148912
0.0800028640581278
0.1175116453872408
0.1441977045416083
0.1564502009762492
0.1505354385415327
0.1207025505005904
0.0528459335517424
0.0000000000000000
0.0000000000000000
0.0000000000000000
0.0000000000000000
0.0000000000000000
0.0000000000000000
0.0000000000000000
0.0000000000000000
0.0000000000000000
0.0000000000000000
0.0000000000000000
0.0000000000000000
0.0000000000000000
0.0000000000000000
0.0000000000000000
0.0337492563027358
0.0357940487958010
0.0801086502349908
0.1176736159642044
0.1444011572006278
0.1566600771477632
0.1506765072560760
0.1205868773877683
0.0519423750421763
0.0000000000000000
0.0000000000000000
0.0000000000000000
0.0000000000000000
0.0000000000000000
0.0000000000000000
0.0000000000000000
0.0000000000000000
0.0000000000000000
0.0000000000000000
0.0000000000000000
0.0000000000000000
0.0000000000000000
0.0000000000000000
0.0000000000000000
0.0336633517571367
0.0357557473227259
0.0802261800224354
0.1178445847040926
0.1446096643147247
0.1568694517454886
0.1508084861376596
0.1204450776506842
0.0509738331763761
0.0000000000000000
0.0000000000000000
0.0000000000000000
0.0000000000000000
0.0000000000000000
0.0000000000000000
0.0000000000000000
0.0000000000000000
0.0000000000000000
0.0000000000000000
0.0000000000000000
0.0000000000000000
0.0000000000000000
0.0000000000000000
0.0000000000000000
0.0335757167104633
0.0358316169743600
0.0803552584892417
0.1180242615899824
0.1448228473355741
0.1570778576225049
0.1509307757680224
0.1202761593646115
0.0499389391870960
0.0000000000000000
0.0000000000000000
0.0000000000000000
0.0000000000000000
0.0000000000000000
0.0000000000000000
0.0000000000000000
0.0000000000000000
0.0000000000000000
0.0000000000000000
0.0000000000000000
0.0000000000000000
0.0000000000000000
0.0000000000000000
0.0000000000000000
0.0334863527192307
0.0359206912100553
0.0804956692887827
0.1182123390360318
0.1450403150838594
0.1572848200134169
0.1510427711905464
0.1200791112054603
0.0488364251294680
0.0000000000000000
0.0000000000000000
0.0000000000000000
0.0000000000000000
0.0000000000000000
0.0000000000000000
