0.0000000000000000
0.0000000000000000
0.0000000000000000
0.0000000000000000
0.0255082789368746
0.0642141254173082
0.0942843077541164
0.1128719714472320
0.1190140875395259
0.1127275141558487
0.0949453951126300
0.0674891374322854
0.0000000000000000
0.0000000000000000
0.0000000000000000
0.0000000000000000
0.0000000000000000
0.0000000000000000
0.0000000000000000
0.0000000000000000
0.0000000000000000
0.0000000000000000
0.0000000000000000
0.0000000000000000
0.0000000000000000
0.0000000000000000
0.0000000000000000
0.0000000000000000
0.0251411428124943
0.0640185865727836
0.0942443309522815
0.1129671103027512
0.1192277949006147
0.1130414176766625
0.0953371848433202
0.0679322755376195
0.0000000000000000
0.0000000000000000
0.0000000000000000
0.0000000000000000
0.0000000000000000
0.0000000000000000
0.0000000000000000
0.0000000000000000
0.0000000000000000
0.0000000000000000
0.0000000000000000
0.0000000000000000
0.0000000000000000
0.0000000000000000
0.0000000000000000
0.0000000000000000
0.0247688495986225
0.0638299571520691
0.0942172503719789
0.1130777059181756
0.1194576843784310
0.1133711015026172
0.0957436319468262
0.0683885321558888
0.0000000000000000
0.0000000000000000
0.0000000000000000
0.0000000000000000
0.0000000000000000
0.0000000000000000
0.0000000000000000
0.0000000000000000
0.0000000000000000
0.0000000000000000
0.0000000000000000
0.0000000000000000
0.0000000000000000
0.0000000000000000
0.0000000000000000
0.0000000000000000
0.0243909722514042
0.0636480506213299
0.0942029346499649
0.1132035862109229
0.1197035191411541
0.1137162660270961
0.0961643881611022
0.0688575311809617
0.0000000000000000
0.0000000000000000
0.0000000000000000
0.0000000000000000
0.0000000000000000
0.0000000000000000
0.0000000000000000
0.0000000000000000
0.0000000000000000
0.0000000000000000
0.0000000000000000
0.0000000000000000
0.0000000000000000
0.0000000000000000
0.0000000000000000
0.0000000000000000
0.0240070477972417
0.0634726549367330
0.0942012341684424
0.1133445636908362
0.1199650492260901
0.1140766010004496
0.0965990973253653
0.0693388914620406
0.0000000000000000
0.0000000000000000
0.0000000000000000
0.0000000000000000
0.0000000000000000
0.0000000000000000
0.0000000000000000
0.0000000000000000
0.0000000000000000
0.0000000000000000
0.0000000000000000
0.0000000000000000
0.0000000000000000
0.0000000000000000
0.0000000000000000
0.0000000000000000
0.0236165805440783
0.0633035342524405
0.0942119825743897
0.1135004365895909
0.1202420122209850
0.1144517857710204
0.0970473952313909
0.0698322263123927
0.0000000000000000
0.0000000000000000
0.0000000000000000
0.0000000000000000
0.0000000000000000
0.0000000000000000
0.0000000000000000
0.0000000000000000
0.0000000000000000
0.0000000000000000
0.0000000000000000
0.0000000000000000
0.0000000000000000
0.0000000000000000
0.0000000000000000
0.0000000000000000
0.0232190448580941
0.0631404299308606
0.0942349977834572
0.1136709896693968
0.1205341338602455
0.1148414896656911
0.0975089097931846
0.0703371435253152
0.0000000000000000
0.0000000000000000
0.0000000000000000
0.0000000000000000
0.0000000000000000
0.0000000000000000
0.0000000000000000
0.0000000000000000
0.0000000000000000
0.0000000000000000
0.0000000000000000
0.0000000000000000
0.0000000000000000
0.0000000000000000
0.0000000000000000
0.0000000000000000
0.0228138876913909
0.0629830609346815
0.0942700824748695
0.1138559947030005
0.1208411284629356
0.1152453723894093
0.0979832614180947
0.0708532456829938
0.0000000000000000
0.0000000000000000
0.0000000000000000
0.0000000000000000
0.0000000000000000
0.0000000000000000
0.0000000000000000
0.0000000000000000
0.0000000000000000
0.0000000000000000
0.0000000000000000
0.0000000000000000
0.0000000000000000
0.0000000000000000
0.0000000000000000
0.0000000000000000
0.0224005311288810
0.0628311237324823
0.0943170241707523
0.1140552106090584
0.1211626991424854
0.1156630843099400
0.0984700633468216
0.0713801305653269
0.0000000000000000
0.0000000000000000
0.0000000000000000
0.0000000000000000
0.0000000000000000
0.0000000000000000
0.0000000000000000
0.0000000000000000
0.0000000000000000
0.0000000000000000
0.0000000000000000
0.0000000000000000
0.0000000000000000
0.0000000000000000
0.0000000000000000
0.0000000000000000
0.0219783753704199
0.0626842919895748
0.0943755950356919
0.1142683833308532
0.1214985377747361
0.1160942665268572
0.0989689218273429
0.0719173913809073
0.0000000000000000
0.0000000000000000
0.0000000000000000
0.0000000000000000
0.0000000000000000
0.0000000000000000
0.0000000000000000
0.0000000000000000
0.0000000000000000
0.0000000000000000
0.0000000000000000
0.0000000000000000
0.0000000000000000
0.0000000000000000
0.0000000000000000
0.0000000000000000
0.0215468025152805
0.0625422163331694
0.0944455516658034
0.1144952455948129
0.1218483247740179
0.1165385506852733
0.0994794359572260
0.0724646166520025
0.0000000000000000
0.0000000000000000
0.0000000000000000
0.0000000000000000
0.0000000000000000
0.0000000000000000
0.0000000000000000
0.0000000000000000
0.0000000000000000
0.0000000000000000
0.0000000000000000
0.0000000000000000
0.0000000000000000
0.0000000000000000
0.0000000000000000
0.0000000000000000
0.0211051816663485
0.0624045245633000
0.0945266351061037
0.1147355167409652
0.1222117287627901
0.1169955585088863
0.1000011971113746
0.0730213895411842
0.0000000000000000
0.0000000000000000
0.0000000000000000
0.0000000000000000
0.0000000000000000
0.0000000000000000
0.0000000000000000
0.0000000000000000
0.0000000000000000
0.0000000000000000
0.0000000000000000
0.0000000000000000
0.0000000000000000
0.0000000000000000
0.0000000000000000
0.0000000000000000
0.0206528756462619
0.0622708225451760
0.0946185713291802
0.1149889027489556
0.1225884062015845
0.1174649010773934
0.1005337879017410
0.0735872865672104
0.0000000000000000
0.0000000000000000
0.0000000000000000
0.0000000000000000
0.0000000000000000
0.0000000000000000
0.0000000000000000
0.0000000000000000
0.0000000000000000
0.0000000000000000
0.0000000000000000
0.0000000000000000
0.0000000000000000
0.0000000000000000
0.0000000000000000
0.0000000000000000
0.0201892495261206
0.0621406958090050
0.0947210721122287
0.1152550964332219
0.1229780009495346
0.1179461778141732
0.1010767806821109
0.0741618757203140
0.0000000000000000
0.0000000000000000
0.0000000000000000
0.0000000000000000
0.0000000000000000
0.0000000000000000
0.0000000000000000
0.0000000000000000
0.0000000000000000
0.0000000000000000
0.0000000000000000
0.0000000000000000
0.0000000000000000
0.0000000000000000
0.0000000000000000
0.0000000000000000
0.0197136809146512
0.0620137116013512
0.0948338361036964
0.1155337775938605
0.1233801436167968
0.1184389751359719
0.1016297355973890
0.0747447140704263
0.0000000000000000
0.0000000000000000
0.0000000000000000
0.0000000000000000
0.0000000000000000
0.0000000000000000
0.0000000000000000
0.0000000000000000
0.0000000000000000
0.0000000000000000
0.0000000000000000
0.0000000000000000
0.0000000000000000
0.0000000000000000
0.0000000000000000
0.0000000000000000
0.0192255719745017
0.0618894211661412
0.0949565498009286
0.1158246129471429
0.1237944506018553
0.1189428647379743
0.1021921982697457
0.0753353449989922
0.0000000000000000
0.0000000000000000
0.0000000000000000
0.0000000000000000
0.0000000000000000
0.0000000000000000
0.0000000000000000
0.0000000000000000
0.0000000000000000
0.0000000000000000
0.0000000000000000
0.0000000000000000
0.0000000000000000
0.0000000000000000
0.0000000000000000
0.0000000000000000
0.0187243630579430
0.0617673620800017
0.0950888884327202
0.1161272559019091
0.1242205230028117
0.1194574017986047
0.1027636974436784
0.0759332954688979
0.0000000000000000
0.0000000000000000
0.0000000000000000
0.0000000000000000
0.0000000000000000
0.0000000000000000
0.0000000000000000
0.0000000000000000
0.0000000000000000
0.0000000000000000
0.0000000000000000
0.0000000000000000
0.0000000000000000
0.0000000000000000
0.0000000000000000
0.0000000000000000
0.0182095476294646
0.0616470606703094
0.0952305170021664
0.1164413466753693
0.1246579460215663
0.1199821238259331
0.1033437434028835
0.0765380741195041
0.0000000000000000
0.0000000000000000
0.0000000000000000
0.0000000000000000
0.0000000000000000
0.0000000000000000
0.0000000000000000
0.0000000000000000
0.0000000000000000
0.0000000000000000
0.0000000000000000
0.0000000000000000
0.0000000000000000
0.0000000000000000
0.0000000000000000
0.0000000000000000
0.0176806875870342
0.0615280342751477
0.0953810917748064
0.1167665133144165
0.1251062896776256
0.1205165511280097
0.1039318282330154
0.0771491713719311
0.0000000000000000
0.0000000000000000
0.0000000000000000
0.0000000000000000
0.0000000000000000
0.0000000000000000
0.0000000000000000
0.0000000000000000
0.0000000000000000
0.0000000000000000
0.0000000000000000
0.0000000000000000
0.0000000000000000
0.0000000000000000
0.0000000000000000
0.0000000000000000
0.0171374278536820
0.0614097927049480
0.0955402620317757
0.1171023738039834
0.1255651112422856
0.1210601895119908
0.1045274287011956
0.0777660623594592
0.0000000000000000
0.0000000000000000
0.0000000000000000
0.0000000000000000
0.0000000000000000
0.0000000000000000
0.0000000000000000
0.0000000000000000
0.0000000000000000
0.0000000000000000
0.0000000000000000
0.0000000000000000
0.0000000000000000
0.0000000000000000
0.0000000000000000
0.0000000000000000
0.0165795093823189
0.0612918380383206
0.0957076713539263
0.1174485386046341
0.1260339588735618
0.1216125348285541
0.1051300114744194
0.0783882125786558
0.0000000000000000
0.0000000000000000
0.0000000000000000
0.0000000000000000
0.0000000000000000
0.0000000000000000
0.0000000000000000
0.0000000000000000
0.0000000000000000
0.0000000000000000
0.0000000000000000
0.0000000000000000
0.0000000000000000
0.0000000000000000
0.0000000000000000
0.0000000000000000
0.0160067810400804
0.0611736620670656
0.0958829573593926
0.1178046123546602
0.1265123750466911
0.1221730778876542
0.1057390392346833
0.0790150848119773
0.0000000000000000
0.0000000000000000
0.0000000000000000
0.0000000000000000
0.0000000000000000
0.0000000000000000
0.0000000000000000
0.0000000000000000
0.0000000000000000
0.0000000000000000
0.0000000000000000
0.0000000000000000
0.0000000000000000
0.0000000000000000
0.0000000000000000
0.0000000000000000
0.0154192120574059
0.0610547416630958
0.0960657493247278
0.1181701935936523
0.1269998982679106
0.1227413079796439
0.1063539757084385
0.0796461453073618
0.0000000000000000
0.0000000000000000
0.0000000000000000
0.0000000000000000
0.0000000000000000
0.0000000000000000
0.0000000000000000
0.0000000000000000
0.0000000000000000
0.0000000000000000
0.0000000000000000
0.0000000000000000
0.0000000000000000
0.0000000000000000
0.0000000000000000
0.0000000000000000
0.0148169073943632
0.0609345331418789
0.0962556640435341
0.1185448723462207
0.1274960624566229
0.1233167139988868
0.1069742883602538
0.0802808677037725
0.0000000000000000
0.0000000000000000
0.0000000000000000
0.0000000000000000
0.0000000000000000
0.0000000000000000
0.0000000000000000
0.0000000000000000
0.0000000000000000
0.0000000000000000
0.0000000000000000
0.0000000000000000
0.0000000000000000
0.0000000000000000
0.0000000000000000
0.0000000000000000
0.0142001275601525
0.0608124672051695
0.0964523012243097
0.1189282265981757
0.1280003947503642
0.1238987836349992
0.1075994488708428
0.0809187346120080
0.0000000000000000
0.0000000000000000
0.0000000000000000
0.0000000000000000
0.0000000000000000
0.0000000000000000
0.0000000000000000
0.0000000000000000
0.0000000000000000
0.0000000000000000
0.0000000000000000
0.0000000000000000
0.0000000000000000
0.0000000000000000
0.0000000000000000
0.0000000000000000
0.0135693129703370
0.0606879455932165
0.0966552400122812
0.1193198193510320
0.1285124133658655
0.1244870021282937
0.1082289327621265
0.0815592379619746
0.0000000000000000
0.0000000000000000
0.0000000000000000
0.0000000000000000
0.0000000000000000
0.0000000000000000
0.0000000000000000
0.0000000000000000
0.0000000000000000
0.0000000000000000
0.0000000000000000
0.0000000000000000
0.0000000000000000
0.0000000000000000
0.0000000000000000
0.0000000000000000
0.0129251116734192
0.0605603397900980
0.0968640375725064
0.1197191975296433
0.1290316269428664
0.1250808520582818
0.1088622195707351
0.0822018794880227
0.0000000000000000
0.0000000000000000
0.0000000000000000
0.0000000000000000
0.0000000000000000
0.0000000000000000
0.0000000000000000
0.0000000000000000
0.0000000000000000
0.0000000000000000
0.0000000000000000
0.0000000000000000
0.0000000000000000
0.0000000000000000
0.0000000000000000
0.0000000000000000
0.0122684091362367
0.0604289913548533
0.0970782297725126
0.1201258929563637
0.1295575357160830
0.1256798146058163
0.1094987941019380
0.0828461718706710
0.0000000000000000
0.0000000000000000
0.0000000000000000
0.0000000000000000
0.0000000000000000
0.0000000000000000
0.0000000000000000
0.0000000000000000
0.0000000000000000
0.0000000000000000
0.0000000000000000
0.0000000000000000
0.0000000000000000
0.0000000000000000
0.0000000000000000
0.0000000000000000
0.0116003593414755
0.0602932132520214
0.0972973331652933
0.1205394246186911
0.1300896337766229
0.1262833716268139
0.1101381481872444
0.0834916401256504
0.0000000000000000
0.0000000000000000
0.0000000000000000
0.0000000000000000
0.0000000000000000
0.0000000000000000
0.0000000000000000
0.0000000000000000
0.0000000000000000
0.0000000000000000
0.0000000000000000
0.0000000000000000
0.0000000000000000
0.0000000000000000
0.0000000000000000
0.0000000000000000
0.0109224170803864
0.0601522916840305
0.0975208474096470
0.1209593011498312
0.1306274113160235
0.1268910074710533
0.1107797819883882
0.0841378223504469
0.0000000000000000
0.0000000000000000
0.0000000000000000
0.0000000000000000
0.0000000000000000
0.0000000000000000
0.0000000000000000
0.0000000000000000
0.0000000000000000
0.0000000000000000
0.0000000000000000
0.0000000000000000
0.0000000000000000
0.0000000000000000
0.0000000000000000
0.0000000000000000
0.0102363709530730
0.0600054882825402
0.0977482575525579
0.1213850228703543
0.1311703561805447
0.1275022099378172
0.1114232043078790
0.0847842694475524
0.0000000000000000
0.0000000000000000
0.0000000000000000
0.0000000000000000
0.0000000000000000
0.0000000000000000
0.0000000000000000
0.0000000000000000
0.0000000000000000
0.0000000000000000
0.0000000000000000
0.0000000000000000
