0.0000000000000000
0.0000000000000000
0.0000000000000000
0.0000000000000000
0.0255084134944247
0.0642142470056307
0.0942844278094355
0.1128720939298553
0.1190142110434883
0.1127276350552149
0.0949455090969116
0.0674892404118495
0.0000000000000000
0.0000000000000000
0.0000000000000000
0.0000000000000000
0.0000000000000000
0.0000000000000000
0.0000000000000000
0.0000000000000000
0.0000000000000000
0.0000000000000000
0.0000000000000000
0.0000000000000000
0.0000000000000000
0.0000000000000000
0.0000000000000000
0.0000000000000000
0.0251412778175017
0.0640187081904627
0.0942444508422382
0.1129672325814120
0.1192279182142771
0.1130415384160322
0.0953372987002097
0.0679323784182098
0.0000000000000000
0.0000000000000000
0.0000000000000000
0.0000000000000000
0.0000000000000000
0.0000000000000000
0.0000000000000000
0.0000000000000000
0.0000000000000000
0.0000000000000000
0.0000000000000000
0.0000000000000000
0.0000000000000000
0.0000000000000000
0.0000000000000000
0.0000000000000000
0.0247689850854333
0.0638300787995774
0.0942173700821547
0.1130778279743440
0.1194578074819707
0.1133712220616305
0.0957437456556441
0.0683886349166626
0.0000000000000000
0.0000000000000000
0.0000000000000000
0.0000000000000000
0.0000000000000000
0.0000000000000000
0.0000000000000000
0.0000000000000000
0.0000000000000000
0.0000000000000000
0.0000000000000000
0.0000000000000000
0.0000000000000000
0.0000000000000000
0.0000000000000000
0.0000000000000000
0.0243911082544486
0.0636481722996027
0.0942030541660052
0.1132037080260557
0.1197036420147071
0.1137163863853293
0.0961645017010840
0.0688576338009738
0.0000000000000000
0.0000000000000000
0.0000000000000000
0.0000000000000000
0.0000000000000000
0.0000000000000000
0.0000000000000000
0.0000000000000000
0.0000000000000000
0.0000000000000000
0.0000000000000000
0.0000000000000000
0.0000000000000000
0.0000000000000000
0.0000000000000000
0.0000000000000000
0.0240071843508101
0.0634727766471654
0.0942013534760460
0.1133446852463688
0.1199651718497459
0.1140767211374130
0.0965992106756616
0.0693389939202444
0.0000000000000000
0.0000000000000000
0.0000000000000000
0.0000000000000000
0.0000000000000000
0.0000000000000000
0.0000000000000000
0.0000000000000000
0.0000000000000000
0.0000000000000000
0.0000000000000000
0.0000000000000000
0.0000000000000000
0.0000000000000000
0.0000000000000000
0.0000000000000000
0.0236167176820535
0.0633036559968831
0.0942121016592957
0.1135005578669291
0.1202421345747820
0.1144519056661551
0.0970475083710664
0.0698323285876418
0.0000000000000000
0.0000000000000000
0.0000000000000000
0.0000000000000000
0.0000000000000000
0.0000000000000000
0.0000000000000000
0.0000000000000000
0.0000000000000000
0.0000000000000000
0.0000000000000000
0.0000000000000000
0.0000000000000000
0.0000000000000000
0.0000000000000000
0.0000000000000000
0.0232191826136325
0.0631405517116133
0.0942351166314333
0.1136711106499083
0.1205342559241658
0.1148416092983670
0.0975090227012175
0.0703372455963642
0.0000000000000000
0.0000000000000000
0.0000000000000000
0.0000000000000000
0.0000000000000000
0.0000000000000000
0.0000000000000000
0.0000000000000000
0.0000000000000000
0.0000000000000000
0.0000000000000000
0.0000000000000000
0.0000000000000000
0.0000000000000000
0.0000000000000000
0.0000000000000000
0.0228140260965476
0.0629831827544865
0.0942702010716987
0.1138561153680057
0.1208412502168990
0.1152454917389212
0.0979833740733758
0.0708533475284985
0.0000000000000000
0.0000000000000000
0.0000000000000000
0.0000000000000000
0.0000000000000000
0.0000000000000000
0.0000000000000000
0.0000000000000000
0.0000000000000000
0.0000000000000000
0.0000000000000000
0.0000000000000000
0.0000000000000000
0.0000000000000000
0.0000000000000000
0.0000000000000000
0.0224006702141680
0.0628312455945156
0.0943171425022192
0.1140553309398219
0.1211628205663448
0.1156632033555060
0.0984701757281531
0.0713802321638460
0.0000000000000000
0.0000000000000000
0.0000000000000000
0.0000000000000000
0.0000000000000000
0.0000000000000000
0.0000000000000000
0.0000000000000000
0.0000000000000000
0.0000000000000000
0.0000000000000000
0.0000000000000000
0.0000000000000000
0.0000000000000000
0.0000000000000000
0.0000000000000000
0.0219785151642900
0.0626844138974365
0.0943757130875689
0.1142685033085745
0.1214986588482724
0.1160943852476157
0.0989690339134383
0.0719174927109038
0.0000000000000000
0.0000000000000000
0.0000000000000000
0.0000000000000000
0.0000000000000000
0.0000000000000000
0.0000000000000000
0.0000000000000000
0.0000000000000000
0.0000000000000000
0.0000000000000000
0.0000000000000000
0.0000000000000000
0.0000000000000000
0.0000000000000000
0.0000000000000000
0.0215469430435256
0.0625423382908720
0.0944456694238371
0.1144953652006187
0.1218484454769353
0.1165386690602813
0.0994795477267110
0.0724647176918459
0.0000000000000000
0.0000000000000000
0.0000000000000000
0.0000000000000000
0.0000000000000000
0.0000000000000000
0.0000000000000000
0.0000000000000000
0.0000000000000000
0.0000000000000000
0.0000000000000000
0.0000000000000000
0.0000000000000000
0.0000000000000000
0.0000000000000000
0.0000000000000000
0.0211053229513995
0.0624046465752557
0.0945267525560000
0.1147356359559009
0.1222118490747133
0.1169956765171191
0.1000013085427879
0.0730214902691538
0.0000000000000000
0.0000000000000000
0.0000000000000000
0.0000000000000000
0.0000000000000000
0.0000000000000000
0.0000000000000000
0.0000000000000000
0.0000000000000000
0.0000000000000000
0.0000000000000000
0.0000000000000000
0.0000000000000000
0.0000000000000000
0.0000000000000000
0.0000000000000000
0.0206530177063798
0.0622709446161822
0.0946186884565917
0.1149890215539790
0.1225885261020550
0.1174650186977438
0.1005338989735366
0.0735873869614987
0.0000000000000000
0.0000000000000000
0.0000000000000000
0.0000000000000000
0.0000000000000000
0.0000000000000000
0.0000000000000000
0.0000000000000000
0.0000000000000000
0.0000000000000000
0.0000000000000000
0.0000000000000000
0.0000000000000000
0.0000000000000000
0.0000000000000000
0.0000000000000000
0.0201893923744635
0.0621408179442256
0.0947211889027402
0.1152552148091965
0.1229781204180095
0.1179462950254532
0.1010768913726603
0.0741619757590311
0.0000000000000000
0.0000000000000000
0.0000000000000000
0.0000000000000000
0.0000000000000000
0.0000000000000000
0.0000000000000000
0.0000000000000000
0.0000000000000000
0.0000000000000000
0.0000000000000000
0.0000000000000000
0.0000000000000000
0.0000000000000000
0.0000000000000000
0.0000000000000000
0.0197138245582037
0.0620138338062973
0.0948339525428121
0.1155338955215509
0.1233802626326485
0.1184390919169142
0.1016298458849849
0.0747448137316043
0.0000000000000000
0.0000000000000000
0.0000000000000000
0.0000000000000000
0.0000000000000000
0.0000000000000000
0.0000000000000000
0.0000000000000000
0.0000000000000000
0.0000000000000000
0.0000000000000000
0.0000000000000000
0.0000000000000000
0.0000000000000000
0.0000000000000000
0.0000000000000000
0.0192257164128513
0.0618895434466458
0.0949566658740591
0.1158247304072114
0.1237945691443727
0.1189429810672355
0.1021923081326072
0.0753354442605918
0.0000000000000000
0.0000000000000000
0.0000000000000000
0.0000000000000000
0.0000000000000000
0.0000000000000000
0.0000000000000000
0.0000000000000000
0.0000000000000000
0.0000000000000000
0.0000000000000000
0.0000000000000000
0.0000000000000000
0.0000000000000000
0.0000000000000000
0.0000000000000000
0.0187245082818890
0.0617674844421919
0.0950890041251713
0.1161273728749146
0.1242206410512036
0.1194575176547720
0.1027638068599576
0.0759333943088162
0.0000000000000000
0.0000000000000000
0.0000000000000000
0.0000000000000000
0.0000000000000000
0.0000000000000000
0.0000000000000000
0.0000000000000000
0.0000000000000000
0.0000000000000000
0.0000000000000000
0.0000000000000000
0.0000000000000000
0.0000000000000000
0.0000000000000000
0.0000000000000000
0.0182096936194463
0.0616471831205741
0.0952306322991274
0.1164414631417678
0.1246580635549670
0.1199822391875309
0.1033438523506737
0.0765381725155828
0.0000000000000000
0.0000000000000000
0.0000000000000000
0.0000000000000000
0.0000000000000000
0.0000000000000000
0.0000000000000000
0.0000000000000000
0.0000000000000000
0.0000000000000000
0.0000000000000000
0.0000000000000000
0.0000000000000000
0.0000000000000000
0.0000000000000000
0.0000000000000000
0.0176808343113697
0.0615281568200994
0.0953812066613385
0.1167666292545620
0.1251064066751006
0.1205166659735073
0.1039319366903597
0.0771492693019661
0.0000000000000000
0.0000000000000000
0.0000000000000000
0.0000000000000000
0.0000000000000000
0.0000000000000000
0.0000000000000000
0.0000000000000000
0.0000000000000000
0.0000000000000000
0.0000000000000000
0.0000000000000000
0.0000000000000000
0.0000000000000000
0.0000000000000000
0.0000000000000000
0.0171375752666082
0.0614099153513803
0.0955403764927986
0.1171024891981270
0.1255652276828359
0.1210603038198088
0.1045275366460934
0.0777661598012077
0.0000000000000000
0.0000000000000000
0.0000000000000000
0.0000000000000000
0.0000000000000000
0.0000000000000000
0.0000000000000000
0.0000000000000000
0.0000000000000000
0.0000000000000000
0.0000000000000000
0.0000000000000000
0.0000000000000000
0.0000000000000000
0.0000000000000000
0.0000000000000000
0.0165796574218258
0.0612919607931625
0.0957077853742010
0.1174486534329209
0.1260340747361253
0.1216126485770679
0.1051301188848316
0.0783883095098417
0.0000000000000000
0.0000000000000000
0.0000000000000000
0.0000000000000000
0.0000000000000000
0.0000000000000000
0.0000000000000000
0.0000000000000000
0.0000000000000000
0.0000000000000000
0.0000000000000000
0.0000000000000000
0.0000000000000000
0.0000000000000000
0.0000000000000000
0.0000000000000000
0.0160069296255318
0.0611737849373337
0.0958830709235020
0.1178047265971216
0.1265124903101417
0.1221731910551947
0.1057391460885343
0.0790151812102946
0.0000000000000000
0.0000000000000000
0.0000000000000000
0.0000000000000000
0.0000000000000000
0.0000000000000000
0.0000000000000000
0.0000000000000000
0.0000000000000000
0.0000000000000000
0.0000000000000000
0.0000000000000000
0.0000000000000000
0.0000000000000000
0.0000000000000000
0.0000000000000000
0.0154193610869359
0.0610548646558441
0.0960658624170547
0.1181703072301974
0.1270000129110540
0.1227414205444979
0.1063540819836185
0.0796462411504793
0.0000000000000000
0.0000000000000000
0.0000000000000000
0.0000000000000000
0.0000000000000000
0.0000000000000000
0.0000000000000000
0.0000000000000000
0.0000000000000000
0.0000000000000000
0.0000000000000000
0.0000000000000000
0.0000000000000000
0.0000000000000000
0.0000000000000000
0.0000000000000000
0.0148170567420477
0.0609346562641490
0.0962557766482399
0.1185449853566273
0.1274961764581949
0.1233168259392986
0.1069743940346234
0.0802809629693400
0.0000000000000000
0.0000000000000000
0.0000000000000000
0.0000000000000000
0.0000000000000000
0.0000000000000000
0.0000000000000000
0.0000000000000000
0.0000000000000000
0.0000000000000000
0.0000000000000000
0.0000000000000000
0.0000000000000000
0.0000000000000000
0.0000000000000000
0.0000000000000000
0.0142002770729607
0.0608125904639397
0.0964524133253146
0.1189283389620841
0.1280005080890307
0.1238988949291748
0.1075995539222411
0.0809188292776684
0.0000000000000000
0.0000000000000000
0.0000000000000000
0.0000000000000000
0.0000000000000000
0.0000000000000000
0.0000000000000000
0.0000000000000000
0.0000000000000000
0.0000000000000000
0.0000000000000000
0.0000000000000000
0.0000000000000000
0.0000000000000000
0.0000000000000000
0.0000000000000000
0.0135694624648896
0.0606880689953511
0.0966553515932472
0.1193199310479418
0.1285125260202266
0.1244871127544094
0.1082290371683831
0.0815593320053775
0.0000000000000000
0.0000000000000000
0.0000000000000000
0.0000000000000000
0.0000000000000000
0.0000000000000000
0.0000000000000000
0.0000000000000000
0.0000000000000000
0.0000000000000000
0.0000000000000000
0.0000000000000000
0.0000000000000000
0.0000000000000000
0.0000000000000000
0.0000000000000000
0.0129252609326010
0.0605604633422937
0.0968641486168218
0.1197193085389111
0.1290317388914608
0.1250809619944935
0.1088623233096828
0.0822019728868412
0.0000000000000000
0.0000000000000000
0.0000000000000000
0.0000000000000000
0.0000000000000000
0.0000000000000000
0.0000000000000000
0.0000000000000000
0.0000000000000000
0.0000000000000000
0.0000000000000000
0.0000000000000000
0.0000000000000000
0.0000000000000000
0.0000000000000000
0.0000000000000000
0.0122685579057321
0.0604291150635850
0.0970783402632760
0.1201260032572017
0.1295576469373928
0.1256799238302682
0.1094988971514252
0.0828462646026163
0.0000000000000000
0.0000000000000000
0.0000000000000000
0.0000000000000000
0.0000000000000000
0.0000000000000000
0.0000000000000000
0.0000000000000000
0.0000000000000000
0.0000000000000000
0.0000000000000000
0.0000000000000000
0.0000000000000000
0.0000000000000000
0.0000000000000000
0.0000000000000000
0.0116005073263269
0.0602933371234850
0.0972974430852969
0.1205395341901623
0.1300897442490758
0.1262834801176456
0.1101382505251449
0.0834917321684848
0.0000000000000000
0.0000000000000000
0.0000000000000000
0.0000000000000000
0.0000000000000000
0.0000000000000000
0.0000000000000000
0.0000000000000000
0.0000000000000000
0.0000000000000000
0.0000000000000000
0.0000000000000000
0.0000000000000000
0.0000000000000000
0.0000000000000000
0.0000000000000000
0.0109225639417120
0.0601524157240836
0.0975209567413575
0.1209594099708444
0.1306275210179940
0.1268911152064041
0.1107798835926090
0.0841379136819931
0.0000000000000000
0.0000000000000000
0.0000000000000000
0.0000000000000000
0.0000000000000000
0.0000000000000000
0.0000000000000000
0.0000000000000000
0.0000000000000000
0.0000000000000000
0.0000000000000000
0.0000000000000000
0.0000000000000000
0.0000000000000000
0.0000000000000000
0.0000000000000000
0.0102365163051321
0.0600056124966393
0.0977483662780975
0.1213851309196576
0.1311704650903530
0.1275023168958289
0.1114233051563664
0.0847843600457026
0.0000000000000000
0.0000000000000000
0.0000000000000000
0.0000000000000000
0.0000000000000000
0.0000000000000000
0.0000000000000000
0.0000000000000000
0.0000000000000000
0.0000000000000000
0.0000000000000000
0.0000000000000000
