0.0000000000000000
0.0000000000000000
0.0000000000000000
0.0000000000000000
0.0000000000000000
0.0000000000000000
0.0000000000000000
0.0000000000000000
0.0000000000000000
0.0387742188405946
0.0371092537067874
0.0370451041522617
0.0352070972299899
0.0317082003153297
0.0267567144129846
0.0206231451425640
0.0135620101567985
0.0056146179294736
0.0000000000000000
0.0000000000000000
0.0000000000000000
0.0000000000000000
0.0000000000000000
0.0000000000000000
0.0000000000000000
0.0000000000000000
0.0000000000000000
0.0000000000000000
0.0000000000000000
0.0000000000000000
0.0000000000000000
0.0000000000000000
0.0000000000000000
0.0388895592628914
0.0370869195918654
0.0370366849496892
0.0352109160077733
0.0317218023515984
0.0267770542498054
0.0206468630818639
0.0135858474761200
0.0056355514091682
0.0000000000000000
0.0000000000000000
0.0000000000000000
0.0000000000000000
0.0000000000000000
0.0000000000000000
0.0000000000000000
0.0000000000000000
0.0000000000000000
0.0000000000000000
0.0000000000000000
0.0000000000000000
0.0000000000000000
0.0000000000000000
0.0000000000000000
0.0389984955185392
0.0370626094783994
0.0370261267184682
0.0352123641672670
0.0317327456583946
0.0267944002684916
0.0206672001499318
0.0136058020628471
0.0056517829276411
0.0000000000000000
0.0000000000000000
0.0000000000000000
0.0000000000000000
0.0000000000000000
0.0000000000000000
0.0000000000000000
0.0000000000000000
0.0000000000000000
0.0000000000000000
0.0000000000000000
0.0000000000000000
0.0000000000000000
0.0000000000000000
0.0000000000000000
0.0391008940282328
0.0370363201511059
0.0370134143318620
0.0352114166482834
0.0317409978735193
0.0268087159106351
0.0206841189842108
0.0136218392827851
0.0056632815847039
0.0000000000000000
0.0000000000000000
0.0000000000000000
0.0000000000000000
0.0000000000000000
0.0000000000000000
0.0000000000000000
0.0000000000000000
0.0000000000000000
0.0000000000000000
0.0000000000000000
0.0000000000000000
0.0000000000000000
0.0000000000000000
0.0000000000000000
0.0391966252049996
0.0370080477179828
0.0369985322845258
0.0352080483851617
0.0317465270523258
0.0268199654746580
0.0206975834765275
0.0136339259711410
0.0056700181887747
0.0000000000000000
0.0000000000000000
0.0000000000000000
0.0000000000000000
0.0000000000000000
0.0000000000000000
0.0000000000000000
0.0000000000000000
0.0000000000000000
0.0000000000000000
0.0000000000000000
0.0000000000000000
0.0000000000000000
0.0000000000000000
0.0000000000000000
0.0392855626859801
0.0369777876269654
0.0369814646502299
0.0352022342067468
0.0317493015123485
0.0268281139084423
0.0207075585250302
0.0136420301389856
0.0056719648888022
0.0000000000000000
0.0000000000000000
0.0000000000000000
0.0000000000000000
0.0000000000000000
0.0000000000000000
0.0000000000000000
0.0000000000000000
0.0000000000000000
0.0000000000000000
0.0000000000000000
0.0000000000000000
0.0000000000000000
0.0000000000000000
0.0000000000000000
0.0393675829711486
0.0369455346776997
0.0369621950677847
0.0351939487951285
0.0317492897660779
0.0268331267205034
0.0207140099192536
0.0136461208339031
0.0056690949832038
0.0000000000000000
0.0000000000000000
0.0000000000000000
0.0000000000000000
0.0000000000000000
0.0000000000000000
0.0000000000000000
0.0000000000000000
0.0000000000000000
0.0000000000000000
0.0000000000000000
0.0000000000000000
0.0000000000000000
0.0000000000000000
0.0000000000000000
0.0394425654042019
0.0369112830338133
0.0369407067548060
0.0351831667002105
0.0317464605350816
0.0268349699886579
0.0207169043461250
0.0136461681313867
0.0056613828975225
0.0000000000000000
0.0000000000000000
0.0000000000000000
0.0000000000000000
0.0000000000000000
0.0000000000000000
0.0000000000000000
0.0000000000000000
0.0000000000000000
0.0000000000000000
0.0000000000000000
0.0000000000000000
0.0000000000000000
0.0000000000000000
0.0000000000000000
0.0395103924024956
0.0368750262466613
0.0369169825498505
0.0351698623980997
0.0317407828212185
0.0268336104441518
0.0207162094771410
0.0136421432267637
0.0056488042807034
0.0000000000000000
0.0000000000000000
0.0000000000000000
0.0000000000000000
0.0000000000000000
0.0000000000000000
0.0000000000000000
0.0000000000000000
0.0000000000000000
0.0000000000000000
0.0000000000000000
0.0000000000000000
0.0000000000000000
0.0000000000000000
0.0000000000000000
0.0791418988775774
0.0368367572968183
0.0368910049763518
0.0351540103766447
0.0317322260118020
0.0268290155889951
0.0207118940987033
0.0136340185642355
0.0056313361647017
0.0000000000000000
0.0000000000000000
0.0000000000000000
0.0000000000000000
0.0000000000000000
0.0000000000000000
0.0000000000000000
0.0000000000000000
0.0000000000000000
0.0000000000000000
0.0000000000000000
0.0000000000000000
0.0000000000000000
0.0000000000000000
0.0000000000000000
0.0792482534408206
0.0369016409806900
0.0368627563200652
0.0351355852221663
0.0317207599733242
0.0268211537974420
0.0207039282132941
0.0136217679429459
0.0056089571011708
0.0000000000000000
0.0000000000000000
0.0000000000000000
0.0000000000000000
0.0000000000000000
0.0000000000000000
0.0000000000000000
0.0000000000000000
0.0000000000000000
0.0000000000000000
0.0000000000000000
0.0000000000000000
0.0000000000000000
0.0000000000000000
0.0000000000000000
0.0793396342262683
0.0369765113821725
0.0368322187082917
0.0351145616847767
0.0317063551020248
0.0268099943497432
0.0206922830630181
0.0136053665218939
0.0055816472035661
0.0000000000000000
0.0000000000000000
0.0000000000000000
0.0000000000000000
0.0000000000000000
0.0000000000000000
0.0000000000000000
0.0000000000000000
0.0000000000000000
0.0000000000000000
0.0000000000000000
0.0000000000000000
0.0000000000000000
0.0000000000000000
0.0000000000000000
0.0794158345012462
0.0370351137411917
0.0367993741871133
0.0350909147084066
0.0316889823104841
0.0267955073828975
0.0206769310456782
0.0135847907108512
0.0055493880660948
0.0000000000000000
0.0000000000000000
0.0000000000000000
0.0000000000000000
0.0000000000000000
0.0000000000000000
0.0000000000000000
0.0000000000000000
0.0000000000000000
0.0000000000000000
0.0000000000000000
0.0000000000000000
0.0000000000000000
0.0000000000000000
0.0000000000000000
0.0794766531875361
0.0370772959031326
0.0367642048055138
0.0350646194442221
0.0316686129748413
0.0267776637799433
0.0206578455635441
0.0135600179806799
0.0055121626204803
0.0000000000000000
0.0000000000000000
0.0000000000000000
0.0000000000000000
0.0000000000000000
0.0000000000000000
0.0000000000000000
0.0000000000000000
0.0000000000000000
0.0000000000000000
0.0000000000000000
0.0000000000000000
0.0000000000000000
0.0000000000000000
0.0000000000000000
0.0795218934951833
0.0371029121195880
0.0367266927283941
0.0350356512785479
0.0316452188892771
0.0267564350672372
0.0206350008742725
0.0135310266834902
0.0054699550218155
0.0000000000000000
0.0000000000000000
0.0000000000000000
0.0000000000000000
0.0000000000000000
0.0000000000000000
0.0000000000000000
0.0000000000000000
0.0000000000000000
0.0000000000000000
0.0000000000000000
0.0000000000000000
0.0000000000000000
0.0000000000000000
0.0000000000000000
0.0795513616792285
0.0371118217153985
0.0366868203946343
0.0350039859079194
0.0316187722689915
0.0267317933596248
0.0206083720018048
0.0134977959388880
0.0054227506446694
0.0000000000000000
0.0000000000000000
0.0000000000000000
0.0000000000000000
0.0000000000000000
0.0000000000000000
0.0000000000000000
0.0000000000000000
0.0000000000000000
0.0000000000000000
0.0000000000000000
0.0000000000000000
0.0000000000000000
0.0000000000000000
0.0000000000000000
0.0795648660850873
0.0371038880150079
0.0366445707063071
0.0349695994495628
0.0315892457948463
0.0267037113560018
0.0205779346944694
0.0134603055717517
0.0053705361463201
0.0000000000000000
0.0000000000000000
0.0000000000000000
0.0000000000000000
0.0000000000000000
0.0000000000000000
0.0000000000000000
0.0000000000000000
0.0000000000000000
0.0000000000000000
0.0000000000000000
0.0000000000000000
0.0000000000000000
0.0000000000000000
0.0000000000000000
0.0795622163932650
0.0370789774451265
0.0365999271909078
0.0349324685376730
0.0315566126498246
0.0266721623249421
0.0205436653730908
0.0134185360185363
0.0053132995050516
0.0000000000000000
0.0000000000000000
0.0000000000000000
0.0000000000000000
0.0000000000000000
0.0000000000000000
0.0000000000000000
0.0000000000000000
0.0000000000000000
0.0000000000000000
0.0000000000000000
0.0000000000000000
0.0000000000000000
0.0000000000000000
0.0000000000000000
0.0795432230998269
0.0370369587825535
0.0365528740623484
0.0348925703450908
0.0315208465006167
0.0266371200439947
0.0205055410202311
0.0133724681592250
0.0052510299591205
0.0000000000000000
0.0000000000000000
0.0000000000000000
0.0000000000000000
0.0000000000000000
0.0000000000000000
0.0000000000000000
0.0000000000000000
0.0000000000000000
0.0000000000000000
0.0000000000000000
0.0000000000000000
0.0000000000000000
0.0000000000000000
0.0000000000000000
0.0795076976041220
0.0369777030027968
0.0365033961410228
0.0348498825231953
0.0314819214421129
0.0265985587318472
0.0204635390812277
0.0133220831425313
0.0051837179512456
0.0000000000000000
0.0000000000000000
0.0000000000000000
0.0000000000000000
0.0000000000000000
0.0000000000000000
0.0000000000000000
0.0000000000000000
0.0000000000000000
0.0000000000000000
0.0000000000000000
0.0000000000000000
0.0000000000000000
0.0000000000000000
0.0000000000000000
0.0794554536612597
0.0369010845533294
0.0364514786799682
0.0348043831346329
0.0314398120132284
0.0265564531138154
0.0204176375370705
0.0132673624234620
0.0051113553442019
0.0000000000000000
0.0000000000000000
0.0000000000000000
0.0000000000000000
0.0000000000000000
0.0000000000000000
0.0000000000000000
0.0000000000000000
0.0000000000000000
0.0000000000000000
0.0000000000000000
0.0000000000000000
0.0000000000000000
0.0000000000000000
0.0000000000000000
0.0793863107692950
0.0368069848392551
0.0363971072201131
0.0347560507114159
0.0313944934242780
0.0265107787792760
0.0203678153446949
0.0132082882252268
0.0050339362083661
0.0000000000000000
0.0000000000000000
0.0000000000000000
0.0000000000000000
0.0000000000000000
0.0000000000000000
0.0000000000000000
0.0000000000000000
0.0000000000000000
0.0000000000000000
0.0000000000000000
0.0000000000000000
0.0000000000000000
0.0000000000000000
0.0000000000000000
0.0793000995205044
0.0366952978867300
0.0363402676062896
0.0347048645355728
0.0313459420761855
0.0264615128946624
0.0203140532964882
0.0131448445065896
0.0049514582857470
0.0000000000000000
0.0000000000000000
0.0000000000000000
0.0000000000000000
0.0000000000000000
0.0000000000000000
0.0000000000000000
0.0000000000000000
0.0000000000000000
0.0000000000000000
0.0000000000000000
0.0000000000000000
0.0000000000000000
0.0000000000000000
0.0000000000000000
0.0791966679538377
0.0365659372546272
0.0362809462102594
0.0346508051335368
0.0312941363004958
0.0264086351604671
0.0202563351544348
0.0130770182454967
0.0048639249335496
0.0000000000000000
0.0000000000000000
0.0000000000000000
0.0000000000000000
0.0000000000000000
0.0000000000000000
0.0000000000000000
0.0000000000000000
0.0000000000000000
0.0000000000000000
0.0000000000000000
0.0000000000000000
0.0000000000000000
0.0000000000000000
0.0000000000000000
0.0790758875152417
0.0364188424706049
0.0362191302812932
0.0345938548408237
0.0312390571276381
0.0263521287548294
0.0201946487461929
0.0130048006758955
0.0047713470947532
0.0000000000000000
0.0000000000000000
0.0000000000000000
0.0000000000000000
0.0000000000000000
0.0000000000000000
0.0000000000000000
0.0000000000000000
0.0000000000000000
0.0000000000000000
0.0000000000000000
0.0000000000000000
0.0000000000000000
0.0000000000000000
0.0000000000000000
0.0789376572361315
0.0362539835194709
0.0361548082637908
0.0345339982471998
0.0311806888459745
0.0262919809947414
0.0201289867066769
0.0129281881051180
0.0046737448670261
0.0000000000000000
0.0000000000000000
0.0000000000000000
0.0000000000000000
0.0000000000000000
0.0000000000000000
0.0000000000000000
0.0000000000000000
0.0000000000000000
0.0000000000000000
0.0000000000000000
0.0000000000000000
0.0000000000000000
0.0000000000000000
0.0000000000000000
0.0787819055192515
0.0360713626035787
0.0360879699455742
0.0344712223836946
0.0311190192189140
0.0262281835659868
0.0200593467121714
0.0128471821355444
0.0045711484537392
0.0000000000000000
0.0000000000000000
0.0000000000000000
0.0000000000000000
0.0000000000000000
0.0000000000000000
0.0000000000000000
0.0000000000000000
0.0000000000000000
0.0000000000000000
0.0000000000000000
0.0000000000000000
0.0000000000000000
0.0000000000000000
0.0000000000000000
0.0786085897164943
0.0358710134700799
0.0360186064053854
0.0344055166463148
0.0310540393703707
0.0261607323623340
0.0199857312559545
0.0127617893613007
0.0044635986252204
0.0000000000000000
0.0000000000000000
0.0000000000000000
0.0000000000000000
0.0000000000000000
0.0000000000000000
0.0000000000000000
0.0000000000000000
0.0000000000000000
0.0000000000000000
0.0000000000000000
0.0000000000000000
0.0000000000000000
0.0000000000000000
0.0000000000000000
0.0784176942686686
0.0357177995943184
0.0359467098385626
0.0343368725589108
0.0309857434743460
0.0260896270902724
0.0199081471658761
0.0126720207744933
0.0043511469948787
0.0000000000000000
0.0000000000000000
0.0000000000000000
0.0000000000000000
0.0000000000000000
0.0000000000000000
0.0000000000000000
0.0000000000000000
0.0000000000000000
0.0000000000000000
0.0000000000000000
0.0000000000000000
0.0000000000000000
0.0000000000000000
0.0000000000000000
0.0782092281988932
0.0356379019752910
0.0358722733749203
0.0342652835078664
0.0309141283982579
0.0260148708221762
0.0198266050607505
0.0125778911148844
0.0042338564289153
0.0000000000000000
0.0000000000000000
0.0000000000000000
0.0000000000000000
0.0000000000000000
0.0000000000000000
0.0000000000000000
0.0000000000000000
0.0000000000000000
0.0000000000000000
0.0000000000000000
0.0000000000000000
0.0000000000000000
0.0000000000000000
0.0000000000000000
0.0779832225336141
0.0355558742924217
0.0357952909619938
0.0341907445278420
0.0308391933920969
0.0259364695897538
0.0197411188596859
0.0124794182848739
0.0041118017629252
0.0000000000000000
0.0000000000000000
0.0000000000000000
0.0000000000000000
0.0000000000000000
0.0000000000000000
