0.0000000000000000
0.0000000000000000
0.0000000000000000
0.0000000000000000
0.0878715030874839
0.0719244884262087
0.0000000000000000
0.0000000000000000
0.0000000000000000
0.0000000000000000
0.0000000000000000
0.0370450968581964
0.0352070881531155
0.0317081904568870
0.0267567048113093
0.0206231367968183
0.0135620039637577
0.0056146148595600
0.0000000000000000
0.0000000000000000
0.0000000000000000
0.0000000000000000
0.0000000000000000
0.0000000000000000
0.0000000000000000
0.0000000000000000
0.0000000000000000
0.0000000000000000
0.0866898326991503
0.0717289725759200
0.0000000000000000
0.0000000000000000
0.0000000000000000
0.0000000000000000
0.0000000000000000
0.0370366776428481
0.0352109069092277
0.0317217924625396
0.0267770446089998
0.0206468546891374
0.0135858412281947
0.0056355482720952
0.0000000000000000
0.0000000000000000
0.0000000000000000
0.0000000000000000
0.0000000000000000
0.0000000000000000
0.0000000000000000
0.0000000000000000
0.0000000000000000
0.0000000000000000
0.0854582669661493
0.0715233527675960
0.0000000000000000
0.0000000000000000
0.0000000000000000
0.0000000000000000
0.0000000000000000
0.0370261193961252
0.0352123550443300
0.0317327357360410
0.0267943905859373
0.0206671917076498
0.0136057957574121
0.0056517797207709
0.0000000000000000
0.0000000000000000
0.0000000000000000
0.0000000000000000
0.0000000000000000
0.0000000000000000
0.0000000000000000
0.0000000000000000
0.0000000000000000
0.0000000000000000
0.0841763474749413
0.0713075226771884
0.0000000000000000
0.0000000000000000
0.0000000000000000
0.0000000000000000
0.0000000000000000
0.0370134069912964
0.0352114074982487
0.0317409879152136
0.0268087061837423
0.0206841104898326
0.0136218329172512
0.0056632783054317
0.0000000000000000
0.0000000000000000
0.0000000000000000
0.0000000000000000
0.0000000000000000
0.0000000000000000
0.0000000000000000
0.0000000000000000
0.0000000000000000
0.0000000000000000
0.0828436214758952
0.0000000000000000
0.0000000000000000
0.0000000000000000
0.0000000000000000
0.0000000000000000
0.0000000000000000
0.0369985249230244
0.0352080392053382
0.0317465170554338
0.0268199557008664
0.0206975749275466
0.0136339195429548
0.0056700148345292
0.0000000000000000
0.0000000000000000
0.0000000000000000
0.0000000000000000
0.0000000000000000
0.0000000000000000
0.0000000000000000
0.0000000000000000
0.0000000000000000
0.0000000000000000
0.0814596519324154
0.0000000000000000
0.0000000000000000
0.0000000000000000
0.0000000000000000
0.0000000000000000
0.0000000000000000
0.0369814572650883
0.0352022249944603
0.0317492914742600
0.0268281040852221
0.0207075499189754
0.0136420236456296
0.0056719614570457
0.0000000000000000
0.0000000000000000
0.0000000000000000
0.0000000000000000
0.0000000000000000
0.0000000000000000
0.0000000000000000
0.0000000000000000
0.0000000000000000
0.0000000000000000
0.0800240270957107
0.0000000000000000
0.0000000000000000
0.0000000000000000
0.0000000000000000
0.0000000000000000
0.0000000000000000
0.0369621876563085
0.0351939395477229
0.0317492796842083
0.0268331168453564
0.0207140012536895
0.0136461142728956
0.0056690914714328
0.0000000000000000
0.0000000000000000
0.0000000000000000
0.0000000000000000
0.0000000000000000
0.0000000000000000
0.0000000000000000
0.0000000000000000
0.0000000000000000
0.0000000000000000
0.0785363700241694
0.0000000000000000
0.0000000000000000
0.0000000000000000
0.0000000000000000
0.0000000000000000
0.0000000000000000
0.0369406993143122
0.0351831574150487
0.0317464504068728
0.0268349600591184
0.0207168956186523
0.0136461615002814
0.0056613793032686
0.0000000000000000
0.0000000000000000
0.0000000000000000
0.0000000000000000
0.0000000000000000
0.0000000000000000
0.0000000000000000
0.0000000000000000
0.0000000000000000
0.0000000000000000
0.0769963487062696
0.0000000000000000
0.0000000000000000
0.0000000000000000
0.0000000000000000
0.0000000000000000
0.0000000000000000
0.0369169750776689
0.0351698530725654
0.0317407726441399
0.0268336004577875
0.0207162006853975
0.0136421365231492
0.0056488006015340
0.0000000000000000
0.0000000000000000
0.0000000000000000
0.0000000000000000
0.0000000000000000
0.0000000000000000
0.0000000000000000
0.0000000000000000
0.0000000000000000
0.0000000000000000
0.0754036877523281
0.0000000000000000
0.0000000000000000
0.0000000000000000
0.0000000000000000
0.0000000000000000
0.0000000000000000
0.0368909974698264
0.0351540010081436
0.0317322157833520
0.0268290055434082
0.0207118852403641
0.0136340117857354
0.0056313323982209
0.0000000000000000
0.0000000000000000
0.0000000000000000
0.0000000000000000
0.0000000000000000
0.0000000000000000
0.0000000000000000
0.0000000000000000
0.0000000000000000
0.0000000000000000
0.0737581824506894
0.0000000000000000
0.0000000000000000
0.0000000000000000
0.0000000000000000
0.0000000000000000
0.0000000000000000
0.0368627487765555
0.0351355758081271
0.0317207496910312
0.0268211436902697
0.0207039192860721
0.0136217610872185
0.0056089532450212
0.0000000000000000
0.0000000000000000
0.0000000000000000
0.0000000000000000
0.0000000000000000
0.0000000000000000
0.0000000000000000
0.0000000000000000
0.0000000000000000
0.0000000000000000
0.0720597163351251
0.0000000000000000
0.0000000000000000
0.0000000000000000
0.0000000000000000
0.0000000000000000
0.0000000000000000
0.0368322111251744
0.0351145522226531
0.0317063447634486
0.0268099841786594
0.0206922740646651
0.0136053595866319
0.0055816432554303
0.0000000000000000
0.0000000000000000
0.0000000000000000
0.0000000000000000
0.0000000000000000
0.0000000000000000
0.0000000000000000
0.0000000000000000
0.0000000000000000
0.0000000000000000
0.0703082829160204
0.0000000000000000
0.0000000000000000
0.0000000000000000
0.0000000000000000
0.0000000000000000
0.0000000000000000
0.0367993665617837
0.0350909051956782
0.0316889719132173
0.0267954971456135
0.0206769219739854
0.0135847836937817
0.0055493840236983
0.0000000000000000
0.0000000000000000
0.0000000000000000
0.0000000000000000
0.0000000000000000
0.0000000000000000
0.0000000000000000
0.0000000000000000
0.0000000000000000
0.0000000000000000
0.0685040121290459
0.0000000000000000
0.0000000000000000
0.0000000000000000
0.0000000000000000
0.0000000000000000
0.0000000000000000
0.0367641971353871
0.0350646098783964
0.0316686025165104
0.0267776534742092
0.0206578364163429
0.0135600108795648
0.0055121584815949
0.0000000000000000
0.0000000000000000
0.0000000000000000
0.0000000000000000
0.0000000000000000
0.0000000000000000
0.0000000000000000
0.0000000000000000
0.0000000000000000
0.0000000000000000
0.0666472015445936
0.0000000000000000
0.0000000000000000
0.0000000000000000
0.0000000000000000
0.0000000000000000
0.0000000000000000
0.0367266850109074
0.0350356416571615
0.0316452083675447
0.0267564246908437
0.0206349916494362
0.0135310194961265
0.0054699507842635
0.0000000000000000
0.0000000000000000
0.0000000000000000
0.0000000000000000
0.0000000000000000
0.0000000000000000
0.0000000000000000
0.0000000000000000
0.0000000000000000
0.0000000000000000
0.0647383523208471
0.0000000000000000
0.0000000000000000
0.0000000000000000
0.0000000000000000
0.0000000000000000
0.0000000000000000
0.0366868126272479
0.0350039762285402
0.0316187616815575
0.0267317829104044
0.0206083626972497
0.0134977886631087
0.0054227463063297
0.0000000000000000
0.0000000000000000
0.0000000000000000
0.0000000000000000
0.0000000000000000
0.0000000000000000
0.0000000000000000
0.0000000000000000
0.0000000000000000
0.0000000000000000
0.0627782092037858
0.0000000000000000
0.0000000000000000
0.0000000000000000
0.0000000000000000
0.0000000000000000
0.0000000000000000
0.0366445628865061
0.0349695897097912
0.0315892351394501
0.0267037008318312
0.0205779253081569
0.0134602982054269
0.0053705317051348
0.0000000000000000
0.0000000000000000
0.0000000000000000
0.0000000000000000
0.0000000000000000
0.0000000000000000
0.0000000000000000
0.0000000000000000
0.0000000000000000
0.0000000000000000
0.0607678025847357
0.0000000000000000
0.0000000000000000
0.0000000000000000
0.0000000000000000
0.0000000000000000
0.0000000000000000
0.0365999193162044
0.0349324587351445
0.0315566019242472
0.0266721517237441
0.0205436559030290
0.0134185285595744
0.0053132949590345
0.0000000000000000
0.0000000000000000
0.0000000000000000
0.0000000000000000
0.0000000000000000
0.0000000000000000
0.0000000000000000
0.0000000000000000
0.0000000000000000
0.0000000000000000
0.0587084887905055
0.0000000000000000
0.0000000000000000
0.0000000000000000
0.0000000000000000
0.0000000000000000
0.0000000000000000
0.0365528661302828
0.0348925604774774
0.0315208357026828
0.0266371093637404
0.0205055314644770
0.0133724606055740
0.0052510253063664
0.0000000000000000
0.0000000000000000
0.0000000000000000
0.0000000000000000
0.0000000000000000
0.0000000000000000
0.0000000000000000
0.0000000000000000
0.0000000000000000
0.0000000000000000
0.0566019845980536
0.0000000000000000
0.0000000000000000
0.0000000000000000
0.0000000000000000
0.0000000000000000
0.0000000000000000
0.0365033881491653
0.0348498725882073
0.0314819105696922
0.0265985479705574
0.0204635294378884
0.0133220754921794
0.0051837131899406
0.0000000000000000
0.0000000000000000
0.0000000000000000
0.0000000000000000
0.0000000000000000
0.0000000000000000
0.0000000000000000
0.0000000000000000
0.0000000000000000
0.0000000000000000
0.0544503939188968
0.0000000000000000
0.0000000000000000
0.0000000000000000
0.0000000000000000
0.0000000000000000
0.0000000000000000
0.0364514706259196
0.0348043731300198
0.0314398010642369
0.0265564422695615
0.0204176278043040
0.0132673546744371
0.0051113504726348
0.0000000000000000
0.0000000000000000
0.0000000000000000
0.0000000000000000
0.0000000000000000
0.0000000000000000
0.0000000000000000
0.0000000000000000
0.0000000000000000
0.0000000000000000
0.0522562293156599
0.0000000000000000
0.0000000000000000
0.0000000000000000
0.0000000000000000
0.0000000000000000
0.0000000000000000
0.0363970991015061
0.0347560406349672
0.0313944823966784
0.0265107678501806
0.0203678055207097
0.0132082803755958
0.0050339312249403
0.0000000000000000
0.0000000000000000
0.0000000000000000
0.0000000000000000
0.0000000000000000
0.0000000000000000
0.0000000000000000
0.0000000000000000
0.0000000000000000
0.0000000000000000
0.0500224344578029
0.0000000000000000
0.0000000000000000
0.0000000000000000
0.0000000000000000
0.0000000000000000
0.0000000000000000
0.0363402594207893
0.0347048543851187
0.0313459309679878
0.0264615018788993
0.0203140433795431
0.0131448365544563
0.0049514531889947
0.0000000000000000
0.0000000000000000
0.0000000000000000
0.0000000000000000
0.0000000000000000
0.0000000000000000
0.0000000000000000
0.0000000000000000
0.0000000000000000
0.0000000000000000
0.0477524142401786
0.0000000000000000
0.0000000000000000
0.0000000000000000
0.0000000000000000
0.0000000000000000
0.0000000000000000
0.0362809379555649
0.0346507949069492
0.0312941251097578
0.0264086240562614
0.0202563251428383
0.0130770101889998
0.0048639197221483
0.0000000000000000
0.0000000000000000
0.0000000000000000
0.0000000000000000
0.0000000000000000
0.0000000000000000
0.0000000000000000
0.0000000000000000
0.0000000000000000
0.0000000000000000
0.0454500753297115
0.0000000000000000
0.0000000000000000
0.0000000000000000
0.0000000000000000
0.0000000000000000
0.0000000000000000
0.0362191219551396
0.0345938445360180
0.0312390458524666
0.0263521175604577
0.0201946386383025
0.0130047925132074
0.0047713417675456
0.0000000000000000
0.0000000000000000
0.0000000000000000
0.0000000000000000
0.0000000000000000
0.0000000000000000
0.0000000000000000
0.0000000000000000
0.0000000000000000
0.0000000000000000
0.0431198749093487
0.0000000000000000
0.0000000000000000
0.0000000000000000
0.0000000000000000
0.0000000000000000
0.0000000000000000
0.0361547998639517
0.0345339878621366
0.0311806774845266
0.0262919697085328
0.0201289765008994
0.0129281798344425
0.0046737394230446
0.0000000000000000
0.0000000000000000
0.0000000000000000
0.0000000000000000
0.0000000000000000
0.0000000000000000
0.0000000000000000
0.0000000000000000
0.0000000000000000
0.0000000000000000
0.0407668723782223
0.0000000000000000
0.0000000000000000
0.0000000000000000
0.0000000000000000
0.0000000000000000
0.0000000000000000
0.0360879614698644
0.0344712119163820
0.0311190077693985
0.0262281721863235
0.0200593364069622
0.0128471737551153
0.0045711428922344
0.0000000000000000
0.0000000000000000
0.0000000000000000
0.0000000000000000
0.0000000000000000
0.0000000000000000
0.0000000000000000
0.0000000000000000
0.0000000000000000
0.0000000000000000
0.0383967798177781
0.0000000000000000
0.0000000000000000
0.0000000000000000
0.0000000000000000
0.0000000000000000
0.0000000000000000
0.0360185978516632
0.0344055060948102
0.0310540278310492
0.0261607208876516
0.0199857208498174
0.0127617808693800
0.0044635929456957
0.0000000000000000
0.0000000000000000
0.0000000000000000
0.0000000000000000
0.0000000000000000
0.0000000000000000
0.0000000000000000
0.0000000000000000
0.0000000000000000
0.0000000000000000
0.0360160098939121
0.0000000000000000
0.0000000000000000
0.0000000000000000
0.0000000000000000
0.0000000000000000
0.0000000000000000
0.0359467012047320
0.0343368619213224
0.0309857318435342
0.0260896155190603
0.0199081366573625
0.0126720121693687
0.0043511411971310
0.0000000000000000
0.0000000000000000
0.0000000000000000
0.0000000000000000
0.0000000000000000
0.0000000000000000
0.0000000000000000
0.0000000000000000
0.0000000000000000
0.0000000000000000
0.0336317218827293
0.0000000000000000
0.0000000000000000
0.0000000000000000
0.0000000000000000
0.0000000000000000
0.0000000000000000
0.0358722646589327
0.0342652727823543
0.0309141166743255
0.0260148591529771
0.0198265944484587
0.0125778823948668
0.0042338505130830
0.0000000000000000
0.0000000000000000
0.0000000000000000
0.0000000000000000
0.0000000000000000
0.0000000000000000
0.0000000000000000
0.0000000000000000
0.0000000000000000
0.0000000000000000
0.0312518648393194
0.0000000000000000
0.0000000000000000
0.0000000000000000
0.0000000000000000
0.0000000000000000
0.0000000000000000
0.0357952821618491
0.0341907337126189
0.0308391815734683
0.0259364578211638
0.0197411081422592
0.0124794094482948
0.0041117957295459
0.0000000000000000
0.0000000000000000
0.0000000000000000
0.0000000000000000
0.0000000000000000
0.0000000000000000
