0.0000000000000000
0.0000000000000000
0.0000000000000000
0.0000000000000000
0.0000000000000000
0.0000000000000000
0.0000000000000000
0.0000000000000000
0.0000000000000000
0.0353942460429222
0.0388923254424267
0.0815257491269167
0.1169726929073475
0.1415641863056255
0.1520765035058358
0.1454083025153220
0.1173043986740068
0.0582956460891783
0.0000000000000000
0.0000000000000000
0.0000000000000000
0.0000000000000000
0.0000000000000000
0.0000000000000000
0.0000000000000000
0.0000000000000000
0.0000000000000000
0.0000000000000000
0.0000000000000000
0.0000000000000000
0.0000000000000000
0.0000000000000000
0.0000000000000000
0.0353572044069980
0.0386204788619060
0.0813188971882313
0.1168549278440368
0.1415510217280021
0.1521739378426678
0.1456113436207673
0.1175926685223516
0.0586015854256532
0.0000000000000000
0.0000000000000000
0.0000000000000000
0.0000000000000000
0.0000000000000000
0.0000000000000000
0.0000000000000000
0.0000000000000000
0.0000000000000000
0.0000000000000000
0.0000000000000000
0.0000000000000000
0.0000000000000000
0.0000000000000000
0.0000000000000000
0.0353182707853430
0.0383589313437652
0.0811231259185629
0.1167482452042706
0.1415478544490518
0.1522787208973957
0.1458164636454471
0.1178720338245323
0.0588726807874162
0.0000000000000000
0.0000000000000000
0.0000000000000000
0.0000000000000000
0.0000000000000000
0.0000000000000000
0.0000000000000000
0.0000000000000000
0.0000000000000000
0.0000000000000000
0.0000000000000000
0.0000000000000000
0.0000000000000000
0.0000000000000000
0.0000000000000000
0.0352774550587534
0.0381079200339863
0.0809385988110638
0.1166527176174701
0.1415546568148350
0.1523907237911909
0.1460234401132103
0.1181421902875138
0.0591084748958711
0.0000000000000000
0.0000000000000000
0.0000000000000000
0.0000000000000000
0.0000000000000000
0.0000000000000000
0.0000000000000000
0.0000000000000000
0.0000000000000000
0.0000000000000000
0.0000000000000000
0.0000000000000000
0.0000000000000000
0.0000000000000000
0.0000000000000000
0.0352347662289374
0.0378676699389529
0.0807654655274142
0.1165684030087335
0.1415713862939706
0.1525098028618782
0.1462320345602325
0.1184028089637795
0.0593084566621022
0.0000000000000000
0.0000000000000000
0.0000000000000000
0.0000000000000000
0.0000000000000000
0.0000000000000000
0.0000000000000000
0.0000000000000000
0.0000000000000000
0.0000000000000000
0.0000000000000000
0.0000000000000000
0.0000000000000000
0.0000000000000000
0.0000000000000000
0.0351902124915941
0.0376383956228275
0.0806038634981628
0.1164953459192653
0.1415979864056525
0.1526358000563469
0.1464419922022955
0.1186535347971379
0.0594720573748443
0.0000000000000000
0.0000000000000000
0.0000000000000000
0.0000000000000000
0.0000000000000000
0.0000000000000000
0.0000000000000000
0.0000000000000000
0.0000000000000000
0.0000000000000000
0.0000000000000000
0.0000000000000000
0.0000000000000000
0.0000000000000000
0.0000000000000000
0.0351438012711217
0.0374203020690616
0.0804539187283247
0.1164335782315575
0.1416343872739062
0.1527685432328065
0.1466530418695884
0.1188939859265133
0.0595986484692781
0.0000000000000000
0.0000000000000000
0.0000000000000000
0.0000000000000000
0.0000000000000000
0.0000000000000000
0.0000000000000000
0.0000000000000000
0.0000000000000000
0.0000000000000000
0.0000000000000000
0.0000000000000000
0.0000000000000000
0.0000000000000000
0.0000000000000000
0.0350955392307593
0.0372135847649804
0.0803157459567470
0.1163831193396408
0.1416805058107600
0.1529078463378414
0.1468648961210279
0.1191237535559977
0.0596875407602217
0.0000000000000000
0.0000000000000000
0.0000000000000000
0.0000000000000000
0.0000000000000000
0.0000000000000000
0.0000000000000000
0.0000000000000000
0.0000000000000000
0.0000000000000000
0.0000000000000000
0.0000000000000000
0.0000000000000000
0.0000000000000000
0.0000000000000000
0.0350454322768555
0.0370184293131743
0.0801894483071410
0.1163439759225207
0.1417362456193355
0.1530535094388426
0.1470772514023758
0.1193424021859907
0.0597379846549319
0.0000000000000000
0.0000000000000000
0.0000000000000000
0.0000000000000000
0.0000000000000000
0.0000000000000000
0.0000000000000000
0.0000000000000000
0.0000000000000000
0.0000000000000000
0.0000000000000000
0.0000000000000000
0.0000000000000000
0.0000000000000000
0.0000000000000000
0.0349934855784537
0.0368351590341288
0.0800751167734359
0.1163161415265998
0.1418014967219097
0.1532053186366888
0.1472897881596575
0.1195494698651596
0.0597491708473547
0.0000000000000000
0.0000000000000000
0.0000000000000000
0.0000000000000000
0.0000000000000000
0.0000000000000000
0.0000000000000000
0.0000000000000000
0.0000000000000000
0.0000000000000000
0.0000000000000000
0.0000000000000000
0.0000000000000000
0.0000000000000000
0.0000000000000000
0.0349397036195180
0.0367948732528138
0.0799728298368853
0.1162995962632863
0.1418761353332450
0.1533630459172946
0.1475021707740116
0.1197444681786743
0.0597202307229832
0.0000000000000000
0.0000000000000000
0.0000000000000000
0.0000000000000000
0.0000000000000000
0.0000000000000000
0.0000000000000000
0.0000000000000000
0.0000000000000000
0.0000000000000000
0.0000000000000000
0.0000000000000000
0.0000000000000000
0.0000000000000000
0.0000000000000000
0.0348840903041612
0.0367525599824496
0.0798826536183125
0.1162943068866095
0.1419600238481193
0.1535264490159244
0.1477140472555234
0.1199268815982761
0.0596502358347158
0.0000000000000000
0.0000000000000000
0.0000000000000000
0.0000000000000000
0.0000000000000000
0.0000000000000000
0.0000000000000000
0.0000000000000000
0.0000000000000000
0.0000000000000000
0.0000000000000000
0.0000000000000000
0.0000000000000000
0.0000000000000000
0.0000000000000000
0.0348266491209402
0.0367082109974239
0.0798046427155325
0.1163002274331601
0.1420530111607998
0.1536952713300702
0.1479250486498816
0.1200961661393105
0.0595381961790944
0.0000000000000000
0.0000000000000000
0.0000000000000000
0.0000000000000000
0.0000000000000000
0.0000000000000000
0.0000000000000000
0.0000000000000000
0.0000000000000000
0.0000000000000000
0.0000000000000000
0.0000000000000000
0.0000000000000000
0.0000000000000000
0.0000000000000000
0.0347673833721126
0.0366618179404016
0.0797388416277932
0.1163173002676875
0.1421549332163370
0.1538692418466625
0.1481347882079577
0.1202517474420390
0.0593830578008124
0.0000000000000000
0.0000000000000000
0.0000000000000000
0.0000000000000000
0.0000000000000000
0.0000000000000000
0.0000000000000000
0.0000000000000000
0.0000000000000000
0.0000000000000000
0.0000000000000000
0.0000000000000000
0.0000000000000000
0.0000000000000000
0.0000000000000000
0.0347062964613098
0.0366133725238810
0.0796852863961291
0.1163454572803041
0.1422656135834992
0.1540480749816345
0.1483428603859784
0.1203930186561447
0.0591837005303794
0.0000000000000000
0.0000000000000000
0.0000000000000000
0.0000000000000000
0.0000000000000000
0.0000000000000000
0.0000000000000000
0.0000000000000000
0.0000000000000000
0.0000000000000000
0.0000000000000000
0.0000000000000000
0.0000000000000000
0.0000000000000000
0.0000000000000000
0.0346433922348075
0.0365628667788848
0.0796440061478241
0.1163846209234130
0.1423848638742392
0.1542314702914904
0.1485488397868545
0.1205193384117694
0.0589389366632774
0.0000000000000000
0.0000000000000000
0.0000000000000000
0.0000000000000000
0.0000000000000000
0.0000000000000000
0.0000000000000000
0.0000000000000000
0.0000000000000000
0.0000000000000000
0.0000000000000000
0.0000000000000000
0.0000000000000000
0.0000000000000000
0.0000000000000000
0.0345786753428081
0.0365102933293627
0.0796150244158601
0.1164347051081067
0.1425124840814696
0.1544191121915785
0.1487522802176910
0.1206300290399597
0.0586475103925634
0.0000000000000000
0.0000000000000000
0.0000000000000000
0.0000000000000000
0.0000000000000000
0.0000000000000000
0.0000000000000000
0.0000000000000000
0.0000000000000000
0.0000000000000000
0.0000000000000000
0.0000000000000000
0.0000000000000000
0.0000000000000000
0.0000000000000000
0.0345121515447701
0.0364556456254570
0.0795983603632466
0.1164956161200651
0.1426482631128821
0.1546106700241194
0.1489527141923012
0.1207243751132307
0.0583080975035956
0.0000000000000000
0.0000000000000000
0.0000000000000000
0.0000000000000000
0.0000000000000000
0.0000000000000000
0.0000000000000000
0.0000000000000000
0.0000000000000000
0.0000000000000000
0.0000000000000000
0.0000000000000000
0.0000000000000000
0.0000000000000000
0.0000000000000000
0.0344438278396699
0.0363989180407139
0.0795940297867986
0.1165672536469534
0.1427919797364639
0.1548057988121376
0.1491496532527209
0.1208016226105114
0.0579193049638144
0.0000000000000000
0.0000000000000000
0.0000000000000000
0.0000000000000000
0.0000000000000000
0.0000000000000000
0.0000000000000000
0.0000000000000000
0.0000000000000000
0.0000000000000000
0.0000000000000000
0.0000000000000000
0.0000000000000000
0.0000000000000000
0.0000000000000000
0.0343737123196987
0.0363401057623582
0.0796020454707362
0.1166495115456266
0.1429434037614180
0.1550041407272749
0.1493425893935697
0.1208609791917514
0.0574796714752148
0.0000000000000000
0.0000000000000000
0.0000000000000000
0.0000000000000000
0.0000000000000000
0.0000000000000000
0.0000000000000000
0.0000000000000000
0.0000000000000000
0.0000000000000000
0.0000000000000000
0.0000000000000000
0.0000000000000000
0.0000000000000000
0.0000000000000000
0.0343018137369846
0.0362792044927848
0.0796224160037386
0.1167422775875617
0.1431022967855331
0.1552053268140793
0.1495309974604619
0.1209016162227635
0.0569876712440272
0.0000000000000000
0.0000000000000000
0.0000000000000000
0.0000000000000000
0.0000000000000000
0.0000000000000000
0.0000000000000000
0.0000000000000000
0.0000000000000000
0.0000000000000000
0.0000000000000000
0.0000000000000000
0.0000000000000000
0.0000000000000000
0.0000000000000000
0.0342281409126207
0.0362162100838927
0.0796551424662203
0.1168454314061242
0.1432684117171952
0.1554089782168707
0.1497143380356416
0.1209226726965337
0.0564417234397712
0.0000000000000000
0.0000000000000000
0.0000000000000000
0.0000000000000000
0.0000000000000000
0.0000000000000000
0.0000000000000000
0.0000000000000000
0.0000000000000000
0.0000000000000000
0.0000000000000000
0.0000000000000000
0.0000000000000000
0.0000000000000000
0.0000000000000000
0.0341527021922631
0.0361511182732799
0.0797002130728523
0.1169588405625100
0.1434414906860026
0.1556147063271772
0.1498920601167098
0.1209232606638592
0.0558402081881043
0.0000000000000000
0.0000000000000000
0.0000000000000000
0.0000000000000000
0.0000000000000000
0.0000000000000000
0.0000000000000000
0.0000000000000000
0.0000000000000000
0.0000000000000000
0.0000000000000000
0.0000000000000000
0.0000000000000000
0.0000000000000000
0.0000000000000000
0.0340755051234035
0.0360839246292757
0.0797575968478781
0.1170823554756050
0.1436212618063984
0.1558221118701150
0.1500636031321465
0.1209024710766579
0.0551814875410528
0.0000000000000000
0.0000000000000000
0.0000000000000000
0.0000000000000000
0.0000000000000000
0.0000000000000000
0.0000000000000000
0.0000000000000000
0.0000000000000000
0.0000000000000000
0.0000000000000000
0.0000000000000000
0.0000000000000000
0.0000000000000000
0.0000000000000000
0.0339965563808117
0.0360146246843999
0.0798272378913384
0.1172158046779082
0.1438074358760125
0.1560307835837571
0.1502283982472466
0.1208593788400818
0.0544639277524605
0.0000000000000000
0.0000000000000000
0.0000000000000000
0.0000000000000000
0.0000000000000000
0.0000000000000000
0.0000000000000000
0.0000000000000000
0.0000000000000000
0.0000000000000000
0.0000000000000000
0.0000000000000000
0.0000000000000000
0.0000000000000000
0.0000000000000000
0.0339158618324425
0.0359432141234707
0.0799090516049776
0.1173589916753030
0.1439997042231677
0.1562402973639315
0.1503858692424906
0.1207930461171760
0.0536859193691588
0.0000000000000000
0.0000000000000000
0.0000000000000000
0.0000000000000000
0.0000000000000000
0.0000000000000000
0.0000000000000000
0.0000000000000000
0.0000000000000000
0.0000000000000000
0.0000000000000000
0.0000000000000000
0.0000000000000000
0.0000000000000000
0.0000000000000000
0.0338334265898341
0.0358696888848626
0.0800029233830840
0.1175116940525784
0.1441977382911360
0.1564502164182104
0.1505354332794837
0.1207025235694139
0.0528458932623442
0.0000000000000000
0.0000000000000000
0.0000000000000000
0.0000000000000000
0.0000000000000000
0.0000000000000000
0.0000000000000000
0.0000000000000000
0.0000000000000000
0.0000000000000000
0.0000000000000000
0.0000000000000000
0.0000000000000000
0.0000000000000000
0.0000000000000000
0.0337492549659429
0.0357940451193999
0.0801087094804405
0.1176736645245509
0.1444011907983147
0.1566600923562115
0.1506765016106295
0.1205868497624739
0.0519423336364049
0.0000000000000000
0.0000000000000000
0.0000000000000000
0.0000000000000000
0.0000000000000000
0.0000000000000000
0.0000000000000000
0.0000000000000000
0.0000000000000000
0.0000000000000000
0.0000000000000000
0.0000000000000000
0.0000000000000000
0.0000000000000000
0.0000000000000000
0.0336633503767396
0.0357558121915531
0.0802262391821060
0.1178446331513316
0.1446096977503205
0.1568694667071879
0.1508084800901050
0.1204450492994180
0.0509737906225865
0.0000000000000000
0.0000000000000000
0.0000000000000000
0.0000000000000000
0.0000000000000000
0.0000000000000000
0.0000000000000000
0.0000000000000000
0.0000000000000000
0.0000000000000000
0.0000000000000000
0.0000000000000000
0.0000000000000000
0.0000000000000000
0.0000000000000000
0.0335757152849181
0.0358316817649214
0.0803553175567677
0.1180243099159037
0.1448228805987264
0.1570778723240732
0.1509307692993274
0.1202761302545364
0.0499388954554338
0.0000000000000000
0.0000000000000000
0.0000000000000000
0.0000000000000000
0.0000000000000000
0.0000000000000000
0.0000000000000000
0.0000000000000000
0.0000000000000000
0.0000000000000000
0.0000000000000000
0.0000000000000000
0.0000000000000000
0.0000000000000000
0.0000000000000000
0.0334863512470166
0.0359207559176734
0.0804957282577092
0.1182123872323360
0.1450403481641189
0.1572848344413281
0.1510427642813486
0.1200790813027058
0.0488363801925040
0.0000000000000000
0.0000000000000000
0.0000000000000000
0.0000000000000000
0.0000000000000000
0.0000000000000000
