0.0000000000000000
0.0000000000000000
0.0000000000000000
0.0000000000000000
0.0000000000000000
0.0000000000000000
0.0000000000000000
0.0000000000000000
0.0000000000000000
0.0353942443616337
0.0388922337776422
0.0815256668100515
0.1169726270758305
0.1415641430126137
0.1520764876282356
0.1454083179747709
0.1173044494451884
0.0582957344489420
0.0000000000000000
0.0000000000000000
0.0000000000000000
0.0000000000000000
0.0000000000000000
0.0000000000000000
0.0000000000000000
0.0000000000000000
0.0000000000000000
0.0000000000000000
0.0000000000000000
0.0000000000000000
0.0000000000000000
0.0000000000000000
0.0000000000000000
0.0353572027110107
0.0386203871389308
0.0813188147653904
0.1168548618744414
0.1415509782834848
0.1521739218237216
0.1456113589831134
0.1175927193077564
0.0586016741406795
0.0000000000000000
0.0000000000000000
0.0000000000000000
0.0000000000000000
0.0000000000000000
0.0000000000000000
0.0000000000000000
0.0000000000000000
0.0000000000000000
0.0000000000000000
0.0000000000000000
0.0000000000000000
0.0000000000000000
0.0000000000000000
0.0000000000000000
0.0353182690760285
0.0383588395635357
0.0811230433921989
0.1167481791010374
0.1415478108600632
0.1522787047477707
0.1458164789272959
0.1178720846529239
0.0588727699056988
0.0000000000000000
0.0000000000000000
0.0000000000000000
0.0000000000000000
0.0000000000000000
0.0000000000000000
0.0000000000000000
0.0000000000000000
0.0000000000000000
0.0000000000000000
0.0000000000000000
0.0000000000000000
0.0000000000000000
0.0000000000000000
0.0000000000000000
0.0352774533375002
0.0381078281975371
0.0809385161837681
0.1166526513852048
0.1415546130885874
0.1523907075217314
0.1460234553313400
0.1181422411878768
0.0591085644661382
0.0000000000000000
0.0000000000000000
0.0000000000000000
0.0000000000000000
0.0000000000000000
0.0000000000000000
0.0000000000000000
0.0000000000000000
0.0000000000000000
0.0000000000000000
0.0000000000000000
0.0000000000000000
0.0000000000000000
0.0000000000000000
0.0000000000000000
0.0352347644971496
0.0378675780474212
0.0807653828019196
0.1165683366522088
0.1415713424378544
0.1525097864836068
0.1462320497316020
0.1184028599653526
0.0593085467338433
0.0000000000000000
0.0000000000000000
0.0000000000000000
0.0000000000000000
0.0000000000000000
0.0000000000000000
0.0000000000000000
0.0000000000000000
0.0000000000000000
0.0000000000000000
0.0000000000000000
0.0000000000000000
0.0000000000000000
0.0000000000000000
0.0000000000000000
0.0351902107506912
0.0376383036774566
0.0806037806773472
0.1164952794434231
0.1415979424272384
0.1526357835804681
0.1464420073440540
0.1186535859294481
0.0594721479983402
0.0000000000000000
0.0000000000000000
0.0000000000000000
0.0000000000000000
0.0000000000000000
0.0000000000000000
0.0000000000000000
0.0000000000000000
0.0000000000000000
0.0000000000000000
0.0000000000000000
0.0000000000000000
0.0000000000000000
0.0000000000000000
0.0000000000000000
0.0351437995225375
0.0374202100712053
0.0804538358152132
0.1164335116415110
0.1416343431809469
0.1527685266707096
0.1466530569990862
0.1188940372194132
0.0595987396956320
0.0000000000000000
0.0000000000000000
0.0000000000000000
0.0000000000000000
0.0000000000000000
0.0000000000000000
0.0000000000000000
0.0000000000000000
0.0000000000000000
0.0000000000000000
0.0000000000000000
0.0000000000000000
0.0000000000000000
0.0000000000000000
0.0000000000000000
0.0350955374759412
0.0372134927161069
0.0803156629545158
0.1163830526406767
0.1416804616111924
0.1529078297011046
0.1468649112558266
0.1191238050397025
0.0596876326413890
0.0000000000000000
0.0000000000000000
0.0000000000000000
0.0000000000000000
0.0000000000000000
0.0000000000000000
0.0000000000000000
0.0000000000000000
0.0000000000000000
0.0000000000000000
0.0000000000000000
0.0000000000000000
0.0000000000000000
0.0000000000000000
0.0000000000000000
0.0350454305172640
0.0370183372148700
0.0801893652191195
0.1163439091201010
0.1417362013212821
0.1530534927392358
0.1470772665602589
0.1193424538911159
0.0597380772437482
0.0000000000000000
0.0000000000000000
0.0000000000000000
0.0000000000000000
0.0000000000000000
0.0000000000000000
0.0000000000000000
0.0000000000000000
0.0000000000000000
0.0000000000000000
0.0000000000000000
0.0000000000000000
0.0000000000000000
0.0000000000000000
0.0000000000000000
0.0349934838155615
0.0368351606060304
0.0800750336031103
0.1163160746263642
0.1418014523336804
0.1532053018861767
0.1472898033586407
0.1195495218227580
0.0597492641975586
0.0000000000000000
0.0000000000000000
0.0000000000000000
0.0000000000000000
0.0000000000000000
0.0000000000000000
0.0000000000000000
0.0000000000000000
0.0000000000000000
0.0000000000000000
0.0000000000000000
0.0000000000000000
0.0000000000000000
0.0000000000000000
0.0000000000000000
0.0349397018548092
0.0367948748277645
0.0799727465879004
0.1162995292710527
0.1418760908633377
0.1533630291280395
0.1475021860323521
0.1197445204202743
0.0597203248892321
0.0000000000000000
0.0000000000000000
0.0000000000000000
0.0000000000000000
0.0000000000000000
0.0000000000000000
0.0000000000000000
0.0000000000000000
0.0000000000000000
0.0000000000000000
0.0000000000000000
0.0000000000000000
0.0000000000000000
0.0000000000000000
0.0000000000000000
0.0348840885391304
0.0367525615620141
0.0798825702944741
0.1162942398083763
0.1419599793052214
0.1535264322002883
0.1477140625917303
0.1199269341559199
0.0596503308725940
0.0000000000000000
0.0000000000000000
0.0000000000000000
0.0000000000000000
0.0000000000000000
0.0000000000000000
0.0000000000000000
0.0000000000000000
0.0000000000000000
0.0000000000000000
0.0000000000000000
0.0000000000000000
0.0000000000000000
0.0000000000000000
0.0000000000000000
0.0348266473570919
0.0367082125831714
0.0798045593208107
0.1163001602751077
0.1420529665537900
0.1536952545006187
0.1479250640827263
0.1200962190455935
0.0595382921451122
0.0000000000000000
0.0000000000000000
0.0000000000000000
0.0000000000000000
0.0000000000000000
0.0000000000000000
0.0000000000000000
0.0000000000000000
0.0000000000000000
0.0000000000000000
0.0000000000000000
0.0000000000000000
0.0000000000000000
0.0000000000000000
0.0000000000000000
0.0347673816109603
0.0366618195339045
0.0797387581663248
0.1163172330361811
0.1421548885542876
0.1538692250161688
0.1481348037564862
0.1202518007301514
0.0593831547523908
0.0000000000000000
0.0000000000000000
0.0000000000000000
0.0000000000000000
0.0000000000000000
0.0000000000000000
0.0000000000000000
0.0000000000000000
0.0000000000000000
0.0000000000000000
0.0000000000000000
0.0000000000000000
0.0000000000000000
0.0000000000000000
0.0000000000000000
0.0347062947043756
0.0366133741267146
0.0796852028722217
0.1163453899818967
0.1422655688756796
0.1540480581630845
0.1483428760695236
0.1203930723599150
0.0591837985258224
0.0000000000000000
0.0000000000000000
0.0000000000000000
0.0000000000000000
0.0000000000000000
0.0000000000000000
0.0000000000000000
0.0000000000000000
0.0000000000000000
0.0000000000000000
0.0000000000000000
0.0000000000000000
0.0000000000000000
0.0000000000000000
0.0000000000000000
0.0346433904836213
0.0365628683926262
0.0796439225659600
0.1163845535648498
0.1423848191301203
0.1542314534980891
0.1485488556250504
0.1205193925657092
0.0589390357617217
0.0000000000000000
0.0000000000000000
0.0000000000000000
0.0000000000000000
0.0000000000000000
0.0000000000000000
0.0000000000000000
0.0000000000000000
0.0000000000000000
0.0000000000000000
0.0000000000000000
0.0000000000000000
0.0000000000000000
0.0000000000000000
0.0000000000000000
0.0345786735989076
0.0365102949555906
0.0796149407807008
0.1164346376963296
0.1425124393107287
0.1544190954367571
0.1487522962304874
0.1206300836793083
0.0586476106539060
0.0000000000000000
0.0000000000000000
0.0000000000000000
0.0000000000000000
0.0000000000000000
0.0000000000000000
0.0000000000000000
0.0000000000000000
0.0000000000000000
0.0000000000000000
0.0000000000000000
0.0000000000000000
0.0000000000000000
0.0000000000000000
0.0000000000000000
0.0345121498097001
0.0364556472657511
0.0795982766796372
0.1164955486622175
0.1426482183254088
0.1546106533215426
0.1489527303999788
0.1207244302740040
0.0583081989883928
0.0000000000000000
0.0000000000000000
0.0000000000000000
0.0000000000000000
0.0000000000000000
0.0000000000000000
0.0000000000000000
0.0000000000000000
0.0000000000000000
0.0000000000000000
0.0000000000000000
0.0000000000000000
0.0000000000000000
0.0000000000000000
0.0000000000000000
0.0344438261149822
0.0363989196966541
0.0795939460597720
0.1165671861503851
0.1427919349423656
0.1548057821757119
0.1491496696759081
0.1208016783295525
0.0579194077331537
0.0000000000000000
0.0000000000000000
0.0000000000000000
0.0000000000000000
0.0000000000000000
0.0000000000000000
0.0000000000000000
0.0000000000000000
0.0000000000000000
0.0000000000000000
0.0000000000000000
0.0000000000000000
0.0000000000000000
0.0000000000000000
0.0000000000000000
0.0343737106069516
0.0363401074355246
0.0796019617055178
0.1166494440178991
0.1429433589710256
0.1550041241711569
0.1493426060532608
0.1208610355067866
0.0574797755905548
0.0000000000000000
0.0000000000000000
0.0000000000000000
0.0000000000000000
0.0000000000000000
0.0000000000000000
0.0000000000000000
0.0000000000000000
0.0000000000000000
0.0000000000000000
0.0000000000000000
0.0000000000000000
0.0000000000000000
0.0000000000000000
0.0000000000000000
0.0343018120377430
0.0362792061847567
0.0796223322057482
0.1167422100364507
0.1431022520094055
0.1552053103526835
0.1495310143780356
0.1209016731724629
0.0569877767670017
0.0000000000000000
0.0000000000000000
0.0000000000000000
0.0000000000000000
0.0000000000000000
0.0000000000000000
0.0000000000000000
0.0000000000000000
0.0000000000000000
0.0000000000000000
0.0000000000000000
0.0000000000000000
0.0000000000000000
0.0000000000000000
0.0000000000000000
0.0342281392284553
0.0362162117962489
0.0796550586410748
0.1168453638396218
0.1432683669661217
0.1554089618648750
0.1497143552328784
0.1209227303205742
0.0564418304319451
0.0000000000000000
0.0000000000000000
0.0000000000000000
0.0000000000000000
0.0000000000000000
0.0000000000000000
0.0000000000000000
0.0000000000000000
0.0000000000000000
0.0000000000000000
0.0000000000000000
0.0000000000000000
0.0000000000000000
0.0000000000000000
0.0000000000000000
0.0341527005247494
0.0361511200075970
0.0797001292263639
0.1169587729888220
0.1434414459710007
0.1556146900995242
0.1498920776158056
0.1209233190029843
0.0558403167106608
0.0000000000000000
0.0000000000000000
0.0000000000000000
0.0000000000000000
0.0000000000000000
0.0000000000000000
0.0000000000000000
0.0000000000000000
0.0000000000000000
0.0000000000000000
0.0000000000000000
0.0000000000000000
0.0000000000000000
0.0000000000000000
0.0000000000000000
0.0340755034741209
0.0360839263871272
0.0797575129860523
0.1170822879031473
0.1436212171387088
0.1558220957820090
0.1500636209557206
0.1209025301727328
0.0551815976543993
0.0000000000000000
0.0000000000000000
0.0000000000000000
0.0000000000000000
0.0000000000000000
0.0000000000000000
0.0000000000000000
0.0000000000000000
0.0000000000000000
0.0000000000000000
0.0000000000000000
0.0000000000000000
0.0000000000000000
0.0000000000000000
0.0000000000000000
0.0339965547513407
0.0360146264673538
0.0798271540203695
0.1172157371152986
0.1438073912670900
0.1560307676506559
0.1502284164183435
0.1208594387361406
0.0544640395157310
0.0000000000000000
0.0000000000000000
0.0000000000000000
0.0000000000000000
0.0000000000000000
0.0000000000000000
0.0000000000000000
0.0000000000000000
0.0000000000000000
0.0000000000000000
0.0000000000000000
0.0000000000000000
0.0000000000000000
0.0000000000000000
0.0000000000000000
0.0339158602243629
0.0359432159330875
0.0799089677312429
0.1173589241313526
0.1439996596846694
0.1562402816015352
0.1503858877845787
0.1207931068574656
0.0536860328396029
0.0000000000000000
0.0000000000000000
0.0000000000000000
0.0000000000000000
0.0000000000000000
0.0000000000000000
0.0000000000000000
0.0000000000000000
0.0000000000000000
0.0000000000000000
0.0000000000000000
0.0000000000000000
0.0000000000000000
0.0000000000000000
0.0000000000000000
0.0338334250047222
0.0358696907226925
0.0800028395131381
0.1175116265362812
0.1441976938349089
0.1564502008424496
0.1505354522164525
0.1207025851994364
0.0528460084945891
0.0000000000000000
0.0000000000000000
0.0000000000000000
0.0000000000000000
0.0000000000000000
0.0000000000000000
0.0000000000000000
0.0000000000000000
0.0000000000000000
0.0000000000000000
0.0000000000000000
0.0000000000000000
0.0000000000000000
0.0000000000000000
0.0000000000000000
0.0337492534053689
0.0357940469869805
0.0801086256210094
0.1176735970450744
0.1444011464363833
0.1566600769832355
0.1506765209667884
0.1205869123290350
0.0519424506815759
0.0000000000000000
0.0000000000000000
0.0000000000000000
0.0000000000000000
0.0000000000000000
0.0000000000000000
0.0000000000000000
0.0000000000000000
0.0000000000000000
0.0000000000000000
0.0000000000000000
0.0000000000000000
0.0000000000000000
0.0000000000000000
0.0000000000000000
0.0336633488422654
0.0357557196510752
0.0802261553400804
0.1178445657180064
0.1446096534948754
0.1568694515533549
0.1508084998901851
0.1204451128506813
0.0509739095272635
0.0000000000000000
0.0000000000000000
0.0000000000000000
0.0000000000000000
0.0000000000000000
0.0000000000000000
0.0000000000000000
0.0000000000000000
0.0000000000000000
0.0000000000000000
0.0000000000000000
0.0000000000000000
0.0000000000000000
0.0000000000000000
0.0000000000000000
0.0335757137780955
0.0358315892415110
0.0803552337391978
0.1180242425382160
0.1448228364621150
0.1570778574059426
0.1509307895684873
0.1202761948400855
0.0499390162604127
0.0000000000000000
0.0000000000000000
0.0000000000000000
0.0000000000000000
0.0000000000000000
0.0000000000000000
0.0000000000000000
0.0000000000000000
0.0000000000000000
0.0000000000000000
0.0000000000000000
0.0000000000000000
0.0000000000000000
0.0000000000000000
0.0000000000000000
0.0334863497693850
0.0359206634162212
0.0804956444717994
0.1182123199199194
0.1450403041588364
0.1572848197756553
0.1510427850451827
0.1200791469736133
0.0488365029313264
0.0000000000000000
0.0000000000000000
0.0000000000000000
0.0000000000000000
0.0000000000000000
0.0000000000000000
