0.0000000000000000
0.0000000000000000
0.0000000000000000
0.0000000000000000
0.0878716824261177
0.1438490216359525
0.1552807041465226
0.1426950283658140
0.0574565368317098
0.0000000000000000
0.0000000000000000
0.0370450913876382
0.0352070813454526
0.0317081830630504
0.0267566976100508
0.0206231305375097
0.0135619993189806
0.0056146125571315
0.0000000000000000
0.0000000000000000
0.0000000000000000
0.0000000000000000
0.0000000000000000
0.0000000000000000
0.0000000000000000
0.0000000000000000
0.0000000000000000
0.0000000000000000
0.0866900143109849
0.1434579907391186
0.1552198220209877
0.1428004314168682
0.0575533932795625
0.0000000000000000
0.0000000000000000
0.0370366721627080
0.0352109000853112
0.0317217850457408
0.0267770373783935
0.0206468483945932
0.0135858365422542
0.0056355459192971
0.0000000000000000
0.0000000000000000
0.0000000000000000
0.0000000000000000
0.0000000000000000
0.0000000000000000
0.0000000000000000
0.0000000000000000
0.0000000000000000
0.0000000000000000
0.0854584509056491
0.1430467519420698
0.1551468176799624
0.1428951239994041
0.0576445407302058
0.0000000000000000
0.0000000000000000
0.0370261139043585
0.0352123482021200
0.0317327282942710
0.0267943833240195
0.0206671853759390
0.0136057910283392
0.0056517773156250
0.0000000000000000
0.0000000000000000
0.0000000000000000
0.0000000000000000
0.0000000000000000
0.0000000000000000
0.0000000000000000
0.0000000000000000
0.0000000000000000
0.0000000000000000
0.0841765337935446
0.1426150925966403
0.1550615125844483
0.1429788795712239
0.0577298485632807
0.0000000000000000
0.0000000000000000
0.0370134014858629
0.0352114006357153
0.0317409804464795
0.0268086988885706
0.0206841041190495
0.0136218281431040
0.0056632758459843
0.0000000000000000
0.0000000000000000
0.0000000000000000
0.0000000000000000
0.0000000000000000
0.0000000000000000
0.0000000000000000
0.0000000000000000
0.0000000000000000
0.0000000000000000
0.0828438102214932
0.1421627904189306
0.1549637261351935
0.1430514731487685
0.0578091885726285
0.0000000000000000
0.0000000000000000
0.0184992595303517
0.0352080323204633
0.0317465095577600
0.0268199483705206
0.0206975685158115
0.0136339147218185
0.0056700123188517
0.0000000000000000
0.0000000000000000
0.0000000000000000
0.0000000000000000
0.0000000000000000
0.0000000000000000
0.0000000000000000
0.0000000000000000
0.0000000000000000
0.0000000000000000
0.0814598431487473
0.1416896146471914
0.1548532756603841
0.1431126805588733
0.0578824343594861
0.0000000000000000
0.0000000000000000
0.0184907256908287
0.0352022180852382
0.0317492839456889
0.0268280967178049
0.0207075434644349
0.0136420187756161
0.0056719588832349
0.0000000000000000
0.0000000000000000
0.0000000000000000
0.0000000000000000
0.0000000000000000
0.0000000000000000
0.0000000000000000
0.0000000000000000
0.0000000000000000
0.0000000000000000
0.0800242208216678
0.1411953267833399
0.1547299765109647
0.1431622781479482
0.0579494610469985
0.0000000000000000
0.0000000000000000
0.0184810908748041
0.0351939326121613
0.0317492721228013
0.0268331094389941
0.0207139947545169
0.0136461093521434
0.0056690888376112
0.0000000000000000
0.0000000000000000
0.0000000000000000
0.0000000000000000
0.0000000000000000
0.0000000000000000
0.0000000000000000
0.0000000000000000
0.0000000000000000
0.0000000000000000
0.0785365662930052
0.1406796810103630
0.1545936422582598
0.1432000428577519
0.0580101452950703
0.0000000000000000
0.0000000000000000
0.0184703466910971
0.0351831504511701
0.0317464428107113
0.0268349526119617
0.0207168890730483
0.0136461565269557
0.0056613766075848
0.0000000000000000
0.0000000000000000
0.0000000000000000
0.0000000000000000
0.0000000000000000
0.0000000000000000
0.0000000000000000
0.0000000000000000
0.0000000000000000
0.0000000000000000
0.0769965475447025
0.1401424244513410
0.1544440849980500
0.1432257525976004
0.0580643655060694
0.0000000000000000
0.0000000000000000
0.0184584845589982
0.0351698460784074
0.0317407650113261
0.0268335929680122
0.0207161940915905
0.0136421314954417
0.0056487978421636
0.0000000000000000
0.0000000000000000
0.0000000000000000
0.0000000000000000
0.0000000000000000
0.0000000000000000
0.0000000000000000
0.0000000000000000
0.0000000000000000
0.0000000000000000
0.0754038891795227
0.1395832975202845
0.1542811157591253
0.1432391867541913
0.0581120021351361
0.0000000000000000
0.0000000000000000
0.0184454957402378
0.0351539939817604
0.0317322081120097
0.0268289980092158
0.0207118785966102
0.0136340067018637
0.0056313295733670
0.0000000000000000
0.0000000000000000
0.0000000000000000
0.0000000000000000
0.0000000000000000
0.0000000000000000
0.0000000000000000
0.0000000000000000
0.0000000000000000
0.0000000000000000
0.0737583864771038
0.1390020345871634
0.1541045450027136
0.1432401266860834
0.0581529379474996
0.0000000000000000
0.0000000000000000
0.0000000000000000
0.0351355687475905
0.0317207419793067
0.0268211361098884
0.0207039125906562
0.0136217559454263
0.0056089503529157
0.0000000000000000
0.0000000000000000
0.0000000000000000
0.0000000000000000
0.0000000000000000
0.0000000000000000
0.0000000000000000
0.0000000000000000
0.0000000000000000
0.0000000000000000
0.0720599229612072
0.1383983652343955
0.1539141832018453
0.1432283560176219
0.0581870580955818
0.0000000000000000
0.0000000000000000
0.0000000000000000
0.0351145451260531
0.0317063370095117
0.0268099765503444
0.0206922673159010
0.0136053543851888
0.0055816402943351
0.0000000000000000
0.0000000000000000
0.0000000000000000
0.0000000000000000
0.0000000000000000
0.0000000000000000
0.0000000000000000
0.0000000000000000
0.0000000000000000
0.0000000000000000
0.0703084921307288
0.1377720162987460
0.1537098415092403
0.1432036606454816
0.0582142499287582
0.0000000000000000
0.0000000000000000
0.0000000000000000
0.0350908980611246
0.0316889641152623
0.0267954894676483
0.0206769151702163
0.0135847784309830
0.0055493809919076
0.0000000000000000
0.0000000000000000
0.0000000000000000
0.0000000000000000
0.0000000000000000
0.0000000000000000
0.0000000000000000
0.0000000000000000
0.0000000000000000
0.0000000000000000
0.0685042239081782
0.1371227148166449
0.1534913325712887
0.1431658285098278
0.0582344025830249
0.0000000000000000
0.0000000000000000
0.0000000000000000
0.0350646027040198
0.0316685946727574
0.0267776457449065
0.0206578295559426
0.0135600055537319
0.0055121553774374
0.0000000000000000
0.0000000000000000
0.0000000000000000
0.0000000000000000
0.0000000000000000
0.0000000000000000
0.0000000000000000
0.0000000000000000
0.0000000000000000
0.0000000000000000
0.0666474158489032
0.1364501918652054
0.1532584715957006
0.1431146493509974
0.0582474064859935
0.0000000000000000
0.0000000000000000
0.0000000000000000
0.0350356344411144
0.0316452004762405
0.0267564169085463
0.0206349847308096
0.0135310141056071
0.0054699476061062
0.0000000000000000
0.0000000000000000
0.0000000000000000
0.0000000000000000
0.0000000000000000
0.0000000000000000
0.0000000000000000
0.0000000000000000
0.0000000000000000
0.0000000000000000
0.0647385690939314
0.1357541872987189
0.1530110777683163
0.1430499146410978
0.0582531529405430
0.0000000000000000
0.0000000000000000
0.0000000000000000
0.0350039689689984
0.0316187537409771
0.0267317750734869
0.0206083557188340
0.0134977832062776
0.0054227430525816
0.0000000000000000
0.0000000000000000
0.0000000000000000
0.0000000000000000
0.0000000000000000
0.0000000000000000
0.0000000000000000
0.0000000000000000
0.0000000000000000
0.0000000000000000
0.0627784283697273
0.1350344550702645
0.1527489759714746
0.1429714177832016
0.0582515338275889
0.0000000000000000
0.0000000000000000
0.0000000000000000
0.0349695824049551
0.0315892271478980
0.0267036929387011
0.0205779182684230
0.0134602926806866
0.0053705283742525
0.0000000000000000
0.0000000000000000
0.0000000000000000
0.0000000000000000
0.0000000000000000
0.0000000000000000
0.0000000000000000
0.0000000000000000
0.0000000000000000
0.0000000000000000
0.0607680240454965
0.1342907684136068
0.1524719985002575
0.1428789544250589
0.0582424414212976
0.0000000000000000
0.0000000000000000
0.0000000000000000
0.0349324513832407
0.0315565938800594
0.0266721437728435
0.0205436488004832
0.0134185229653563
0.0053132915495283
0.0000000000000000
0.0000000000000000
0.0000000000000000
0.0000000000000000
0.0000000000000000
0.0000000000000000
0.0000000000000000
0.0000000000000000
0.0000000000000000
0.0000000000000000
0.0587087124230673
0.1335229234750757
0.1521799862658496
0.1427723227520445
0.0582257682813619
0.0000000000000000
0.0000000000000000
0.0000000000000000
0.0348925530767600
0.0315208276042276
0.0266371013535475
0.0205055242976620
0.0133724549403391
0.0052510218168075
0.0000000000000000
0.0000000000000000
0.0000000000000000
0.0000000000000000
0.0000000000000000
0.0000000000000000
0.0000000000000000
0.0000000000000000
0.0000000000000000
0.0000000000000000
0.0566022102513223
0.1327307398674835
0.1518727890314393
0.1426513237538657
0.0582014073781964
0.0000000000000000
0.0000000000000000
0.0000000000000000
0.0348498651369590
0.0314819024153719
0.0265985398995878
0.0204635222053845
0.0133220697544187
0.0051837096189686
0.0000000000000000
0.0000000000000000
0.0000000000000000
0.0000000000000000
0.0000000000000000
0.0000000000000000
0.0000000000000000
0.0000000000000000
0.0000000000000000
0.0000000000000000
0.0544506214103725
0.1319140574742643
0.1515502646377644
0.1425157617871391
0.0581692527055764
0.0000000000000000
0.0000000000000000
0.0000000000000000
0.0348043656265527
0.0314397928524884
0.0265564341363689
0.0204176205047297
0.0132673488626718
0.0051113468189663
0.0000000000000000
0.0000000000000000
0.0000000000000000
0.0000000000000000
0.0000000000000000
0.0000000000000000
0.0000000000000000
0.0000000000000000
0.0000000000000000
0.0000000000000000
0.0522564584278956
0.1310727302975367
0.1512122777317240
0.1423654458782355
0.0581292006482263
0.0000000000000000
0.0000000000000000
0.0000000000000000
0.0347560330776233
0.0313944741259738
0.0265107596533569
0.0203677981527213
0.0132082744883758
0.0050339274873778
0.0000000000000000
0.0000000000000000
0.0000000000000000
0.0000000000000000
0.0000000000000000
0.0000000000000000
0.0000000000000000
0.0000000000000000
0.0000000000000000
0.0000000000000000
0.0500226649346622
0.1302066196221641
0.1508586988344946
0.1422001920484722
0.0580811521143439
0.0000000000000000
0.0000000000000000
0.0000000000000000
0.0347048467722708
0.0313459226368346
0.0264614936170749
0.0203140359418349
0.0131448305903596
0.0049514493664373
0.0000000000000000
0.0000000000000000
0.0000000000000000
0.0000000000000000
0.0000000000000000
0.0000000000000000
0.0000000000000000
0.0000000000000000
0.0000000000000000
0.0000000000000000
0.0477526457829017
0.1293155887740971
0.1504894043625225
0.1420198264554666
0.0580250151142876
0.0000000000000000
0.0000000000000000
0.0000000000000000
0.0346507872370012
0.0312941167166994
0.0264086157281049
0.0202563176341415
0.0130770041466305
0.0048639158136042
0.0000000000000000
0.0000000000000000
0.0000000000000000
0.0000000000000000
0.0000000000000000
0.0000000000000000
0.0000000000000000
0.0000000000000000
0.0000000000000000
0.0000000000000000
0.0454503075928307
0.1283995005736778
0.1501042775547942
0.1418241886796028
0.0579607072098917
0.0000000000000000
0.0000000000000000
0.0000000000000000
0.0345938368074063
0.0312390373960831
0.0263521091646768
0.0201946310573854
0.0130047863911946
0.0047713377721469
0.0000000000000000
0.0000000000000000
0.0000000000000000
0.0000000000000000
0.0000000000000000
0.0000000000000000
0.0000000000000000
0.0000000000000000
0.0000000000000000
0.0000000000000000
0.0431201074965016
0.1274582167287986
0.1497032096225030
0.1416131342679456
0.0578881572930314
0.0000000000000000
0.0000000000000000
0.0000000000000000
0.0345339800733319
0.0311806689634358
0.0262919612438743
0.0201289688465669
0.0129281736314392
0.0046737353400654
0.0000000000000000
0.0000000000000000
0.0000000000000000
0.0000000000000000
0.0000000000000000
0.0000000000000000
0.0000000000000000
0.0000000000000000
0.0000000000000000
0.0000000000000000
0.0407671048379604
0.1264915975325579
0.1492861002843500
0.1413865359394545
0.0578073063804979
0.0000000000000000
0.0000000000000000
0.0000000000000000
0.0344712040658903
0.0311189991822569
0.0262281636515738
0.0200593286780559
0.0128471674697968
0.0045711387211129
0.0000000000000000
0.0000000000000000
0.0000000000000000
0.0000000000000000
0.0000000000000000
0.0000000000000000
0.0000000000000000
0.0000000000000000
0.0000000000000000
0.0000000000000000
0.0383970116394883
0.1254995006843326
0.1488528573062813
0.1411442833835284
0.0577181075025592
0.0000000000000000
0.0000000000000000
0.0000000000000000
0.0344054981811745
0.0310540191765533
0.0261607122816377
0.0199857130452151
0.0127617745004428
0.0044635886860594
0.0000000000000000
0.0000000000000000
0.0000000000000000
0.0000000000000000
0.0000000000000000
0.0000000000000000
0.0000000000000000
0.0000000000000000
0.0000000000000000
0.0000000000000000
0.0360162405040380
0.1244817794202435
0.1484033953178469
0.1408862820810507
0.0576205249627021
0.0000000000000000
0.0000000000000000
0.0000000000000000
0.0343368539431238
0.0309857231204205
0.0260896068406490
0.0199081287759780
0.0126720057155286
0.0043511368488275
0.0000000000000000
0.0000000000000000
0.0000000000000000
0.0000000000000000
0.0000000000000000
0.0000000000000000
0.0000000000000000
0.0000000000000000
0.0000000000000000
0.0000000000000000
0.0336319506415151
0.1234382810195778
0.1479376345610835
0.1406124517723455
0.0575145333282358
0.0000000000000000
0.0000000000000000
0.0000000000000000
0.0342652647382128
0.0309141078813714
0.0260148504010757
0.0198265864892403
0.0125778758548570
0.0042338460762160
0.0000000000000000
0.0000000000000000
0.0000000000000000
0.0000000000000000
0.0000000000000000
0.0000000000000000
0.0000000000000000
0.0000000000000000
0.0000000000000000
0.0000000000000000
0.0312520910383812
0.1223688467012417
0.1474555000827704
0.1403227250022729
0.0574001163951341
0.0000000000000000
0.0000000000000000
0.0000000000000000
0.0341907256011943
0.0308391727094921
0.0259364489947193
0.0197411001041897
0.0124794028208639
0.0041117912045187
0.0000000000000000
0.0000000000000000
0.0000000000000000
0.0000000000000000
0.0000000000000000
0.0000000000000000
