0.0000000000000000
0.0000000000000000
0.0000000000000000
0.0000000000000000
0.0255082811911644
0.0642141308168998
0.0942843397024445
0.1128720371800691
0.1190141871064942
0.1127276433902533
0.0949455469258024
0.0674893026367376
0.0000000000000000
0.0000000000000000
0.0000000000000000
0.0000000000000000
0.0000000000000000
0.0000000000000000
0.0000000000000000
0.0000000000000000
0.0000000000000000
0.0000000000000000
0.0000000000000000
0.0000000000000000
0.0000000000000000
0.0000000000000000
0.0000000000000000
0.0000000000000000
0.0251411450842254
0.0640185915537246
0.0942443623920295
0.1129671755412857
0.1192278940285685
0.1130415465492400
0.0953373363848215
0.0679324405677550
0.0000000000000000
0.0000000000000000
0.0000000000000000
0.0000000000000000
0.0000000000000000
0.0000000000000000
0.0000000000000000
0.0000000000000000
0.0000000000000000
0.0000000000000000
0.0000000000000000
0.0000000000000000
0.0000000000000000
0.0000000000000000
0.0000000000000000
0.0000000000000000
0.0247688518820324
0.0638299616919384
0.0942172812813861
0.1130777706436319
0.1194577830512255
0.1133712299991356
0.0957437832036312
0.0683886969992662
0.0000000000000000
0.0000000000000000
0.0000000000000000
0.0000000000000000
0.0000000000000000
0.0000000000000000
0.0000000000000000
0.0000000000000000
0.0000000000000000
0.0000000000000000
0.0000000000000000
0.0000000000000000
0.0000000000000000
0.0000000000000000
0.0000000000000000
0.0000000000000000
0.0243909745408861
0.0636480546976710
0.0942029650073515
0.1132036504046680
0.1197036173427836
0.1137163941334204
0.0961645391202188
0.0688576958250987
0.0000000000000000
0.0000000000000000
0.0000000000000000
0.0000000000000000
0.0000000000000000
0.0000000000000000
0.0000000000000000
0.0000000000000000
0.0000000000000000
0.0000000000000000
0.0000000000000000
0.0000000000000000
0.0000000000000000
0.0000000000000000
0.0000000000000000
0.0000000000000000
0.0240070500872829
0.0634726585270181
0.0942012639521903
0.1133446273343671
0.1199651469406787
0.1140767287025338
0.0965992479738279
0.0693390558944076
0.0000000000000000
0.0000000000000000
0.0000000000000000
0.0000000000000000
0.0000000000000000
0.0000000000000000
0.0000000000000000
0.0000000000000000
0.0000000000000000
0.0000000000000000
0.0000000000000000
0.0000000000000000
0.0000000000000000
0.0000000000000000
0.0000000000000000
0.0000000000000000
0.0236165828291909
0.0633035373340343
0.0942120117629230
0.1135004996645233
0.1202421094327774
0.1144519130548990
0.0970475455562523
0.0698323905204074
0.0000000000000000
0.0000000000000000
0.0000000000000000
0.0000000000000000
0.0000000000000000
0.0000000000000000
0.0000000000000000
0.0000000000000000
0.0000000000000000
0.0000000000000000
0.0000000000000000
0.0000000000000000
0.0000000000000000
0.0000000000000000
0.0000000000000000
0.0000000000000000
0.0232190471327406
0.0631404324809812
0.0942350263552243
0.1136710521574539
0.1205342305535985
0.1148416165174722
0.0975090597815096
0.0703373074963370
0.0000000000000000
0.0000000000000000
0.0000000000000000
0.0000000000000000
0.0000000000000000
0.0000000000000000
0.0000000000000000
0.0000000000000000
0.0000000000000000
0.0000000000000000
0.0000000000000000
0.0000000000000000
0.0000000000000000
0.0000000000000000
0.0000000000000000
0.0000000000000000
0.0228138899499028
0.0629830629303598
0.0942701104083225
0.1138560565860014
0.1208412246223097
0.1152454987952665
0.0979834110569541
0.0708534094043176
0.0000000000000000
0.0000000000000000
0.0000000000000000
0.0000000000000000
0.0000000000000000
0.0000000000000000
0.0000000000000000
0.0000000000000000
0.0000000000000000
0.0000000000000000
0.0000000000000000
0.0000000000000000
0.0000000000000000
0.0000000000000000
0.0000000000000000
0.0000000000000000
0.0224005333653735
0.0628311251505203
0.0943170514443282
0.1140552718689068
0.1211627947524355
0.1156632102561054
0.0984702126232850
0.0713802940241786
0.0000000000000000
0.0000000000000000
0.0000000000000000
0.0000000000000000
0.0000000000000000
0.0000000000000000
0.0000000000000000
0.0000000000000000
0.0000000000000000
0.0000000000000000
0.0000000000000000
0.0000000000000000
0.0000000000000000
0.0000000000000000
0.0000000000000000
0.0000000000000000
0.0219783775786997
0.0626842928065009
0.0943756216277911
0.1142684439495254
0.1214986328199038
0.1160943919996140
0.0989690707284722
0.0719175545644384
0.0000000000000000
0.0000000000000000
0.0000000000000000
0.0000000000000000
0.0000000000000000
0.0000000000000000
0.0000000000000000
0.0000000000000000
0.0000000000000000
0.0000000000000000
0.0000000000000000
0.0000000000000000
0.0000000000000000
0.0000000000000000
0.0000000000000000
0.0000000000000000
0.0215468046887501
0.0625422165251933
0.0944455775547694
0.1144953055543465
0.1218484192391221
0.1165386756709484
0.0994795844700700
0.0724647795472854
0.0000000000000000
0.0000000000000000
0.0000000000000000
0.0000000000000000
0.0000000000000000
0.0000000000000000
0.0000000000000000
0.0000000000000000
0.0000000000000000
0.0000000000000000
0.0000000000000000
0.0000000000000000
0.0000000000000000
0.0000000000000000
0.0000000000000000
0.0000000000000000
0.0211051837979058
0.0624045241062662
0.0945266602702035
0.1147355760234488
0.1222118226326206
0.1169956829938445
0.1000013452229635
0.0730215521352083
0.0000000000000000
0.0000000000000000
0.0000000000000000
0.0000000000000000
0.0000000000000000
0.0000000000000000
0.0000000000000000
0.0000000000000000
0.0000000000000000
0.0000000000000000
0.0000000000000000
0.0000000000000000
0.0000000000000000
0.0000000000000000
0.0000000000000000
0.0000000000000000
0.0206528777281946
0.0622708214145168
0.0946185957465860
0.1149889613365198
0.1225884994609955
0.1174650250480325
0.1005339355990825
0.0735874488468793
0.0000000000000000
0.0000000000000000
0.0000000000000000
0.0000000000000000
0.0000000000000000
0.0000000000000000
0.0000000000000000
0.0000000000000000
0.0000000000000000
0.0000000000000000
0.0000000000000000
0.0000000000000000
0.0000000000000000
0.0000000000000000
0.0000000000000000
0.0000000000000000
0.0201892515499988
0.0621406939796935
0.0947210957610006
0.1152551543080334
0.1229780935834419
0.1179463012569216
0.1010769279521878
0.0741620376724436
0.0000000000000000
0.0000000000000000
0.0000000000000000
0.0000000000000000
0.0000000000000000
0.0000000000000000
0.0000000000000000
0.0000000000000000
0.0000000000000000
0.0000000000000000
0.0000000000000000
0.0000000000000000
0.0000000000000000
0.0000000000000000
0.0000000000000000
0.0000000000000000
0.0197136828712159
0.0620137090478550
0.0948338589617700
0.1155338347381184
0.1233802356101770
0.1184390980372889
0.1016298824271592
0.0747448756817445
0.0000000000000000
0.0000000000000000
0.0000000000000000
0.0000000000000000
0.0000000000000000
0.0000000000000000
0.0000000000000000
0.0000000000000000
0.0000000000000000
0.0000000000000000
0.0000000000000000
0.0000000000000000
0.0000000000000000
0.0000000000000000
0.0000000000000000
0.0000000000000000
0.0192255738535544
0.0618894178623757
0.0949565718461037
0.1158246693430804
0.1237945419397496
0.1189429870843524
0.1021923446461448
0.0753355062561406
0.0000000000000000
0.0000000000000000
0.0000000000000000
0.0000000000000000
0.0000000000000000
0.0000000000000000
0.0000000000000000
0.0000000000000000
0.0000000000000000
0.0000000000000000
0.0000000000000000
0.0000000000000000
0.0000000000000000
0.0000000000000000
0.0000000000000000
0.0000000000000000
0.0187243648482359
0.0617673579992862
0.0950889096426556
0.1161273115317976
0.1242206136703326
0.1194575235765769
0.1027638433536241
0.0759334563584356
0.0000000000000000
0.0000000000000000
0.0000000000000000
0.0000000000000000
0.0000000000000000
0.0000000000000000
0.0000000000000000
0.0000000000000000
0.0000000000000000
0.0000000000000000
0.0000000000000000
0.0000000000000000
0.0000000000000000
0.0000000000000000
0.0000000000000000
0.0000000000000000
0.0182095493185968
0.0616470557853238
0.0952305373543768
0.1164414015215273
0.1246580360039077
0.1199822450220818
0.1033438888332834
0.0765382346279129
0.0000000000000000
0.0000000000000000
0.0000000000000000
0.0000000000000000
0.0000000000000000
0.0000000000000000
0.0000000000000000
0.0000000000000000
0.0000000000000000
0.0000000000000000
0.0000000000000000
0.0000000000000000
0.0000000000000000
0.0000000000000000
0.0000000000000000
0.0000000000000000
0.0176806891613576
0.0615280285578881
0.0953811112466606
0.1167665673592196
0.1251063789600747
0.1205166717289767
0.1039319731707753
0.0771493314856219
0.0000000000000000
0.0000000000000000
0.0000000000000000
0.0000000000000000
0.0000000000000000
0.0000000000000000
0.0000000000000000
0.0000000000000000
0.0000000000000000
0.0000000000000000
0.0000000000000000
0.0000000000000000
0.0000000000000000
0.0000000000000000
0.0000000000000000
0.0000000000000000
0.0171374292982220
0.0614097861266783
0.0955402806004932
0.1171024270298716
0.1255651998102321
0.1210603095044863
0.1045275731332263
0.0777662220647777
0.0000000000000000
0.0000000000000000
0.0000000000000000
0.0000000000000000
0.0000000000000000
0.0000000000000000
0.0000000000000000
0.0000000000000000
0.0000000000000000
0.0000000000000000
0.0000000000000000
0.0000000000000000
0.0000000000000000
0.0000000000000000
0.0000000000000000
0.0000000000000000
0.0165795106807171
0.0612918305695161
0.0957076889965665
0.1174485909941147
0.1260340467125031
0.1216126541993612
0.1051301553876406
0.0783883718618843
0.0000000000000000
0.0000000000000000
0.0000000000000000
0.0000000000000000
0.0000000000000000
0.0000000000000000
0.0000000000000000
0.0000000000000000
0.0000000000000000
0.0000000000000000
0.0000000000000000
0.0000000000000000
0.0000000000000000
0.0000000000000000
0.0000000000000000
0.0000000000000000
0.0160067821745687
0.0611736536773495
0.0958829740528368
0.1178046638903017
0.1265124621422303
0.1221731966236277
0.1057391826160231
0.0790152436593361
0.0000000000000000
0.0000000000000000
0.0000000000000000
0.0000000000000000
0.0000000000000000
0.0000000000000000
0.0000000000000000
0.0000000000000000
0.0000000000000000
0.0000000000000000
0.0000000000000000
0.0000000000000000
0.0000000000000000
0.0000000000000000
0.0000000000000000
0.0000000000000000
0.0154192130088253
0.0610547323211676
0.0960657650456534
0.1181702442580726
0.1269999846057477
0.1227414260677041
0.1063541185448288
0.0796463037050070
0.0000000000000000
0.0000000000000000
0.0000000000000000
0.0000000000000000
0.0000000000000000
0.0000000000000000
0.0000000000000000
0.0000000000000000
0.0000000000000000
0.0000000000000000
0.0000000000000000
0.0000000000000000
0.0000000000000000
0.0000000000000000
0.0000000000000000
0.0000000000000000
0.0148169081422381
0.0609345228154403
0.0962556787683843
0.1185449221220691
0.1274961480225420
0.1233168314260102
0.1069744306386241
0.0802810256377927
0.0000000000000000
0.0000000000000000
0.0000000000000000
0.0000000000000000
0.0000000000000000
0.0000000000000000
0.0000000000000000
0.0000000000000000
0.0000000000000000
0.0000000000000000
0.0000000000000000
0.0000000000000000
0.0000000000000000
0.0000000000000000
0.0000000000000000
0.0000000000000000
0.0142001280828350
0.0608124558608510
0.0964523149292630
0.1189282754681149
0.1280004795302194
0.1238989003882063
0.1075995905781125
0.0809188920684229
0.0000000000000000
0.0000000000000000
0.0000000000000000
0.0000000000000000
0.0000000000000000
0.0000000000000000
0.0000000000000000
0.0000000000000000
0.0000000000000000
0.0000000000000000
0.0000000000000000
0.0000000000000000
0.0000000000000000
0.0000000000000000
0.0000000000000000
0.0000000000000000
0.0135693132452353
0.0606879331965051
0.0966552526732222
0.1193198672977196
0.1285124973455670
0.1244871181946394
0.1082290738851996
0.0815593949267336
0.0000000000000000
0.0000000000000000
0.0000000000000000
0.0000000000000000
0.0000000000000000
0.0000000000000000
0.0000000000000000
0.0000000000000000
0.0000000000000000
0.0000000000000000
0.0000000000000000
0.0000000000000000
0.0000000000000000
0.0000000000000000
0.0000000000000000
0.0000000000000000
0.0129251116773218
0.0605603263052679
0.0968640491649967
0.1197192445357147
0.1290317101083662
0.1250809674248445
0.1088623600964932
0.0822020359470042
0.0000000000000000
0.0000000000000000
0.0000000000000000
0.0000000000000000
0.0000000000000000
0.0000000000000000
0.0000000000000000
0.0000000000000000
0.0000000000000000
0.0000000000000000
0.0000000000000000
0.0000000000000000
0.0000000000000000
0.0000000000000000
0.0000000000000000
0.0000000000000000
0.0122684088457448
0.0604289767448952
0.0970782402717622
0.1201259390044138
0.1295576180533609
0.1256799292596869
0.1094989340172344
0.0828463278096817
0.0000000000000000
0.0000000000000000
0.0000000000000000
0.0000000000000000
0.0000000000000000
0.0000000000000000
0.0000000000000000
0.0000000000000000
0.0000000000000000
0.0000000000000000
0.0000000000000000
0.0000000000000000
0.0000000000000000
0.0000000000000000
0.0000000000000000
0.0000000000000000
0.0116003587335605
0.0602931974785671
0.0972973425461288
0.1205394696912541
0.1300897152716705
0.1262834855550845
0.1101382874788965
0.0834917955304242
0.0000000000000000
0.0000000000000000
0.0000000000000000
0.0000000000000000
0.0000000000000000
0.0000000000000000
0.0000000000000000
0.0000000000000000
0.0000000000000000
0.0000000000000000
0.0000000000000000
0.0000000000000000
0.0000000000000000
0.0000000000000000
0.0000000000000000
0.0000000000000000
0.0109224161330849
0.0601522747072776
0.0975208556464781
0.1209593452293600
0.1306274919548286
0.1268911206608040
0.1107799206431695
0.0841379772066409
0.0000000000000000
0.0000000000000000
0.0000000000000000
0.0000000000000000
0.0000000000000000
0.0000000000000000
0.0000000000000000
0.0000000000000000
0.0000000000000000
0.0000000000000000
0.0000000000000000
0.0000000000000000
0.0000000000000000
0.0000000000000000
0.0000000000000000
0.0000000000000000
0.0102363696463332
0.0600054700611714
0.0977482646193432
0.1213850659391998
0.1311704359490745
0.1275023223761045
0.1114233423125120
0.0847844237407453
0.0000000000000000
0.0000000000000000
0.0000000000000000
0.0000000000000000
0.0000000000000000
0.0000000000000000
0.0000000000000000
0.0000000000000000
0.0000000000000000
0.0000000000000000
0.0000000000000000
0.0000000000000000
