0.0000000000000000
0.0000000000000000
0.0000000000000000
0.0000000000000000
0.0000000000000000
0.0000000000000000
0.0000000000000000
0.0000000000000000
0.0000000000000000
0.0353942485118071
0.0388923515733777
0.0815257718933272
0.1169727098005069
0.1415641950738765
0.1520765019914913
0.1454082880158177
0.1173043656361656
0.0582955799924415
0.0000000000000000
0.0000000000000000
0.0000000000000000
0.0000000000000000
0.0000000000000000
0.0000000000000000
0.0000000000000000
0.0000000000000000
0.0000000000000000
0.0000000000000000
0.0000000000000000
0.0000000000000000
0.0000000000000000
0.0000000000000000
0.0000000000000000
0.0353572068887741
0.0386205050336987
0.0813189200144266
0.1168549448108951
0.1415510305787604
0.1521739364146462
0.1456113292068763
0.1175926355640915
0.0586015193395057
0.0000000000000000
0.0000000000000000
0.0000000000000000
0.0000000000000000
0.0000000000000000
0.0000000000000000
0.0000000000000000
0.0000000000000000
0.0000000000000000
0.0000000000000000
0.0000000000000000
0.0000000000000000
0.0000000000000000
0.0000000000000000
0.0000000000000000
0.0353182732803342
0.0383589575578692
0.0811231488056995
0.1167482622454812
0.1415478633822281
0.1522787195544021
0.1458164493134096
0.1178720009352856
0.0588726146849706
0.0000000000000000
0.0000000000000000
0.0000000000000000
0.0000000000000000
0.0000000000000000
0.0000000000000000
0.0000000000000000
0.0000000000000000
0.0000000000000000
0.0000000000000000
0.0000000000000000
0.0000000000000000
0.0000000000000000
0.0000000000000000
0.0000000000000000
0.0352774575672731
0.0381079462918271
0.0809386217602419
0.1166527347336216
0.1415546658302730
0.1523907225318666
0.1460234258592152
0.1181421574566819
0.0591084087500159
0.0000000000000000
0.0000000000000000
0.0000000000000000
0.0000000000000000
0.0000000000000000
0.0000000000000000
0.0000000000000000
0.0000000000000000
0.0000000000000000
0.0000000000000000
0.0000000000000000
0.0000000000000000
0.0000000000000000
0.0000000000000000
0.0000000000000000
0.0352347687512881
0.0378676962419112
0.0807654885396764
0.1165684202003496
0.1415713953914471
0.1525098016848013
0.1462320203804155
0.1184027761807216
0.0593083904455074
0.0000000000000000
0.0000000000000000
0.0000000000000000
0.0000000000000000
0.0000000000000000
0.0000000000000000
0.0000000000000000
0.0000000000000000
0.0000000000000000
0.0000000000000000
0.0000000000000000
0.0000000000000000
0.0000000000000000
0.0000000000000000
0.0000000000000000
0.0351902150280677
0.0376384219722371
0.0806038865744936
0.1164953631868049
0.1415979955848770
0.1526357989600326
0.1464419780927375
0.1186535020511586
0.0594719910599638
0.0000000000000000
0.0000000000000000
0.0000000000000000
0.0000000000000000
0.0000000000000000
0.0000000000000000
0.0000000000000000
0.0000000000000000
0.0000000000000000
0.0000000000000000
0.0000000000000000
0.0000000000000000
0.0000000000000000
0.0000000000000000
0.0000000000000000
0.0351438038219992
0.0374203284662080
0.0804539418696497
0.1164335955754137
0.1416343965345216
0.1527685422157059
0.1466530278263134
0.1188939532068498
0.0595985820283517
0.0000000000000000
0.0000000000000000
0.0000000000000000
0.0000000000000000
0.0000000000000000
0.0000000000000000
0.0000000000000000
0.0000000000000000
0.0000000000000000
0.0000000000000000
0.0000000000000000
0.0000000000000000
0.0000000000000000
0.0000000000000000
0.0000000000000000
0.0350955417963105
0.0372136112111003
0.0803157691639316
0.1163831367601405
0.1416805151523416
0.1529078453983425
0.1468648821400005
0.1191237208518063
0.0596874741652754
0.0000000000000000
0.0000000000000000
0.0000000000000000
0.0000000000000000
0.0000000000000000
0.0000000000000000
0.0000000000000000
0.0000000000000000
0.0000000000000000
0.0000000000000000
0.0000000000000000
0.0000000000000000
0.0000000000000000
0.0000000000000000
0.0000000000000000
0.0350454348573392
0.0370184558094536
0.0801894715809895
0.1163439934199242
0.1417362550413914
0.1530535085752691
0.1470772374794989
0.1193423694863337
0.0597379178777805
0.0000000000000000
0.0000000000000000
0.0000000000000000
0.0000000000000000
0.0000000000000000
0.0000000000000000
0.0000000000000000
0.0000000000000000
0.0000000000000000
0.0000000000000000
0.0000000000000000
0.0000000000000000
0.0000000000000000
0.0000000000000000
0.0000000000000000
0.0349934881741176
0.0368351605483417
0.0800751401146916
0.1163161591011010
0.1418015062238810
0.1532053178473006
0.1472897742907706
0.1195494371589916
0.0597491038596080
0.0000000000000000
0.0000000000000000
0.0000000000000000
0.0000000000000000
0.0000000000000000
0.0000000000000000
0.0000000000000000
0.0000000000000000
0.0000000000000000
0.0000000000000000
0.0000000000000000
0.0000000000000000
0.0000000000000000
0.0000000000000000
0.0000000000000000
0.0349397062305985
0.0367948747825659
0.0799728532462288
0.1162996139150117
0.1418761449145056
0.1533630452002876
0.1475021569548884
0.1197444354548299
0.0597201634960558
0.0000000000000000
0.0000000000000000
0.0000000000000000
0.0000000000000000
0.0000000000000000
0.0000000000000000
0.0000000000000000
0.0000000000000000
0.0000000000000000
0.0000000000000000
0.0000000000000000
0.0000000000000000
0.0000000000000000
0.0000000000000000
0.0000000000000000
0.0348840929308835
0.0367525615279024
0.0798826770963612
0.1162943246156184
0.1419600335079759
0.1535264483694303
0.1477140334818696
0.1199268488454554
0.0596501683398400
0.0000000000000000
0.0000000000000000
0.0000000000000000
0.0000000000000000
0.0000000000000000
0.0000000000000000
0.0000000000000000
0.0000000000000000
0.0000000000000000
0.0000000000000000
0.0000000000000000
0.0000000000000000
0.0000000000000000
0.0000000000000000
0.0000000000000000
0.0348266517635179
0.0367082125587279
0.0798046662628398
0.1163002452394433
0.1420530208984918
0.1536952707521561
0.1479250349173324
0.1200961333460651
0.0595381283873406
0.0000000000000000
0.0000000000000000
0.0000000000000000
0.0000000000000000
0.0000000000000000
0.0000000000000000
0.0000000000000000
0.0000000000000000
0.0000000000000000
0.0000000000000000
0.0000000000000000
0.0000000000000000
0.0000000000000000
0.0000000000000000
0.0000000000000000
0.0347673860307476
0.0366618195176959
0.0797388652448470
0.1163173181511672
0.1421549430310354
0.1538692413353301
0.1481347745120743
0.1202517145967562
0.0593829896831126
0.0000000000000000
0.0000000000000000
0.0000000000000000
0.0000000000000000
0.0000000000000000
0.0000000000000000
0.0000000000000000
0.0000000000000000
0.0000000000000000
0.0000000000000000
0.0000000000000000
0.0000000000000000
0.0000000000000000
0.0000000000000000
0.0000000000000000
0.0347062991361923
0.0366133741172933
0.0796853100833506
0.1163454752408321
0.1422656234743055
0.1540480745348177
0.1483428467222441
0.1203929857470311
0.0591836320575620
0.0000000000000000
0.0000000000000000
0.0000000000000000
0.0000000000000000
0.0000000000000000
0.0000000000000000
0.0000000000000000
0.0000000000000000
0.0000000000000000
0.0000000000000000
0.0000000000000000
0.0000000000000000
0.0000000000000000
0.0000000000000000
0.0000000000000000
0.0346433949261152
0.0365628683885310
0.0796440299055656
0.1163846389607689
0.1423848738401839
0.1542314699070538
0.1485488261506695
0.1205193054268329
0.0589388678061087
0.0000000000000000
0.0000000000000000
0.0000000000000000
0.0000000000000000
0.0000000000000000
0.0000000000000000
0.0000000000000000
0.0000000000000000
0.0000000000000000
0.0000000000000000
0.0000000000000000
0.0000000000000000
0.0000000000000000
0.0000000000000000
0.0000000000000000
0.0345786780507063
0.0365102949553467
0.0796150482444032
0.1164347232219956
0.1425124941215092
0.1544191118673143
0.1487522666043676
0.1206299959669907
0.0586474411218058
0.0000000000000000
0.0000000000000000
0.0000000000000000
0.0000000000000000
0.0000000000000000
0.0000000000000000
0.0000000000000000
0.0000000000000000
0.0000000000000000
0.0000000000000000
0.0000000000000000
0.0000000000000000
0.0000000000000000
0.0000000000000000
0.0000000000000000
0.0345121542694108
0.0364556472678700
0.0795983842627996
0.1164956343101153
0.1426482732258973
0.1546106697577446
0.1489527005970577
0.1207243419397825
0.0583080277900758
0.0000000000000000
0.0000000000000000
0.0000000000000000
0.0000000000000000
0.0000000000000000
0.0000000000000000
0.0000000000000000
0.0000000000000000
0.0000000000000000
0.0000000000000000
0.0000000000000000
0.0000000000000000
0.0000000000000000
0.0000000000000000
0.0000000000000000
0.0344438305811917
0.0363989196996344
0.0795940537574941
0.1165672719127137
0.1427919899212563
0.1548057986012902
0.1491496396706750
0.1208015893238786
0.0579192347785124
0.0000000000000000
0.0000000000000000
0.0000000000000000
0.0000000000000000
0.0000000000000000
0.0000000000000000
0.0000000000000000
0.0000000000000000
0.0000000000000000
0.0000000000000000
0.0000000000000000
0.0000000000000000
0.0000000000000000
0.0000000000000000
0.0000000000000000
0.0343737150782259
0.0363401074378511
0.0796020695126296
0.1166495298865645
0.1429434140167081
0.1550041405695109
0.1493425758197325
0.1208609457789477
0.0574796007893696
0.0000000000000000
0.0000000000000000
0.0000000000000000
0.0000000000000000
0.0000000000000000
0.0000000000000000
0.0000000000000000
0.0000000000000000
0.0000000000000000
0.0000000000000000
0.0000000000000000
0.0000000000000000
0.0000000000000000
0.0000000000000000
0.0000000000000000
0.0343018165126275
0.0362792061849014
0.0796224401168062
0.1167422960030618
0.1431023071099585
0.1552053267068705
0.1495309838897314
0.1209015826704980
0.0569876000292669
0.0000000000000000
0.0000000000000000
0.0000000000000000
0.0000000000000000
0.0000000000000000
0.0000000000000000
0.0000000000000000
0.0000000000000000
0.0000000000000000
0.0000000000000000
0.0000000000000000
0.0000000000000000
0.0000000000000000
0.0000000000000000
0.0000000000000000
0.0342281437054752
0.0362162117926707
0.0796551666503599
0.1168454498954882
0.1432684221093108
0.1554089781576038
0.1497143244627987
0.1209226389911895
0.0564416516682769
0.0000000000000000
0.0000000000000000
0.0000000000000000
0.0000000000000000
0.0000000000000000
0.0000000000000000
0.0000000000000000
0.0000000000000000
0.0000000000000000
0.0000000000000000
0.0000000000000000
0.0000000000000000
0.0000000000000000
0.0000000000000000
0.0000000000000000
0.0341527050024108
0.0361511199987437
0.0797002373278831
0.1169588591249577
0.1434415011442816
0.1556147063131543
0.1498920465364154
0.1209232267914724
0.0558401358328112
0.0000000000000000
0.0000000000000000
0.0000000000000000
0.0000000000000000
0.0000000000000000
0.0000000000000000
0.0000000000000000
0.0000000000000000
0.0000000000000000
0.0000000000000000
0.0000000000000000
0.0000000000000000
0.0000000000000000
0.0000000000000000
0.0000000000000000
0.0340755079509123
0.0360839263714367
0.0797576211735423
0.1170823741102764
0.1436212723292351
0.1558221118985564
0.1500635895389414
0.1209024370229022
0.0551814145759068
0.0000000000000000
0.0000000000000000
0.0000000000000000
0.0000000000000000
0.0000000000000000
0.0000000000000000
0.0000000000000000
0.0000000000000000
0.0000000000000000
0.0000000000000000
0.0000000000000000
0.0000000000000000
0.0000000000000000
0.0000000000000000
0.0000000000000000
0.0339965592257358
0.0360146264432569
0.0798272622873022
0.1172158233838659
0.1438074464617254
0.1560307836518052
0.1502283846355530
0.1208593445902553
0.0544638541527298
0.0000000000000000
0.0000000000000000
0.0000000000000000
0.0000000000000000
0.0000000000000000
0.0000000000000000
0.0000000000000000
0.0000000000000000
0.0000000000000000
0.0000000000000000
0.0000000000000000
0.0000000000000000
0.0000000000000000
0.0000000000000000
0.0000000000000000
0.0339158646948230
0.0359432158990103
0.0799090760708333
0.1173590104515355
0.1439997148700041
0.1562402974686548
0.1503858556066153
0.1207930116561908
0.0536858451118108
0.0000000000000000
0.0000000000000000
0.0000000000000000
0.0000000000000000
0.0000000000000000
0.0000000000000000
0.0000000000000000
0.0000000000000000
0.0000000000000000
0.0000000000000000
0.0000000000000000
0.0000000000000000
0.0000000000000000
0.0000000000000000
0.0000000000000000
0.0338334294696992
0.0358696906770600
0.0800029479183513
0.1175117128980029
0.1441977489972761
0.1564502165566089
0.1505354196136212
0.1207024888817859
0.0528458183264910
0.0000000000000000
0.0000000000000000
0.0000000000000000
0.0000000000000000
0.0000000000000000
0.0000000000000000
0.0000000000000000
0.0000000000000000
0.0000000000000000
0.0000000000000000
0.0000000000000000
0.0000000000000000
0.0000000000000000
0.0000000000000000
0.0000000000000000
0.0337492578633085
0.0357940469282192
0.0801087340845688
0.1176736834380168
0.1444012015618758
0.1566600925252215
0.1506764879088649
0.1205868148323118
0.0519422580038265
0.0000000000000000
0.0000000000000000
0.0000000000000000
0.0000000000000000
0.0000000000000000
0.0000000000000000
0.0000000000000000
0.0000000000000000
0.0000000000000000
0.0000000000000000
0.0000000000000000
0.0000000000000000
0.0000000000000000
0.0000000000000000
0.0000000000000000
0.0336633532916094
0.0357558398502619
0.0802262638544759
0.1178446521316235
0.1446097085693613
0.1568694669036863
0.1508084663464165
0.1204450141104097
0.0509737142783422
0.0000000000000000
0.0000000000000000
0.0000000000000000
0.0000000000000000
0.0000000000000000
0.0000000000000000
0.0000000000000000
0.0000000000000000
0.0000000000000000
0.0000000000000000
0.0000000000000000
0.0000000000000000
0.0000000000000000
0.0000000000000000
0.0000000000000000
0.0335757182172846
0.0358317094846971
0.0803553422966933
0.1180243289617449
0.1448228914712514
0.1570778725448818
0.1509307555075875
0.1202760947899329
0.0499388183885754
0.0000000000000000
0.0000000000000000
0.0000000000000000
0.0000000000000000
0.0000000000000000
0.0000000000000000
0.0000000000000000
0.0000000000000000
0.0000000000000000
0.0000000000000000
0.0000000000000000
0.0000000000000000
0.0000000000000000
0.0000000000000000
0.0000000000000000
0.0334863541968610
0.0359207836983016
0.0804957530644400
0.1182124063423911
0.1450403590880811
0.1572848346832169
0.1510427504353242
0.1200790455453025
0.0488363023969128
0.0000000000000000
0.0000000000000000
0.0000000000000000
0.0000000000000000
0.0000000000000000
0.0000000000000000
