0.0000000000000000
0.0000000000000000
0.0000000000000000
0.0000000000000000
0.0000000000000000
0.0000000000000000
0.0000000000000000
0.0000000000000000
0.1149132913086510
0.0775485109580591
0.0371092546319661
0.0370451076482435
0.0352071029203028
0.0317082076911414
0.0267567228778967
0.0206231540831726
0.0135620190750983
0.0056146265691414
0.0000000000000000
0.0000000000000000
0.0000000000000000
0.0000000000000000
0.0000000000000000
0.0000000000000000
0.0000000000000000
0.0000000000000000
0.0000000000000000
0.0000000000000000
0.0000000000000000
0.0000000000000000
0.0000000000000000
0.0000000000000000
0.1151070038885492
0.0777791917748808
0.0370869205056854
0.0370366884384256
0.0352109216959154
0.0317218097309521
0.0267770627242333
0.0206468720378415
0.0135858564153262
0.0056355600780912
0.0000000000000000
0.0000000000000000
0.0000000000000000
0.0000000000000000
0.0000000000000000
0.0000000000000000
0.0000000000000000
0.0000000000000000
0.0000000000000000
0.0000000000000000
0.0000000000000000
0.0000000000000000
0.0000000000000000
0.0000000000000000
0.1152892984829605
0.0779970642608273
0.0370626103819453
0.0370261302011226
0.0352123698544552
0.0317327530425370
0.0267944087537003
0.0206672091225874
0.0136058110244606
0.0056517916275164
0.0000000000000000
0.0000000000000000
0.0000000000000000
0.0000000000000000
0.0000000000000000
0.0000000000000000
0.0000000000000000
0.0000000000000000
0.0000000000000000
0.0000000000000000
0.0000000000000000
0.0000000000000000
0.0000000000000000
0.0000000000000000
0.1154599138513556
0.0782018612572771
0.0370363210454744
0.0370134178096055
0.0352114223357371
0.0317410052636946
0.0268087244078819
0.0206841279748402
0.0136218482682896
0.0056632903172210
0.0000000000000000
0.0000000000000000
0.0000000000000000
0.0000000000000000
0.0000000000000000
0.0000000000000000
0.0000000000000000
0.0000000000000000
0.0000000000000000
0.0000000000000000
0.0000000000000000
0.0000000000000000
0.0000000000000000
0.0000000000000000
0.1156185935815853
0.0783933235902684
0.0370080486042819
0.0369985357585365
0.0352080540741022
0.0317465344497748
0.0268199739851913
0.0206975924864130
0.0136339349820035
0.0056700269556125
0.0000000000000000
0.0000000000000000
0.0000000000000000
0.0000000000000000
0.0000000000000000
0.0000000000000000
0.0000000000000000
0.0000000000000000
0.0000000000000000
0.0000000000000000
0.0000000000000000
0.0000000000000000
0.0000000000000000
0.0000000000000000
0.1157650848762738
0.0785711985340598
0.0369777885063138
0.0369814681216922
0.0352022398983967
0.0317493089183076
0.0268281224335009
0.0207075675554399
0.0136420391766561
0.0056719736916263
0.0000000000000000
0.0000000000000000
0.0000000000000000
0.0000000000000000
0.0000000000000000
0.0000000000000000
0.0000000000000000
0.0000000000000000
0.0000000000000000
0.0000000000000000
0.0000000000000000
0.0000000000000000
0.0000000000000000
0.0000000000000000
0.1158991379818441
0.0787352390885729
0.0369455355512259
0.0369621985378881
0.0351939544907104
0.0317492971817784
0.0268331352613160
0.0207140189714411
0.0136461298998148
0.0056691038236632
0.0000000000000000
0.0000000000000000
0.0000000000000000
0.0000000000000000
0.0000000000000000
0.0000000000000000
0.0000000000000000
0.0000000000000000
0.0000000000000000
0.0000000000000000
0.0000000000000000
0.0000000000000000
0.0000000000000000
0.0000000000000000
0.1160205062182216
0.0788852039411701
0.0369112839026550
0.0369407102247448
0.0351831724009466
0.0317464679617493
0.0268349785464423
0.0207169134213287
0.0136461772269564
0.0056613917772471
0.0000000000000000
0.0000000000000000
0.0000000000000000
0.0000000000000000
0.0000000000000000
0.0000000000000000
0.0000000000000000
0.0000000000000000
0.0000000000000000
0.0000000000000000
0.0000000000000000
0.0000000000000000
0.0000000000000000
0.0716129485330698
0.1161289463902412
0.0790208579265249
0.0368750271119651
0.0369169860208230
0.0351698681052111
0.0317407902600723
0.0268336190201145
0.0207162185765841
0.0136421523533915
0.0056488132013004
0.0000000000000000
0.0000000000000000
0.0000000000000000
0.0000000000000000
0.0000000000000000
0.0000000000000000
0.0000000000000000
0.0000000000000000
0.0000000000000000
0.0000000000000000
0.0000000000000000
0.0000000000000000
0.0000000000000000
0.0716196653395311
0.1162242194082655
0.0791419726905965
0.0368367581597386
0.0368910084495595
0.0351540160913505
0.0317322334640538
0.0268290241843302
0.0207119032235929
0.0136340277233053
0.0056313451277524
0.0000000000000000
0.0000000000000000
0.0000000000000000
0.0000000000000000
0.0000000000000000
0.0000000000000000
0.0000000000000000
0.0000000000000000
0.0000000000000000
0.0000000000000000
0.0000000000000000
0.0000000000000000
0.0000000000000000
0.0716201350388635
0.1163060908028157
0.0792483272466075
0.0369017197931069
0.0368627597967120
0.0351355909456826
0.0317207674401778
0.0268211624133308
0.0207039373648210
0.0136217771358258
0.0056089661082271
0.0000000000000000
0.0000000000000000
0.0000000000000000
0.0000000000000000
0.0000000000000000
0.0000000000000000
0.0000000000000000
0.0000000000000000
0.0000000000000000
0.0000000000000000
0.0000000000000000
0.0000000000000000
0.0000000000000000
0.0716142494433968
0.1163743308787815
0.0793397080269325
0.0369765902403097
0.0368322221895832
0.0351145674183162
0.0317063625846749
0.0268100029873535
0.0206922922423562
0.0136053757499360
0.0055816562561457
0.0000000000000000
0.0000000000000000
0.0000000000000000
0.0000000000000000
0.0000000000000000
0.0000000000000000
0.0000000000000000
0.0000000000000000
0.0000000000000000
0.0000000000000000
0.0000000000000000
0.0000000000000000
0.0000000000000000
0.0716019015016199
0.1164287143349431
0.0794159082988414
0.0370351926459976
0.0367993776742560
0.0350909204531774
0.0316889898101161
0.0267955160433827
0.0206769402539841
0.0135847999753916
0.0055493971656769
0.0000000000000000
0.0000000000000000
0.0000000000000000
0.0000000000000000
0.0000000000000000
0.0000000000000000
0.0000000000000000
0.0000000000000000
0.0000000000000000
0.0000000000000000
0.0000000000000000
0.0000000000000000
0.0000000000000000
0.0715829851837623
0.1164690194433076
0.0794767269840559
0.0370773748554482
0.0367642082997141
0.0350646252014271
0.0316686204926297
0.0267776724644418
0.0206578548019562
0.0135600272830393
0.0055121717684994
0.0000000000000000
0.0000000000000000
0.0000000000000000
0.0000000000000000
0.0000000000000000
0.0000000000000000
0.0000000000000000
0.0000000000000000
0.0000000000000000
0.0000000000000000
0.0000000000000000
0.0000000000000000
0.0000000000000000
0.0715573953601376
0.1164950270591016
0.0795219672925571
0.0371029911201425
0.0367266962308581
0.0350356570493840
0.0316452264263855
0.0267564437768717
0.0206350101439111
0.0135310360249735
0.0054699642196551
0.0000000000000000
0.0000000000000000
0.0000000000000000
0.0000000000000000
0.0000000000000000
0.0000000000000000
0.0000000000000000
0.0000000000000000
0.0000000000000000
0.0000000000000000
0.0000000000000000
0.0000000000000000
0.0000000000000000
0.0715250277669445
0.1165065197880771
0.0795514354793181
0.0371119007648052
0.0366868239065672
0.0350039916935772
0.0316187798265716
0.0267318020955012
0.0206083813037707
0.0134978053207844
0.0054227598936543
0.0000000000000000
0.0000000000000000
0.0000000000000000
0.0000000000000000
0.0000000000000000
0.0000000000000000
0.0000000000000000
0.0000000000000000
0.0000000000000000
0.0000000000000000
0.0000000000000000
0.0000000000000000
0.0000000000000000
0.0714857791058680
0.1165032813920538
0.0795649398896838
0.0371039671137602
0.0366445742289122
0.0349696052512252
0.0315892533740367
0.0267037201192090
0.0205779440298436
0.0134603149953344
0.0053705454477071
0.0000000000000000
0.0000000000000000
0.0000000000000000
0.0000000000000000
0.0000000000000000
0.0000000000000000
0.0000000000000000
0.0000000000000000
0.0000000000000000
0.0000000000000000
0.0000000000000000
0.0000000000000000
0.0000000000000000
0.0714395472009358
0.1164850964193484
0.0795622902040857
0.0370790565935928
0.0365999307253867
0.0349324743565154
0.0315566202517505
0.0266721711165503
0.0205436747429335
0.0134185454850622
0.0053133088600192
0.0000000000000000
0.0000000000000000
0.0000000000000000
0.0000000000000000
0.0000000000000000
0.0000000000000000
0.0000000000000000
0.0000000000000000
0.0000000000000000
0.0000000000000000
0.0000000000000000
0.0000000000000000
0.0000000000000000
0.0713862311449947
0.1164517499893286
0.0795432969185133
0.0370370379809745
0.0365528776098999
0.0348925761822798
0.0315208541263893
0.0266371288650553
0.0205055504255810
0.0133724776699350
0.0052510393687566
0.0000000000000000
0.0000000000000000
0.0000000000000000
0.0000000000000000
0.0000000000000000
0.0000000000000000
0.0000000000000000
0.0000000000000000
0.0000000000000000
0.0000000000000000
0.0000000000000000
0.0000000000000000
0.0000000000000000
0.0713257314330634
0.1164030280428048
0.0795077714322378
0.0369777822512817
0.0365033997028431
0.0348498883798887
0.0314819290928283
0.0265985675833918
0.0204635485231017
0.0133220926986501
0.0051837274165337
0.0000000000000000
0.0000000000000000
0.0000000000000000
0.0000000000000000
0.0000000000000000
0.0000000000000000
0.0000000000000000
0.0000000000000000
0.0000000000000000
0.0000000000000000
0.0000000000000000
0.0000000000000000
0.0000000000000000
0.0712579502436193
0.1163387185673052
0.0794555275002893
0.0369011638518532
0.0364514822572501
0.0348043890119790
0.0314398196899675
0.0265564619968557
0.0204176470164635
0.0132673720261988
0.0051113648660060
0.0000000000000000
0.0000000000000000
0.0000000000000000
0.0000000000000000
0.0000000000000000
0.0000000000000000
0.0000000000000000
0.0000000000000000
0.0000000000000000
0.0000000000000000
0.0000000000000000
0.0000000000000000
0.0000000000000000
0.0711827920900159
0.1162586143322479
0.0793863846206409
0.0368070641876568
0.0363971108140459
0.0347560566105534
0.0313945011281062
0.0265107876948032
0.0203678248625794
0.0132082978757763
0.0050339457874123
0.0000000000000000
0.0000000000000000
0.0000000000000000
0.0000000000000000
0.0000000000000000
0.0000000000000000
0.0000000000000000
0.0000000000000000
0.0000000000000000
0.0000000000000000
0.0000000000000000
0.0000000000000000
0.0000000000000000
0.0711001649830723
0.1161625171539822
0.0793001733854837
0.0366953772847097
0.0363402712180584
0.0347048704576297
0.0313459498081520
0.0264615218436474
0.0203140628538150
0.0131448542061332
0.0049514679226029
0.0000000000000000
0.0000000000000000
0.0000000000000000
0.0000000000000000
0.0000000000000000
0.0000000000000000
0.0000000000000000
0.0000000000000000
0.0000000000000000
0.0000000000000000
0.0000000000000000
0.0000000000000000
0.0000000000000000
0.0710099820017432
0.1160502430531541
0.0791967418336782
0.0365660167017448
0.0362809498410434
0.0346508110796297
0.0312941440616328
0.0264086441438595
0.0202563447521327
0.0130770279952030
0.0048639346286000
0.0000000000000000
0.0000000000000000
0.0000000000000000
0.0000000000000000
0.0000000000000000
0.0000000000000000
0.0000000000000000
0.0000000000000000
0.0000000000000000
0.0000000000000000
0.0000000000000000
0.0000000000000000
0.0000000000000000
0.0709121629363459
0.1159216271533292
0.0790759614110748
0.0364189219662765
0.0362191339322650
0.0345938608120565
0.0312390649189599
0.0263521377735569
0.0201946583851683
0.0130048104769218
0.0047713568481705
0.0000000000000000
0.0000000000000000
0.0000000000000000
0.0000000000000000
0.0000000000000000
0.0000000000000000
0.0000000000000000
0.0000000000000000
0.0000000000000000
0.0000000000000000
0.0000000000000000
0.0000000000000000
0.0000000000000000
0.0708066355605137
0.1157765272381178
0.0789377311489860
0.0362540630629664
0.0361548119361139
0.0345340042446619
0.0311806966684760
0.0262919900497091
0.0201289963878139
0.0129281979586105
0.0046737546787367
0.0000000000000000
0.0000000000000000
0.0000000000000000
0.0000000000000000
0.0000000000000000
0.0000000000000000
0.0000000000000000
0.0000000000000000
0.0000000000000000
0.0000000000000000
0.0000000000000000
0.0000000000000000
0.0000000000000000
0.0706933362338005
0.1156148253409227
0.0787819794500464
0.0360714421940181
0.0360879736404012
0.0344712284084592
0.0311190270735693
0.0262281926580760
0.0200593564363308
0.0128471920426388
0.0045711583233831
0.0000000000000000
0.0000000000000000
0.0000000000000000
0.0000000000000000
0.0000000000000000
0.0000000000000000
0.0000000000000000
0.0000000000000000
0.0000000000000000
0.0000000000000000
0.0000000000000000
0.0000000000000000
0.0000000000000000
0.0705722098009536
0.1154364275220616
0.0786086636660313
0.0358710931064312
0.0360186101238564
0.0344055226994373
0.0310540472581319
0.0261607414924015
0.0199857410239740
0.0127617993231235
0.0044636085521045
0.0000000000000000
0.0000000000000000
0.0000000000000000
0.0000000000000000
0.0000000000000000
0.0000000000000000
0.0000000000000000
0.0000000000000000
0.0000000000000000
0.0000000000000000
0.0000000000000000
0.0000000000000000
0.0000000000000000
0.0704432090024370
0.1152412623882545
0.0784177682376266
0.0357178006375904
0.0359467135818032
0.0343368786414275
0.0309857513961422
0.0260896362591495
0.0199081569785703
0.0126720307921625
0.0043511569779224
0.0000000000000000
0.0000000000000000
0.0000000000000000
0.0000000000000000
0.0000000000000000
0.0000000000000000
0.0000000000000000
0.0000000000000000
0.0000000000000000
0.0000000000000000
0.0000000000000000
0.0000000000000000
0.0000000000000000
0.0703062937084112
0.1150292790738318
0.0782093021878221
0.0356379030400172
0.0358722771440405
0.0342652896207929
0.0309141363549940
0.0260148800306688
0.0198266149189107
0.0125779011895106
0.0042338664665864
0.0000000000000000
0.0000000000000000
0.0000000000000000
0.0000000000000000
0.0000000000000000
0.0000000000000000
0.0000000000000000
0.0000000000000000
0.0000000000000000
0.0000000000000000
0.0000000000000000
0.0000000000000000
0.0000000000000000
0.0701614301912831
0.1148004451704251
0.0779832965429303
0.0355558753797630
0.0357952947580862
0.0341907506721727
0.0308392013846533
0.0259364788386415
0.0197411287640804
0.0124794284175622
0.0041118118531655
0.0000000000000000
0.0000000000000000
0.0000000000000000
0.0000000000000000
0.0000000000000000
0.0000000000000000
