0.0000000000000000
0.0000000000000000
0.0000000000000000
0.0000000000000000
0.0878718877594410
0.1438490881485591
0.1552807002843158
0.1426949815362541
0.1149129995779833
0.0387740810236115
0.0000000000000000
0.0000000000000000
0.0000000000000000
0.0000000000000000
0.0133783422140069
0.0206231141478708
0.0135619803053941
0.0056145904755431
0.0000000000000000
0.0000000000000000
0.0000000000000000
0.0000000000000000
0.0000000000000000
0.0000000000000000
0.0000000000000000
0.0000000000000000
0.0000000000000000
0.0000000000000000
0.0866902222254947
0.1434580583664050
0.1552198186855120
0.1428003848710962
0.1151067126164214
0.0388894214971803
0.0000000000000000
0.0000000000000000
0.0000000000000000
0.0000000000000000
0.0133885121067085
0.0206468320175730
0.0135858175345542
0.0056355238338922
0.0000000000000000
0.0000000000000000
0.0000000000000000
0.0000000000000000
0.0000000000000000
0.0000000000000000
0.0000000000000000
0.0000000000000000
0.0000000000000000
0.0000000000000000
0.0854586614979446
0.1430468207214304
0.1551468148804892
0.1428950777379812
0.1152890076579630
0.0389983577998015
0.0000000000000000
0.0000000000000000
0.0000000000000000
0.0000000000000000
0.0133971850877321
0.0206671690108293
0.0136057720253047
0.0056517552246096
0.0000000000000000
0.0000000000000000
0.0000000000000000
0.0000000000000000
0.0000000000000000
0.0000000000000000
0.0000000000000000
0.0000000000000000
0.0000000000000000
0.0000000000000000
0.0841767471581981
0.1426151625659572
0.1550615103301949
0.1429788335946165
0.1154596234618480
0.0391007563521859
0.0000000000000000
0.0000000000000000
0.0000000000000000
0.0000000000000000
0.0134043428778942
0.0206840877651387
0.0136218091435199
0.0056632537475459
0.0000000000000000
0.0000000000000000
0.0000000000000000
0.0000000000000000
0.0000000000000000
0.0000000000000000
0.0000000000000000
0.0000000000000000
0.0000000000000000
0.0000000000000000
0.0828440264505193
0.1421628616166085
0.1549637244353336
0.1430514274573561
0.1156183036157244
0.0391964875673882
0.0000000000000000
0.0000000000000000
0.0000000000000000
0.0000000000000000
0.0134099676264272
0.0206975521723858
0.0136338957244757
0.0056699902111676
0.0000000000000000
0.0000000000000000
0.0000000000000000
0.0000000000000000
0.0000000000000000
0.0000000000000000
0.0000000000000000
0.0000000000000000
0.0000000000000000
0.0000000000000000
0.0814600623309737
0.1416896871121910
0.1548532745240569
0.1431126351529548
0.1157647953220384
0.0392854250825853
0.0000000000000000
0.0000000000000000
0.0000000000000000
0.0000000000000000
0.0134140418072954
0.0207075271307789
0.0136419997793113
0.0056719367644808
0.0000000000000000
0.0000000000000000
0.0000000000000000
0.0000000000000000
0.0000000000000000
0.0000000000000000
0.0000000000000000
0.0000000000000000
0.0000000000000000
0.0000000000000000
0.0800244430419988
0.1411954005552081
0.1547299759472822
0.1431622330277470
0.1158988488270582
0.0393674453977978
0.0000000000000000
0.0000000000000000
0.0000000000000000
0.0000000000000000
0.0134165481747805
0.0207139784299143
0.0136460903556793
0.0056690667059689
0.0000000000000000
0.0000000000000000
0.0000000000000000
0.0000000000000000
0.0000000000000000
0.0000000000000000
0.0000000000000000
0.0000000000000000
0.0000000000000000
0.0000000000000000
0.0785367916315636
0.1406797561292626
0.1545936422763143
0.1431999980234226
0.1160202174505768
0.0394424278567781
0.0000000000000000
0.0000000000000000
0.0000000000000000
0.0000000000000000
0.0134174697678166
0.0207168727567824
0.0136461375291403
0.0056613544612508
0.0000000000000000
0.0000000000000000
0.0000000000000000
0.0000000000000000
0.0000000000000000
0.0000000000000000
0.0000000000000000
0.0000000000000000
0.0000000000000000
0.0000000000000000
0.0769967760758333
0.1401425009580812
0.1544440856069215
0.1432257080492332
0.1161286579973192
0.0395102548769458
0.0000000000000000
0.0000000000000000
0.0000000000000000
0.0000000000000000
0.0134167899520533
0.0207161777829449
0.0136421124950883
0.0056487756793567
0.0000000000000000
0.0000000000000000
0.0000000000000000
0.0000000000000000
0.0000000000000000
0.0000000000000000
0.0000000000000000
0.0000000000000000
0.0000000000000000
0.0000000000000000
0.0754041209706450
0.1395833754563501
0.1542811169678886
0.1432391424918179
0.1162239313775619
0.0395708122813753
0.0000000000000000
0.0000000000000000
0.0000000000000000
0.0000000000000000
0.0134144924785235
0.0207118622948698
0.0136339876977908
0.0056313073923379
0.0000000000000000
0.0000000000000000
0.0000000000000000
0.0000000000000000
0.0000000000000000
0.0000000000000000
0.0000000000000000
0.0000000000000000
0.0000000000000000
0.0000000000000000
0.0737586215873847
0.1390021139947437
0.1541045468204460
0.1432400827096832
0.1163058031217643
0.0396239895767846
0.0000000000000000
0.0000000000000000
0.0000000000000000
0.0000000000000000
0.0134105615343837
0.0207038962951072
0.0136217369364573
0.0056089281519560
0.0000000000000000
0.0000000000000000
0.0000000000000000
0.0000000000000000
0.0000000000000000
0.0000000000000000
0.0000000000000000
0.0000000000000000
0.0000000000000000
0.0000000000000000
0.0720601614400349
0.1383984461564109
0.1539141856376328
0.1432283123271265
0.1163740435347776
0.0396696799794795
0.0000000000000000
0.0000000000000000
0.0000000000000000
0.0000000000000000
0.0134049817597899
0.0206922510258321
0.0136053353701515
0.0055816180717880
0.0000000000000000
0.0000000000000000
0.0000000000000000
0.0000000000000000
0.0000000000000000
0.0000000000000000
0.0000000000000000
0.0000000000000000
0.0000000000000000
0.0000000000000000
0.0703087340159553
0.1377720987788687
0.1537098445721820
0.1432036172407799
0.1164284273153652
0.0397077801232244
0.0000000000000000
0.0000000000000000
0.0000000000000000
0.0000000000000000
0.0133977382232733
0.0206768988849190
0.0135847594087097
0.0055493587461792
0.0000000000000000
0.0000000000000000
0.0000000000000000
0.0000000000000000
0.0000000000000000
0.0000000000000000
0.0000000000000000
0.0000000000000000
0.0000000000000000
0.0000000000000000
0.0685044692241056
0.1371227988993120
0.1534913362704972
0.1431657853907673
0.1164687327355363
0.0397381894690207
0.0000000000000000
0.0000000000000000
0.0000000000000000
0.0000000000000000
0.0133888163663867
0.0206578132747116
0.0135599865230584
0.0055121331070094
0.0000000000000000
0.0000000000000000
0.0000000000000000
0.0000000000000000
0.0000000000000000
0.0000000000000000
0.0000000000000000
0.0000000000000000
0.0000000000000000
0.0000000000000000
0.0666476646039805
0.1364502775956223
0.1532584759402988
0.1431146065173852
0.1164947406505326
0.0397608096220087
0.0000000000000000
0.0000000000000000
0.0000000000000000
0.0000000000000000
0.0133782019523433
0.0206349684529431
0.0135309950653726
0.0054699253095498
0.0000000000000000
0.0000000000000000
0.0000000000000000
0.0000000000000000
0.0000000000000000
0.0000000000000000
0.0000000000000000
0.0000000000000000
0.0000000000000000
0.0000000000000000
0.0647388212781315
0.1357542747228498
0.1530110827674294
0.1430498720926973
0.1165062336661332
0.0397755437098328
0.0000000000000000
0.0000000000000000
0.0000000000000000
0.0000000000000000
0.0133658810386025
0.0206083394436340
0.0134977641553233
0.0054227207285740
0.0000000000000000
0.0000000000000000
0.0000000000000000
0.0000000000000000
0.0000000000000000
0.0000000000000000
0.0000000000000000
0.0000000000000000
0.0000000000000000
0.0000000000000000
0.0627786839515851
0.1350345442348092
0.1527489816342160
0.1429713755197283
0.1165029955441900
0.0397822959053312
0.0000000000000000
0.0000000000000000
0.0000000000000000
0.0000000000000000
0.0133518399746506
0.0102889511889008
0.0134602736178554
0.0053705060215956
0.0000000000000000
0.0000000000000000
0.0000000000000000
0.0000000000000000
0.0000000000000000
0.0000000000000000
0.0000000000000000
0.0000000000000000
0.0000000000000000
0.0000000000000000
0.0607682829687788
0.1342908593659635
0.1524720048357105
0.1428789124461720
0.1164848108330552
0.0397809710488923
0.0000000000000000
0.0000000000000000
0.0000000000000000
0.0000000000000000
0.0133360653948149
0.0102718164532095
0.0134185038894915
0.0053132691671697
0.0000000000000000
0.0000000000000000
0.0000000000000000
0.0000000000000000
0.0000000000000000
0.0000000000000000
0.0000000000000000
0.0000000000000000
0.0000000000000000
0.0000000000000000
0.0587089746030714
0.1335230162632940
0.1521799932830462
0.1427722810573391
0.1164514646521319
0.0397714743886888
0.0000000000000000
0.0000000000000000
0.0000000000000000
0.0000000000000000
0.0133185441879119
0.0102527541996988
0.0133724358502834
0.0052509994038650
0.0000000000000000
0.0000000000000000
0.0000000000000000
0.0000000000000000
0.0000000000000000
0.0000000000000000
0.0000000000000000
0.0000000000000000
0.0000000000000000
0.0000000000000000
0.0566024755707961
0.1327308345402146
0.1518727967393385
0.1426512823428633
0.1164027429422642
0.0397537116245385
0.0000000000000000
0.0000000000000000
0.0000000000000000
0.0000000000000000
0.0132992634633288
0.0102317531510842
0.0133220506490128
0.0051836871747586
0.0000000000000000
0.0000000000000000
0.0000000000000000
0.0000000000000000
0.0000000000000000
0.0000000000000000
0.0000000000000000
0.0000000000000000
0.0000000000000000
0.0000000000000000
0.0544508897150624
0.1319141540807191
0.1515502730452350
0.1425157206592812
0.1163384336910167
0.0397275896341442
0.0000000000000000
0.0000000000000000
0.0000000000000000
0.0000000000000000
0.0132782105837677
0.0102088022979078
0.0132673297407529
0.0051113243430363
0.0000000000000000
0.0000000000000000
0.0000000000000000
0.0000000000000000
0.0000000000000000
0.0000000000000000
0.0000000000000000
0.0000000000000000
0.0000000000000000
0.0000000000000000
0.0522567295217185
0.1310728288874591
0.1512122868475355
0.1423654050328814
0.1162583296678523
0.0396930181666845
0.0000000000000000
0.0000000000000000
0.0000000000000000
0.0000000000000000
0.0000000000000000
0.0101838911186844
0.0132082553487762
0.0050339049795452
0.0000000000000000
0.0000000000000000
0.0000000000000000
0.0000000000000000
0.0000000000000000
0.0000000000000000
0.0000000000000000
0.0000000000000000
0.0000000000000000
0.0000000000000000
0.0500229385744909
0.1302067202458217
0.1508587086673181
0.1422001514849026
0.1161622326891848
0.0396499125184561
0.0000000000000000
0.0000000000000000
0.0000000000000000
0.0000000000000000
0.0000000000000000
0.0101570100096545
0.0131448114319058
0.0049514268268339
0.0000000000000000
0.0000000000000000
0.0000000000000000
0.0000000000000000
0.0000000000000000
0.0000000000000000
0.0000000000000000
0.0000000000000000
0.0000000000000000
0.0000000000000000
0.0477529216729648
0.1293156914822870
0.1504894149209399
0.1420197861728923
0.1160499587757572
0.0395981967091009
0.0000000000000000
0.0000000000000000
0.0000000000000000
0.0000000000000000
0.0000000000000000
0.0101281508518569
0.0130769849681426
0.0048638932427293
0.0000000000000000
0.0000000000000000
0.0000000000000000
0.0000000000000000
0.0000000000000000
0.0000000000000000
0.0000000000000000
0.0000000000000000
0.0000000000000000
0.0000000000000000
0.0454505853787387
0.1283996054177401
0.1501042888473139
0.1418241486771785
0.1159213430512746
0.0395378064617706
0.0000000000000000
0.0000000000000000
0.0000000000000000
0.0000000000000000
0.0000000000000000
0.0100973075591675
0.0130047671914858
0.0047713151709295
0.0000000000000000
0.0000000000000000
0.0000000000000000
0.0000000000000000
0.0000000000000000
0.0000000000000000
0.0000000000000000
0.0000000000000000
0.0000000000000000
0.0000000000000000
0.0431203867589503
0.1274583237606320
0.1497032216575790
0.1416130945447863
0.1157762432995372
0.0394686912923637
0.0000000000000000
0.0000000000000000
0.0000000000000000
0.0000000000000000
0.0000000000000000
0.0100644764490910
0.0129281544093161
0.0046737127099363
0.0000000000000000
0.0000000000000000
0.0000000000000000
0.0000000000000000
0.0000000000000000
0.0000000000000000
0.0000000000000000
0.0000000000000000
0.0000000000000000
0.0000000000000000
0.0407673850862086
0.1264917068046353
0.1492861130704033
0.1413864964946528
0.1156145415541904
0.0393908154024570
0.0000000000000000
0.0000000000000000
0.0000000000000000
0.0000000000000000
0.0000000000000000
0.0100296563598174
0.0128471482240595
0.0045711160640888
0.0000000000000000
0.0000000000000000
0.0000000000000000
0.0000000000000000
0.0000000000000000
0.0000000000000000
0.0000000000000000
0.0000000000000000
0.0000000000000000
0.0000000000000000
0.0383972923047601
0.1254996122497161
0.1488528708517219
0.1411442442161729
0.1154361438758471
0.0000000000000000
0.0000000000000000
0.0000000000000000
0.0000000000000000
0.0000000000000000
0.0000000000000000
0.0099928485380337
0.0127617552298848
0.0044635660048403
0.0000000000000000
0.0000000000000000
0.0000000000000000
0.0000000000000000
0.0000000000000000
0.0000000000000000
0.0000000000000000
0.0000000000000000
0.0000000000000000
0.0000000000000000
0.0360165209330481
0.1244818933326025
0.1484034096310971
0.1408862431902433
0.1152409788715709
0.0000000000000000
0.0000000000000000
0.0000000000000000
0.0000000000000000
0.0000000000000000
0.0000000000000000
0.0099540563977128
0.0126719864189364
0.0043511141469095
0.0000000000000000
0.0000000000000000
0.0000000000000000
0.0000000000000000
0.0000000000000000
0.0000000000000000
0.0000000000000000
0.0000000000000000
0.0000000000000000
0.0000000000000000
0.0336322300904023
0.1234383973332056
0.1479376496506014
0.1406124131572182
0.1150289956760811
0.0000000000000000
0.0000000000000000
0.0000000000000000
0.0000000000000000
0.0000000000000000
0.0000000000000000
0.0099132852483092
0.0125778565310096
0.0042338233580226
0.0000000000000000
0.0000000000000000
0.0000000000000000
0.0000000000000000
0.0000000000000000
0.0000000000000000
0.0000000000000000
0.0000000000000000
0.0000000000000000
0.0000000000000000
0.0312523686674285
0.1223689654710680
0.1474555159570712
0.1403226866620035
0.1148001618814381
0.0000000000000000
0.0000000000000000
0.0000000000000000
0.0000000000000000
0.0000000000000000
0.0000000000000000
0.0098705420494236
0.0124793834685321
0.0041117684755532
0.0000000000000000
0.0000000000000000
0.0000000000000000
0.0000000000000000
0.0000000000000000
0.0000000000000000
