0.0000000000000000
0.0000000000000000
0.0000000000000000
0.0000000000000000
0.0000000000000000
0.0000000000000000
0.0000000000000000
0.0000000000000000
0.0000000000000000
0.0353942492994051
0.0388922860071921
0.0815257123204712
0.1169726608532745
0.1415641605559311
0.1520764846222871
0.1454082890119000
0.1173043834116911
0.0582956022846522
0.0000000000000000
0.0000000000000000
0.0000000000000000
0.0000000000000000
0.0000000000000000
0.0000000000000000
0.0000000000000000
0.0000000000000000
0.0000000000000000
0.0000000000000000
0.0000000000000000
0.0000000000000000
0.0000000000000000
0.0000000000000000
0.0000000000000000
0.0353572076745647
0.0386204394499644
0.0813188603951533
0.1168548957990427
0.1415509959915764
0.1521739189901968
0.1456113301912863
0.1175926534333102
0.0586015419975861
0.0000000000000000
0.0000000000000000
0.0000000000000000
0.0000000000000000
0.0000000000000000
0.0000000000000000
0.0000000000000000
0.0000000000000000
0.0000000000000000
0.0000000000000000
0.0000000000000000
0.0000000000000000
0.0000000000000000
0.0000000000000000
0.0000000000000000
0.0353182740660129
0.0383588919589817
0.0811230891436078
0.1167482131740928
0.1415478287327421
0.1522787020840715
0.1458164502989850
0.1178720189163826
0.0588726377300044
0.0000000000000000
0.0000000000000000
0.0000000000000000
0.0000000000000000
0.0000000000000000
0.0000000000000000
0.0000000000000000
0.0000000000000000
0.0000000000000000
0.0000000000000000
0.0000000000000000
0.0000000000000000
0.0000000000000000
0.0000000000000000
0.0000000000000000
0.0352774583545414
0.0381078806802363
0.0809385620590135
0.1166526856078826
0.1415546311255323
0.1523907050251325
0.1460234268589147
0.1181421755680323
0.0591084322035975
0.0000000000000000
0.0000000000000000
0.0000000000000000
0.0000000000000000
0.0000000000000000
0.0000000000000000
0.0000000000000000
0.0000000000000000
0.0000000000000000
0.0000000000000000
0.0000000000000000
0.0000000000000000
0.0000000000000000
0.0000000000000000
0.0000000000000000
0.0352347695418530
0.0378676306201242
0.0807654288030772
0.1165683710255477
0.1415713606386107
0.1525097841512568
0.1462320214073257
0.1184027944409124
0.0593084143297738
0.0000000000000000
0.0000000000000000
0.0000000000000000
0.0000000000000000
0.0000000000000000
0.0000000000000000
0.0000000000000000
0.0000000000000000
0.0000000000000000
0.0000000000000000
0.0000000000000000
0.0000000000000000
0.0000000000000000
0.0000000000000000
0.0000000000000000
0.0351902158236403
0.0376383563428207
0.0806038268063762
0.1164953139683319
0.1415979607912173
0.1526357814093893
0.1464419791600808
0.1186535204790110
0.0594720153976283
0.0000000000000000
0.0000000000000000
0.0000000000000000
0.0000000000000000
0.0000000000000000
0.0000000000000000
0.0000000000000000
0.0000000000000000
0.0000000000000000
0.0000000000000000
0.0000000000000000
0.0000000000000000
0.0000000000000000
0.0000000000000000
0.0000000000000000
0.0351438046242943
0.0374202628317918
0.0804538820739553
0.1164335463187673
0.1416343617074259
0.1527685246577974
0.1466530289474558
0.1188939718214428
0.0595986068427347
0.0000000000000000
0.0000000000000000
0.0000000000000000
0.0000000000000000
0.0000000000000000
0.0000000000000000
0.0000000000000000
0.0000000000000000
0.0000000000000000
0.0000000000000000
0.0000000000000000
0.0000000000000000
0.0000000000000000
0.0000000000000000
0.0000000000000000
0.0350955426070454
0.0372135455743790
0.0803157093446926
0.1163830874709259
0.1416804802993147
0.1529078278431273
0.1468648833284608
0.1191237396725011
0.0596874994803359
0.0000000000000000
0.0000000000000000
0.0000000000000000
0.0000000000000000
0.0000000000000000
0.0000000000000000
0.0000000000000000
0.0000000000000000
0.0000000000000000
0.0000000000000000
0.0000000000000000
0.0000000000000000
0.0000000000000000
0.0000000000000000
0.0000000000000000
0.0350454356782333
0.0370183901731899
0.0801894117423313
0.1163439441038558
0.1417362201700566
0.1530534910328339
0.1470772387489562
0.1193423885327975
0.0597379437181475
0.0000000000000000
0.0000000000000000
0.0000000000000000
0.0000000000000000
0.0000000000000000
0.0000000000000000
0.0000000000000000
0.0000000000000000
0.0000000000000000
0.0000000000000000
0.0000000000000000
0.0000000000000000
0.0000000000000000
0.0000000000000000
0.0000000000000000
0.0349934890068912
0.0368351636344578
0.0800750802608341
0.1163161097640040
0.1418014713419818
0.1532053003278631
0.1472897756550725
0.1195494564512224
0.0597491302506086
0.0000000000000000
0.0000000000000000
0.0000000000000000
0.0000000000000000
0.0000000000000000
0.0000000000000000
0.0000000000000000
0.0000000000000000
0.0000000000000000
0.0000000000000000
0.0000000000000000
0.0000000000000000
0.0000000000000000
0.0000000000000000
0.0000000000000000
0.0349397070769722
0.0367948778872703
0.0799727933814891
0.1162995645628229
0.1418761100299067
0.1533630277141993
0.1475021584280587
0.1197444550131801
0.0597201904637394
0.0000000000000000
0.0000000000000000
0.0000000000000000
0.0000000000000000
0.0000000000000000
0.0000000000000000
0.0000000000000000
0.0000000000000000
0.0000000000000000
0.0000000000000000
0.0000000000000000
0.0000000000000000
0.0000000000000000
0.0000000000000000
0.0000000000000000
0.0348840937925769
0.0367525646529214
0.0798826172251542
0.1162942752543877
0.1419599986286647
0.1535264309271784
0.1477140350781162
0.1199268686906574
0.0596501959110023
0.0000000000000000
0.0000000000000000
0.0000000000000000
0.0000000000000000
0.0000000000000000
0.0000000000000000
0.0000000000000000
0.0000000000000000
0.0000000000000000
0.0000000000000000
0.0000000000000000
0.0000000000000000
0.0000000000000000
0.0000000000000000
0.0000000000000000
0.0348266526422491
0.0367082157057809
0.0798046063896807
0.1163001958753351
0.1420529860325795
0.1536952533643671
0.1479250366510550
0.1200961534992560
0.0595381565895397
0.0000000000000000
0.0000000000000000
0.0000000000000000
0.0000000000000000
0.0000000000000000
0.0000000000000000
0.0000000000000000
0.0000000000000000
0.0000000000000000
0.0000000000000000
0.0000000000000000
0.0000000000000000
0.0000000000000000
0.0000000000000000
0.0000000000000000
0.0347673869282322
0.0366618226884947
0.0797388053743529
0.1163172687904614
0.1421549081867588
0.1538692240127720
0.1481347763978732
0.1202517350795040
0.0593830185446807
0.0000000000000000
0.0000000000000000
0.0000000000000000
0.0000000000000000
0.0000000000000000
0.0000000000000000
0.0000000000000000
0.0000000000000000
0.0000000000000000
0.0000000000000000
0.0000000000000000
0.0000000000000000
0.0000000000000000
0.0000000000000000
0.0000000000000000
0.0347063000541424
0.0366133773135407
0.0796852502202424
0.1163454258899267
0.1422655886600294
0.1540480572884047
0.1483428487749288
0.1203930065813612
0.0591836616076091
0.0000000000000000
0.0000000000000000
0.0000000000000000
0.0000000000000000
0.0000000000000000
0.0000000000000000
0.0000000000000000
0.0000000000000000
0.0000000000000000
0.0000000000000000
0.0000000000000000
0.0000000000000000
0.0000000000000000
0.0000000000000000
0.0000000000000000
0.0346433958662387
0.0365628716119202
0.0796439700546707
0.1163845896261819
0.1423848390644033
0.1542314527478499
0.1485488283852681
0.1205193266352550
0.0589388980745172
0.0000000000000000
0.0000000000000000
0.0000000000000000
0.0000000000000000
0.0000000000000000
0.0000000000000000
0.0000000000000000
0.0000000000000000
0.0000000000000000
0.0000000000000000
0.0000000000000000
0.0000000000000000
0.0000000000000000
0.0000000000000000
0.0000000000000000
0.0345786790147059
0.0365102982075603
0.0796149884106572
0.1164346739103676
0.1425124593928526
0.1544190948065373
0.1487522690361359
0.1206300175725255
0.0586474721392118
0.0000000000000000
0.0000000000000000
0.0000000000000000
0.0000000000000000
0.0000000000000000
0.0000000000000000
0.0000000000000000
0.0000000000000000
0.0000000000000000
0.0000000000000000
0.0000000000000000
0.0000000000000000
0.0000000000000000
0.0000000000000000
0.0000000000000000
0.0345121552589835
0.0364556505505790
0.0795983244512489
0.1164955850282119
0.1426482385531290
0.1546106528067705
0.1489527032414884
0.1207243639659897
0.0583080595878415
0.0000000000000000
0.0000000000000000
0.0000000000000000
0.0000000000000000
0.0000000000000000
0.0000000000000000
0.0000000000000000
0.0000000000000000
0.0000000000000000
0.0000000000000000
0.0000000000000000
0.0000000000000000
0.0000000000000000
0.0000000000000000
0.0000000000000000
0.0344438315980276
0.0363989230144969
0.0795939939732977
0.1165672226674278
0.1427919553132802
0.1548057817716583
0.1491496425435085
0.1208016117948868
0.0579192673886835
0.0000000000000000
0.0000000000000000
0.0000000000000000
0.0000000000000000
0.0000000000000000
0.0000000000000000
0.0000000000000000
0.0000000000000000
0.0000000000000000
0.0000000000000000
0.0000000000000000
0.0000000000000000
0.0000000000000000
0.0000000000000000
0.0000000000000000
0.0343737161240080
0.0363401107865120
0.0796020097610617
0.1166494806849192
0.1429433794825704
0.1550041238729290
0.1493425789369681
0.1208609687194877
0.0574796342446219
0.0000000000000000
0.0000000000000000
0.0000000000000000
0.0000000000000000
0.0000000000000000
0.0000000000000000
0.0000000000000000
0.0000000000000000
0.0000000000000000
0.0000000000000000
0.0000000000000000
0.0000000000000000
0.0000000000000000
0.0000000000000000
0.0000000000000000
0.0343018175890307
0.0362792095689916
0.0796223804032574
0.1167422468522122
0.1431022726588510
0.1552053101552201
0.1495309872676407
0.1209016061059407
0.0569876343628412
0.0000000000000000
0.0000000000000000
0.0000000000000000
0.0000000000000000
0.0000000000000000
0.0000000000000000
0.0000000000000000
0.0000000000000000
0.0000000000000000
0.0000000000000000
0.0000000000000000
0.0000000000000000
0.0000000000000000
0.0000000000000000
0.0000000000000000
0.0342281448141661
0.0362162152138067
0.0796551069803387
0.1168454008027227
0.1432683877505729
0.1554089617629449
0.1497143281179378
0.1209226629475855
0.0564416869138957
0.0000000000000000
0.0000000000000000
0.0000000000000000
0.0000000000000000
0.0000000000000000
0.0000000000000000
0.0000000000000000
0.0000000000000000
0.0000000000000000
0.0000000000000000
0.0000000000000000
0.0000000000000000
0.0000000000000000
0.0000000000000000
0.0000000000000000
0.0341527061450468
0.0361511234585265
0.0797001777070154
0.1169588100976974
0.1434414668873999
0.1556146900877278
0.1498920504856360
0.1209232512955930
0.0558401720245722
0.0000000000000000
0.0000000000000000
0.0000000000000000
0.0000000000000000
0.0000000000000000
0.0000000000000000
0.0000000000000000
0.0000000000000000
0.0000000000000000
0.0000000000000000
0.0000000000000000
0.0000000000000000
0.0000000000000000
0.0000000000000000
0.0000000000000000
0.0340755091291404
0.0360839298714511
0.0797575616075703
0.1170823251560725
0.1436212381838403
0.1558220958547827
0.1500635937993985
0.1209024621022774
0.0551814517481409
0.0000000000000000
0.0000000000000000
0.0000000000000000
0.0000000000000000
0.0000000000000000
0.0000000000000000
0.0000000000000000
0.0000000000000000
0.0000000000000000
0.0000000000000000
0.0000000000000000
0.0000000000000000
0.0000000000000000
0.0000000000000000
0.0000000000000000
0.0339965604411909
0.0360146299850696
0.0798272027820815
0.1172157745103947
0.1438074124375875
0.1560307678022805
0.1502283892247087
0.1208593702732088
0.0544638923398172
0.0000000000000000
0.0000000000000000
0.0000000000000000
0.0000000000000000
0.0000000000000000
0.0000000000000000
0.0000000000000000
0.0000000000000000
0.0000000000000000
0.0000000000000000
0.0000000000000000
0.0000000000000000
0.0000000000000000
0.0000000000000000
0.0000000000000000
0.0339158659491258
0.0359432194841685
0.0799090166323290
0.1173589616665926
0.1439996809770238
0.1562402818261444
0.1503858605422402
0.1207930379718734
0.0536858843479461
0.0000000000000000
0.0000000000000000
0.0000000000000000
0.0000000000000000
0.0000000000000000
0.0000000000000000
0.0000000000000000
0.0000000000000000
0.0000000000000000
0.0000000000000000
0.0000000000000000
0.0000000000000000
0.0000000000000000
0.0000000000000000
0.0000000000000000
0.0338334307644544
0.0358696943070890
0.0800028885526336
0.1175116642094960
0.1441977152454771
0.1564502011340400
0.1505354249137947
0.1207025158602074
0.0528458586453913
0.0000000000000000
0.0000000000000000
0.0000000000000000
0.0000000000000000
0.0000000000000000
0.0000000000000000
0.0000000000000000
0.0000000000000000
0.0000000000000000
0.0000000000000000
0.0000000000000000
0.0000000000000000
0.0000000000000000
0.0000000000000000
0.0000000000000000
0.0337492592001020
0.0357940506046207
0.0801086747978086
0.1176736348539591
0.1444011679613970
0.1566600773356764
0.1506764935919775
0.1205868425043787
0.0519422994383753
0.0000000000000000
0.0000000000000000
0.0000000000000000
0.0000000000000000
0.0000000000000000
0.0000000000000000
0.0000000000000000
0.0000000000000000
0.0000000000000000
0.0000000000000000
0.0000000000000000
0.0000000000000000
0.0000000000000000
0.0000000000000000
0.0000000000000000
0.0336633546720071
0.0357557749271400
0.0802262046529408
0.1178446036601273
0.1446096751304494
0.1568694519603973
0.1508084724311736
0.1204450425079652
0.0509737568601559
0.0000000000000000
0.0000000000000000
0.0000000000000000
0.0000000000000000
0.0000000000000000
0.0000000000000000
0.0000000000000000
0.0000000000000000
0.0000000000000000
0.0000000000000000
0.0000000000000000
0.0000000000000000
0.0000000000000000
0.0000000000000000
0.0000000000000000
0.0335757196428305
0.0358316446392893
0.0803552831867440
0.1180242806110165
0.1448228582042552
0.1570778578612274
0.1509307620130162
0.1202761239458034
0.0499388621474804
0.0000000000000000
0.0000000000000000
0.0000000000000000
0.0000000000000000
0.0000000000000000
0.0000000000000000
0.0000000000000000
0.0000000000000000
0.0000000000000000
0.0000000000000000
0.0000000000000000
0.0000000000000000
0.0000000000000000
0.0000000000000000
0.0000000000000000
0.0334863556690758
0.0359207189352802
0.0804956940525273
0.1182123581207263
0.1450403260034470
0.1572848202727197
0.1510427573807820
0.1200790754933480
0.0488363473603097
0.0000000000000000
0.0000000000000000
0.0000000000000000
0.0000000000000000
0.0000000000000000
0.0000000000000000
