0.0000000000000000
0.0000000000000000
0.0000000000000000
0.0000000000000000
0.0255082651134542
0.0642141144162477
0.0942843086773343
0.1128719870618776
0.1190141180221975
0.1127275580609091
0.0949454497761503
0.0674891992367698
0.0000000000000000
0.0000000000000000
0.0000000000000000
0.0000000000000000
0.0000000000000000
0.0000000000000000
0.0000000000000000
0.0000000000000000
0.0000000000000000
0.0000000000000000
0.0000000000000000
0.0000000000000000
0.0000000000000000
0.0000000000000000
0.0000000000000000
0.0000000000000000
0.0251411289474804
0.0640185753831101
0.0942443316685243
0.1129671257209989
0.1192278252098653
0.1130414614391411
0.0953372394005859
0.0679323372758244
0.0000000000000000
0.0000000000000000
0.0000000000000000
0.0000000000000000
0.0000000000000000
0.0000000000000000
0.0000000000000000
0.0000000000000000
0.0000000000000000
0.0000000000000000
0.0000000000000000
0.0000000000000000
0.0000000000000000
0.0000000000000000
0.0000000000000000
0.0000000000000000
0.0247688356856791
0.0638299457638025
0.0942172508731993
0.1130777211337527
0.1194577145092951
0.1133711451184547
0.0957436863943477
0.0683885938246011
0.0000000000000000
0.0000000000000000
0.0000000000000000
0.0000000000000000
0.0000000000000000
0.0000000000000000
0.0000000000000000
0.0000000000000000
0.0000000000000000
0.0000000000000000
0.0000000000000000
0.0000000000000000
0.0000000000000000
0.0000000000000000
0.0000000000000000
0.0000000000000000
0.0243909582842543
0.0636480390244231
0.0942029349281446
0.1132036012176216
0.1197035490887328
0.1137163094922835
0.0961644424954139
0.0688575927769615
0.0000000000000000
0.0000000000000000
0.0000000000000000
0.0000000000000000
0.0000000000000000
0.0000000000000000
0.0000000000000000
0.0000000000000000
0.0000000000000000
0.0000000000000000
0.0000000000000000
0.0000000000000000
0.0000000000000000
0.0000000000000000
0.0000000000000000
0.0000000000000000
0.0240070337696659
0.0634726431210569
0.0942012342155844
0.1133445784825085
0.1199650789855467
0.1140766443110242
0.0965991515430227
0.0693389529820981
0.0000000000000000
0.0000000000000000
0.0000000000000000
0.0000000000000000
0.0000000000000000
0.0000000000000000
0.0000000000000000
0.0000000000000000
0.0000000000000000
0.0000000000000000
0.0000000000000000
0.0000000000000000
0.0000000000000000
0.0000000000000000
0.0000000000000000
0.0000000000000000
0.0236165664499130
0.0633035222077682
0.0942119823825112
0.1135004511601445
0.1202420417875420
0.1144518289230630
0.0970474493289671
0.0698322877532659
0.0000000000000000
0.0000000000000000
0.0000000000000000
0.0000000000000000
0.0000000000000000
0.0000000000000000
0.0000000000000000
0.0000000000000000
0.0000000000000000
0.0000000000000000
0.0000000000000000
0.0000000000000000
0.0000000000000000
0.0000000000000000
0.0000000000000000
0.0000000000000000
0.0232190306912340
0.0631404176468511
0.0942349973445828
0.1136710040127913
0.1205341632291813
0.1148415326553232
0.0975089637672675
0.0703372048837469
0.0000000000000000
0.0000000000000000
0.0000000000000000
0.0000000000000000
0.0000000000000000
0.0000000000000000
0.0000000000000000
0.0000000000000000
0.0000000000000000
0.0000000000000000
0.0000000000000000
0.0000000000000000
0.0000000000000000
0.0000000000000000
0.0000000000000000
0.0000000000000000
0.0228138734457932
0.0629830484008615
0.0942700817810243
0.1138560088132432
0.1208411576295814
0.1152454152127889
0.0979833152652846
0.0708533069557096
0.0000000000000000
0.0000000000000000
0.0000000000000000
0.0000000000000000
0.0000000000000000
0.0000000000000000
0.0000000000000000
0.0000000000000000
0.0000000000000000
0.0000000000000000
0.0000000000000000
0.0000000000000000
0.0000000000000000
0.0000000000000000
0.0000000000000000
0.0000000000000000
0.0224005167985778
0.0628311109382297
0.0943170232139540
0.1140552244802001
0.1211627281022213
0.1156631269632603
0.0984701170637279
0.0713801917490321
0.0000000000000000
0.0000000000000000
0.0000000000000000
0.0000000000000000
0.0000000000000000
0.0000000000000000
0.0000000000000000
0.0000000000000000
0.0000000000000000
0.0000000000000000
0.0000000000000000
0.0000000000000000
0.0000000000000000
0.0000000000000000
0.0000000000000000
0.0000000000000000
0.0219783609495332
0.0626842789240997
0.0943755938079437
0.1142683969569841
0.1214985665229889
0.1160943090063423
0.0989689754105814
0.0719174524722850
0.0000000000000000
0.0000000000000000
0.0000000000000000
0.0000000000000000
0.0000000000000000
0.0000000000000000
0.0000000000000000
0.0000000000000000
0.0000000000000000
0.0000000000000000
0.0000000000000000
0.0000000000000000
0.0000000000000000
0.0000000000000000
0.0000000000000000
0.0000000000000000
0.0215467879980469
0.0625422029854953
0.0944455501590858
0.1144952589700584
0.1218483533062567
0.1165385929871757
0.0994794894034164
0.0724646776477111
0.0000000000000000
0.0000000000000000
0.0000000000000000
0.0000000000000000
0.0000000000000000
0.0000000000000000
0.0000000000000000
0.0000000000000000
0.0000000000000000
0.0000000000000000
0.0000000000000000
0.0000000000000000
0.0000000000000000
0.0000000000000000
0.0000000000000000
0.0000000000000000
0.0211051670471512
0.0624045109222447
0.0945266333123681
0.1147355298594820
0.1222117570745244
0.1169956006294843
0.1000012504171379
0.0730214504378553
0.0000000000000000
0.0000000000000000
0.0000000000000000
0.0000000000000000
0.0000000000000000
0.0000000000000000
0.0000000000000000
0.0000000000000000
0.0000000000000000
0.0000000000000000
0.0000000000000000
0.0000000000000000
0.0000000000000000
0.0000000000000000
0.0000000000000000
0.0000000000000000
0.0206528609196731
0.0622708085993322
0.0946185692403418
0.1149889156049290
0.1225884342883613
0.1174649430129890
0.1005338410636977
0.0735873473614470
0.0000000000000000
0.0000000000000000
0.0000000000000000
0.0000000000000000
0.0000000000000000
0.0000000000000000
0.0000000000000000
0.0000000000000000
0.0000000000000000
0.0000000000000000
0.0000000000000000
0.0000000000000000
0.0000000000000000
0.0000000000000000
0.0000000000000000
0.0000000000000000
0.0201892346869571
0.0621406815467215
0.0947210697201603
0.1152551090208634
0.1229780288069375
0.1179462195610909
0.1010768336968793
0.0741619364086895
0.0000000000000000
0.0000000000000000
0.0000000000000000
0.0000000000000000
0.0000000000000000
0.0000000000000000
0.0000000000000000
0.0000000000000000
0.0000000000000000
0.0000000000000000
0.0000000000000000
0.0000000000000000
0.0000000000000000
0.0000000000000000
0.0000000000000000
0.0000000000000000
0.0197136659580427
0.0620136970107156
0.0948338334002250
0.1155337899074068
0.1233801712404458
0.1184390166905586
0.1016297884615852
0.0747447746494837
0.0000000000000000
0.0000000000000000
0.0000000000000000
0.0000000000000000
0.0000000000000000
0.0000000000000000
0.0000000000000000
0.0000000000000000
0.0000000000000000
0.0000000000000000
0.0000000000000000
0.0000000000000000
0.0000000000000000
0.0000000000000000
0.0000000000000000
0.0000000000000000
0.0192255568959771
0.0618894062349599
0.0949565467778310
0.1158246249808570
0.1237944779874082
0.1189429060965999
0.1021922509799841
0.0753354054652440
0.0000000000000000
0.0000000000000000
0.0000000000000000
0.0000000000000000
0.0000000000000000
0.0000000000000000
0.0000000000000000
0.0000000000000000
0.0000000000000000
0.0000000000000000
0.0000000000000000
0.0000000000000000
0.0000000000000000
0.0000000000000000
0.0000000000000000
0.0000000000000000
0.0187243478535343
0.0617673467957858
0.0950888850817226
0.1161272676500824
0.1242205501459665
0.1194574429576649
0.1027637499965729
0.0759333558188274
0.0000000000000000
0.0000000000000000
0.0000000000000000
0.0000000000000000
0.0000000000000000
0.0000000000000000
0.0000000000000000
0.0000000000000000
0.0000000000000000
0.0000000000000000
0.0000000000000000
0.0000000000000000
0.0000000000000000
0.0000000000000000
0.0000000000000000
0.0000000000000000
0.0182095322958349
0.0616470450202572
0.0952305133149438
0.1164413581323254
0.1246579729180652
0.1199821647818520
0.1033437957950498
0.0765381343495661
0.0000000000000000
0.0000000000000000
0.0000000000000000
0.0000000000000000
0.0000000000000000
0.0000000000000000
0.0000000000000000
0.0000000000000000
0.0000000000000000
0.0000000000000000
0.0000000000000000
0.0000000000000000
0.0000000000000000
0.0000000000000000
0.0000000000000000
0.0000000000000000
0.0176806721216299
0.0615280182461306
0.0953810877429832
0.1167665244745154
0.1251063163232601
0.1205165918772441
0.1039318804610742
0.0771492314785544
0.0000000000000000
0.0000000000000000
0.0000000000000000
0.0000000000000000
0.0000000000000000
0.0000000000000000
0.0000000000000000
0.0000000000000000
0.0000000000000000
0.0000000000000000
0.0000000000000000
0.0000000000000000
0.0000000000000000
0.0000000000000000
0.0000000000000000
0.0000000000000000
0.0171374122549129
0.0614097762834934
0.0955402576469260
0.1171023846616252
0.1255651376328993
0.1210602300510330
0.1045274807617742
0.0777661223390478
0.0000000000000000
0.0000000000000000
0.0000000000000000
0.0000000000000000
0.0000000000000000
0.0000000000000000
0.0000000000000000
0.0000000000000000
0.0000000000000000
0.0000000000000000
0.0000000000000000
0.0000000000000000
0.0000000000000000
0.0000000000000000
0.0000000000000000
0.0000000000000000
0.0165794936497724
0.0612918212105914
0.0957076666075712
0.1174485491542602
0.1260339850050529
0.1216125751539339
0.1051300633641536
0.0783882724275894
0.0000000000000000
0.0000000000000000
0.0000000000000000
0.0000000000000000
0.0000000000000000
0.0000000000000000
0.0000000000000000
0.0000000000000000
0.0000000000000000
0.0000000000000000
0.0000000000000000
0.0000000000000000
0.0000000000000000
0.0000000000000000
0.0000000000000000
0.0000000000000000
0.0160067651747711
0.0611736448188378
0.0958829522429930
0.1178046225907514
0.1265124009150121
0.1221731179959375
0.1057390909502167
0.0790151445266112
0.0000000000000000
0.0000000000000000
0.0000000000000000
0.0000000000000000
0.0000000000000000
0.0000000000000000
0.0000000000000000
0.0000000000000000
0.0000000000000000
0.0000000000000000
0.0000000000000000
0.0000000000000000
0.0000000000000000
0.0000000000000000
0.0000000000000000
0.0000000000000000
0.0154191960620721
0.0610547239797322
0.0960657438296771
0.1181702035107253
0.1269999238690639
0.1227413478674309
0.1063540272464199
0.0796462048840261
0.0000000000000000
0.0000000000000000
0.0000000000000000
0.0000000000000000
0.0000000000000000
0.0000000000000000
0.0000000000000000
0.0000000000000000
0.0000000000000000
0.0000000000000000
0.0000000000000000
0.0000000000000000
0.0000000000000000
0.0000000000000000
0.0000000000000000
0.0000000000000000
0.0148168912738104
0.0609345150083022
0.0962556581611460
0.1185448819388201
0.1274960877866562
0.1233167536628073
0.1069743397173345
0.0802809271387690
0.0000000000000000
0.0000000000000000
0.0000000000000000
0.0000000000000000
0.0000000000000000
0.0000000000000000
0.0000000000000000
0.0000000000000000
0.0000000000000000
0.0000000000000000
0.0000000000000000
0.0000000000000000
0.0000000000000000
0.0000000000000000
0.0000000000000000
0.0000000000000000
0.0142001113216531
0.0608124486058349
0.0964522949458075
0.1189282358608672
0.1280004198053637
0.1238988230717066
0.1075995000436717
0.0809187939016091
0.0000000000000000
0.0000000000000000
0.0000000000000000
0.0000000000000000
0.0000000000000000
0.0000000000000000
0.0000000000000000
0.0000000000000000
0.0000000000000000
0.0000000000000000
0.0000000000000000
0.0000000000000000
0.0000000000000000
0.0000000000000000
0.0000000000000000
0.0000000000000000
0.0135692966240889
0.0606879265120854
0.0966552333287865
0.1193198282783948
0.1285124381419495
0.1244870413344597
0.1082289837473469
0.0815592971024208
0.0000000000000000
0.0000000000000000
0.0000000000000000
0.0000000000000000
0.0000000000000000
0.0000000000000000
0.0000000000000000
0.0000000000000000
0.0000000000000000
0.0000000000000000
0.0000000000000000
0.0000000000000000
0.0000000000000000
0.0000000000000000
0.0000000000000000
0.0000000000000000
0.0129250952330629
0.0605603202106131
0.0968640304750277
0.1197192061162622
0.1290316514361786
0.1250808910305911
0.1088622703649800
0.0822019384755202
0.0000000000000000
0.0000000000000000
0.0000000000000000
0.0000000000000000
0.0000000000000000
0.0000000000000000
0.0000000000000000
0.0000000000000000
0.0000000000000000
0.0000000000000000
0.0000000000000000
0.0000000000000000
0.0000000000000000
0.0000000000000000
0.0000000000000000
0.0000000000000000
0.0122683926194280
0.0604289712599138
0.0970782222519349
0.1201259011968219
0.1295575599227855
0.1256798533409601
0.1094988447018262
0.0828462307013904
0.0000000000000000
0.0000000000000000
0.0000000000000000
0.0000000000000000
0.0000000000000000
0.0000000000000000
0.0000000000000000
0.0000000000000000
0.0000000000000000
0.0000000000000000
0.0000000000000000
0.0000000000000000
0.0000000000000000
0.0000000000000000
0.0000000000000000
0.0000000000000000
0.0116003427705111
0.0602931926239551
0.0972973252123655
0.1205394325075611
0.1300896576928890
0.1262834101214846
0.1101381985893759
0.0834916987957244
0.0000000000000000
0.0000000000000000
0.0000000000000000
0.0000000000000000
0.0000000000000000
0.0000000000000000
0.0000000000000000
0.0000000000000000
0.0000000000000000
0.0000000000000000
0.0000000000000000
0.0000000000000000
0.0000000000000000
0.0000000000000000
0.0000000000000000
0.0000000000000000
0.0109224004828738
0.0601522705045678
0.0975208390149693
0.1209593086816664
0.1306274349380309
0.1268910457219382
0.1107798321893400
0.0841378808559674
0.0000000000000000
0.0000000000000000
0.0000000000000000
0.0000000000000000
0.0000000000000000
0.0000000000000000
0.0000000000000000
0.0000000000000000
0.0000000000000000
0.0000000000000000
0.0000000000000000
0.0000000000000000
0.0000000000000000
0.0000000000000000
0.0000000000000000
0.0000000000000000
0.0102363543626291
0.0600054665327847
0.0977482487065682
0.1213850300396809
0.1311703795044677
0.1275022479415926
0.1114232543042011
0.0847843277845689
0.0000000000000000
0.0000000000000000
0.0000000000000000
0.0000000000000000
0.0000000000000000
0.0000000000000000
0.0000000000000000
0.0000000000000000
0.0000000000000000
0.0000000000000000
0.0000000000000000
0.0000000000000000
