0.0000000000000000
0.0000000000000000
0.0000000000000000
0.0000000000000000
0.0000000000000000
0.0000000000000000
0.0000000000000000
0.0000000000000000
0.0000000000000000
0.0353942539746414
0.0388923601105678
0.0815257777012656
0.1169727109515069
0.1415641896013301
0.1520764873930934
0.1454082596963778
0.1173043114289193
0.0582954626728645
0.0000000000000000
0.0000000000000000
0.0000000000000000
0.0000000000000000
0.0000000000000000
0.0000000000000000
0.0000000000000000
0.0000000000000000
0.0000000000000000
0.0000000000000000
0.0000000000000000
0.0000000000000000
0.0000000000000000
0.0000000000000000
0.0000000000000000
0.0353572123761860
0.0386205136407868
0.0813189259108925
0.1168549460661097
0.1415510252249662
0.1521739219519687
0.1456113010508028
0.1175925815784219
0.0586014022850278
0.0000000000000000
0.0000000000000000
0.0000000000000000
0.0000000000000000
0.0000000000000000
0.0000000000000000
0.0000000000000000
0.0000000000000000
0.0000000000000000
0.0000000000000000
0.0000000000000000
0.0000000000000000
0.0000000000000000
0.0000000000000000
0.0000000000000000
0.0353182787941019
0.0383589662393872
0.0811231547954007
0.1167482636096019
0.1415478581516283
0.1522787052310939
0.1458164213217381
0.1178719471621759
0.0588724978558630
0.0000000000000000
0.0000000000000000
0.0000000000000000
0.0000000000000000
0.0000000000000000
0.0000000000000000
0.0000000000000000
0.0000000000000000
0.0000000000000000
0.0000000000000000
0.0000000000000000
0.0000000000000000
0.0000000000000000
0.0000000000000000
0.0000000000000000
0.0352774631091575
0.0381079550522555
0.0809386278478287
0.1166527362112788
0.1415546607272495
0.1523907083515254
0.1460233980329588
0.1181421038871804
0.0591082921064420
0.0000000000000000
0.0000000000000000
0.0000000000000000
0.0000000000000000
0.0000000000000000
0.0000000000000000
0.0000000000000000
0.0000000000000000
0.0000000000000000
0.0000000000000000
0.0000000000000000
0.0000000000000000
0.0000000000000000
0.0000000000000000
0.0000000000000000
0.0352347743230324
0.0378677050856777
0.0807654947297407
0.1165684217961124
0.1415713904203223
0.1525097876509757
0.1462319927205666
0.1184027228059332
0.0593082739475560
0.0000000000000000
0.0000000000000000
0.0000000000000000
0.0000000000000000
0.0000000000000000
0.0000000000000000
0.0000000000000000
0.0000000000000000
0.0000000000000000
0.0000000000000000
0.0000000000000000
0.0000000000000000
0.0000000000000000
0.0000000000000000
0.0000000000000000
0.0351902206313963
0.0376384309037161
0.0806038928715690
0.1164953649051814
0.1415979907499153
0.1526357850762235
0.1464419506002696
0.1186534488622355
0.0594718746676756
0.0000000000000000
0.0000000000000000
0.0000000000000000
0.0000000000000000
0.0000000000000000
0.0000000000000000
0.0000000000000000
0.0000000000000000
0.0000000000000000
0.0000000000000000
0.0000000000000000
0.0000000000000000
0.0000000000000000
0.0000000000000000
0.0000000000000000
0.0351438094586170
0.0374203374897195
0.0804539482782103
0.1164335974208513
0.1416343918399297
0.1527685284853689
0.1466530005021817
0.1188939001949810
0.0595984657017433
0.0000000000000000
0.0000000000000000
0.0000000000000000
0.0000000000000000
0.0000000000000000
0.0000000000000000
0.0000000000000000
0.0000000000000000
0.0000000000000000
0.0000000000000000
0.0000000000000000
0.0000000000000000
0.0000000000000000
0.0000000000000000
0.0000000000000000
0.0350955474679022
0.0372136203309097
0.0803157756883927
0.1163831387370264
0.1416805106022702
0.1529078318248887
0.1468648549851433
0.1191236680082075
0.0596873578643618
0.0000000000000000
0.0000000000000000
0.0000000000000000
0.0000000000000000
0.0000000000000000
0.0000000000000000
0.0000000000000000
0.0000000000000000
0.0000000000000000
0.0000000000000000
0.0000000000000000
0.0000000000000000
0.0000000000000000
0.0000000000000000
0.0000000000000000
0.0350454405655689
0.0370184650297706
0.0801894782257064
0.1163439955325855
0.1417362506399360
0.1530534951620678
0.1470772104948384
0.1193423168022363
0.0597378015626016
0.0000000000000000
0.0000000000000000
0.0000000000000000
0.0000000000000000
0.0000000000000000
0.0000000000000000
0.0000000000000000
0.0000000000000000
0.0000000000000000
0.0000000000000000
0.0000000000000000
0.0000000000000000
0.0000000000000000
0.0000000000000000
0.0000000000000000
0.0349934939206273
0.0368351656341766
0.0800751468839599
0.1163161613538050
0.1418015019750827
0.1532053045976802
0.1472897474772142
0.1195493846256330
0.0597489874902589
0.0000000000000000
0.0000000000000000
0.0000000000000000
0.0000000000000000
0.0000000000000000
0.0000000000000000
0.0000000000000000
0.0000000000000000
0.0000000000000000
0.0000000000000000
0.0000000000000000
0.0000000000000000
0.0000000000000000
0.0000000000000000
0.0000000000000000
0.0349397120170083
0.0367948799118715
0.0799728601442841
0.1162996163119662
0.1418761408223524
0.1533630321175381
0.1475021303133296
0.1197443830634426
0.0597200470327222
0.0000000000000000
0.0000000000000000
0.0000000000000000
0.0000000000000000
0.0000000000000000
0.0000000000000000
0.0000000000000000
0.0000000000000000
0.0000000000000000
0.0000000000000000
0.0000000000000000
0.0000000000000000
0.0000000000000000
0.0000000000000000
0.0000000000000000
0.0348840987587898
0.0367525667021525
0.0798826841273784
0.1162943271609716
0.1419600295764032
0.1535264354568039
0.1477140070131889
0.1199267965872570
0.0596500517428415
0.0000000000000000
0.0000000000000000
0.0000000000000000
0.0000000000000000
0.0000000000000000
0.0000000000000000
0.0000000000000000
0.0000000000000000
0.0000000000000000
0.0000000000000000
0.0000000000000000
0.0000000000000000
0.0000000000000000
0.0000000000000000
0.0000000000000000
0.0348266576344936
0.0367082177793697
0.0798046734309320
0.1163002479372839
0.1420530171313828
0.1536952580128686
0.1479250086223969
0.1200960812122460
0.0595380116171799
0.0000000000000000
0.0000000000000000
0.0000000000000000
0.0000000000000000
0.0000000000000000
0.0000000000000000
0.0000000000000000
0.0000000000000000
0.0000000000000000
0.0000000000000000
0.0000000000000000
0.0000000000000000
0.0000000000000000
0.0000000000000000
0.0000000000000000
0.0347673919463403
0.0366618247861487
0.0797388725540649
0.1163173210055230
0.1421549394322206
0.1538692287725602
0.1481347483917371
0.1202516625784656
0.0593828727005336
0.0000000000000000
0.0000000000000000
0.0000000000000000
0.0000000000000000
0.0000000000000000
0.0000000000000000
0.0000000000000000
0.0000000000000000
0.0000000000000000
0.0000000000000000
0.0000000000000000
0.0000000000000000
0.0000000000000000
0.0000000000000000
0.0000000000000000
0.0347063050979235
0.0366133794349479
0.0796853175376803
0.1163454782556688
0.1422656200475619
0.1540480621517074
0.1483428207773416
0.1203929338353615
0.0591835148236180
0.0000000000000000
0.0000000000000000
0.0000000000000000
0.0000000000000000
0.0000000000000000
0.0000000000000000
0.0000000000000000
0.0000000000000000
0.0000000000000000
0.0000000000000000
0.0000000000000000
0.0000000000000000
0.0000000000000000
0.0000000000000000
0.0000000000000000
0.0346434009354792
0.0365628737567480
0.0796440375089271
0.1163846421399880
0.1423848705892328
0.1542314577067056
0.1485488003820185
0.1205192536128024
0.0589387502822452
0.0000000000000000
0.0000000000000000
0.0000000000000000
0.0000000000000000
0.0000000000000000
0.0000000000000000
0.0000000000000000
0.0000000000000000
0.0000000000000000
0.0000000000000000
0.0000000000000000
0.0000000000000000
0.0000000000000000
0.0000000000000000
0.0000000000000000
0.0345786841091687
0.0365103003754556
0.0796150560006467
0.1164347265694320
0.1425124910500140
0.1544190998527890
0.1487522410127605
0.1206299442415233
0.0586473232699614
0.0000000000000000
0.0000000000000000
0.0000000000000000
0.0000000000000000
0.0000000000000000
0.0000000000000000
0.0000000000000000
0.0000000000000000
0.0000000000000000
0.0000000000000000
0.0000000000000000
0.0000000000000000
0.0000000000000000
0.0000000000000000
0.0000000000000000
0.0345121603784070
0.0364556527411674
0.0795983921757029
0.1164956378295331
0.1426482703374594
0.1546106579320576
0.1489526751832567
0.1207242902936870
0.0583079095728036
0.0000000000000000
0.0000000000000000
0.0000000000000000
0.0000000000000000
0.0000000000000000
0.0000000000000000
0.0000000000000000
0.0000000000000000
0.0000000000000000
0.0000000000000000
0.0000000000000000
0.0000000000000000
0.0000000000000000
0.0000000000000000
0.0000000000000000
0.0344438367421254
0.0363989252273823
0.0795940618307592
0.1165672756078036
0.1427919872194128
0.1548057869674082
0.1491496144354068
0.1208015377478263
0.0579191161591265
0.0000000000000000
0.0000000000000000
0.0000000000000000
0.0000000000000000
0.0000000000000000
0.0000000000000000
0.0000000000000000
0.0000000000000000
0.0000000000000000
0.0000000000000000
0.0000000000000000
0.0000000000000000
0.0000000000000000
0.0000000000000000
0.0000000000000000
0.0343737212924680
0.0363401130212761
0.0796020777498802
0.1166495337609409
0.1429434115049284
0.1550041291303488
0.1493425507636827
0.1208608942634490
0.0574794817321228
0.0000000000000000
0.0000000000000000
0.0000000000000000
0.0000000000000000
0.0000000000000000
0.0000000000000000
0.0000000000000000
0.0000000000000000
0.0000000000000000
0.0000000000000000
0.0000000000000000
0.0000000000000000
0.0000000000000000
0.0000000000000000
0.0000000000000000
0.0343018227815150
0.0362792118251933
0.0796224485215867
0.1167423000602615
0.1431023047916439
0.1552053154652910
0.1495309590135416
0.1209015312058818
0.0569874804995674
0.0000000000000000
0.0000000000000000
0.0000000000000000
0.0000000000000000
0.0000000000000000
0.0000000000000000
0.0000000000000000
0.0000000000000000
0.0000000000000000
0.0000000000000000
0.0000000000000000
0.0000000000000000
0.0000000000000000
0.0000000000000000
0.0000000000000000
0.0342281500303109
0.0362162174909827
0.0796551752261352
0.1168454541389714
0.1432684199877952
0.1554089671164182
0.1497142997670658
0.1209225875675844
0.0564415316329578
0.0000000000000000
0.0000000000000000
0.0000000000000000
0.0000000000000000
0.0000000000000000
0.0000000000000000
0.0000000000000000
0.0000000000000000
0.0000000000000000
0.0000000000000000
0.0000000000000000
0.0000000000000000
0.0000000000000000
0.0000000000000000
0.0000000000000000
0.0341527113844631
0.0361511257561920
0.0797002460780401
0.1169588635581094
0.1434414992228338
0.1556146954751259
0.1498920220216934
0.1209231753987949
0.0558400152604668
0.0000000000000000
0.0000000000000000
0.0000000000000000
0.0000000000000000
0.0000000000000000
0.0000000000000000
0.0000000000000000
0.0000000000000000
0.0000000000000000
0.0000000000000000
0.0000000000000000
0.0000000000000000
0.0000000000000000
0.0000000000000000
0.0000000000000000
0.0340755143914148
0.0360839321891003
0.0797576301013909
0.1170823787364087
0.1436212706110625
0.1558221012664045
0.1500635652057466
0.1209023856508490
0.0551812934373059
0.0000000000000000
0.0000000000000000
0.0000000000000000
0.0000000000000000
0.0000000000000000
0.0000000000000000
0.0000000000000000
0.0000000000000000
0.0000000000000000
0.0000000000000000
0.0000000000000000
0.0000000000000000
0.0000000000000000
0.0000000000000000
0.0000000000000000
0.0339965657258869
0.0360146323221779
0.0798272713960769
0.1172158282062199
0.1438074449499769
0.1560307732282098
0.1502283604843693
0.1208592932283016
0.0544637324213200
0.0000000000000000
0.0000000000000000
0.0000000000000000
0.0000000000000000
0.0000000000000000
0.0000000000000000
0.0000000000000000
0.0000000000000000
0.0000000000000000
0.0000000000000000
0.0000000000000000
0.0000000000000000
0.0000000000000000
0.0000000000000000
0.0000000000000000
0.0339158712557854
0.0359432218401936
0.0799090853636931
0.1173590154732834
0.1439997135677733
0.1562402872562620
0.1503858316379010
0.1207929602935905
0.0536857227643139
0.0000000000000000
0.0000000000000000
0.0000000000000000
0.0000000000000000
0.0000000000000000
0.0000000000000000
0.0000000000000000
0.0000000000000000
0.0000000000000000
0.0000000000000000
0.0000000000000000
0.0000000000000000
0.0000000000000000
0.0000000000000000
0.0000000000000000
0.0338334360925992
0.0358696966814727
0.0800029573983808
0.1175117181222495
0.1441977479076043
0.1564502065580353
0.1505353958278164
0.1207024375075746
0.0528456953436003
0.0000000000000000
0.0000000000000000
0.0000000000000000
0.0000000000000000
0.0000000000000000
0.0000000000000000
0.0000000000000000
0.0000000000000000
0.0000000000000000
0.0000000000000000
0.0000000000000000
0.0000000000000000
0.0000000000000000
0.0000000000000000
0.0000000000000000
0.0337492645492348
0.0357940529967906
0.0801087437547786
0.1176736888678014
0.1444012006877556
0.1566600827430599
0.1506764643063984
0.1205867634353074
0.0519421343710155
0.0000000000000000
0.0000000000000000
0.0000000000000000
0.0000000000000000
0.0000000000000000
0.0000000000000000
0.0000000000000000
0.0000000000000000
0.0000000000000000
0.0000000000000000
0.0000000000000000
0.0000000000000000
0.0000000000000000
0.0000000000000000
0.0000000000000000
0.0336633600416139
0.0357558518678061
0.0802262737178041
0.1178446577699222
0.1446097079137403
0.1568694573405109
0.1508084429277133
0.1204449626792132
0.0509735899867972
0.0000000000000000
0.0000000000000000
0.0000000000000000
0.0000000000000000
0.0000000000000000
0.0000000000000000
0.0000000000000000
0.0000000000000000
0.0000000000000000
0.0000000000000000
0.0000000000000000
0.0000000000000000
0.0000000000000000
0.0000000000000000
0.0000000000000000
0.0335757250323811
0.0358317216760038
0.0803553523560071
0.1180243348114739
0.1448228910370359
0.1570778632032538
0.1509307322730756
0.1202760433129270
0.0499386934362760
0.0000000000000000
0.0000000000000000
0.0000000000000000
0.0000000000000000
0.0000000000000000
0.0000000000000000
0.0000000000000000
0.0000000000000000
0.0000000000000000
0.0000000000000000
0.0000000000000000
0.0000000000000000
0.0000000000000000
0.0000000000000000
0.0000000000000000
0.0334863610780260
0.0359207960660551
0.0804957633225375
0.1182124124064092
0.1450403588781410
0.1572848255656902
0.1510427273854408
0.1200789940106476
0.0488361767898793
0.0000000000000000
0.0000000000000000
0.0000000000000000
0.0000000000000000
0.0000000000000000
0.0000000000000000
