0.0000000000000000
0.0000000000000000
0.0000000000000000
0.0000000000000000
0.0255083059103919
0.0642141528983725
0.0942843595411338
0.1128720549777647
0.1190142026010602
0.1127276562191094
0.0949455568146676
0.0674893095064954
0.0000000000000000
0.0000000000000000
0.0000000000000000
0.0000000000000000
0.0000000000000000
0.0000000000000000
0.0000000000000000
0.0000000000000000
0.0000000000000000
0.0000000000000000
0.0000000000000000
0.0000000000000000
0.0000000000000000
0.0000000000000000
0.0000000000000000
0.0000000000000000
0.0251411698851049
0.0640186136715647
0.0942443822376529
0.1129671933377014
0.1192279095202952
0.1130415593751669
0.0953373462701415
0.0679324474320499
0.0000000000000000
0.0000000000000000
0.0000000000000000
0.0000000000000000
0.0000000000000000
0.0000000000000000
0.0000000000000000
0.0000000000000000
0.0000000000000000
0.0000000000000000
0.0000000000000000
0.0000000000000000
0.0000000000000000
0.0000000000000000
0.0000000000000000
0.0000000000000000
0.0247688767713507
0.0638299838478908
0.0942173011328837
0.1130777884367266
0.1194577985376383
0.1133712428194185
0.0957437930825432
0.0683887038551622
0.0000000000000000
0.0000000000000000
0.0000000000000000
0.0000000000000000
0.0000000000000000
0.0000000000000000
0.0000000000000000
0.0000000000000000
0.0000000000000000
0.0000000000000000
0.0000000000000000
0.0000000000000000
0.0000000000000000
0.0000000000000000
0.0000000000000000
0.0000000000000000
0.0243909995254344
0.0636480768935687
0.0942029848636693
0.1132036681923877
0.1197036328213905
0.1137164069453258
0.0961645489898422
0.0688577026696440
0.0000000000000000
0.0000000000000000
0.0000000000000000
0.0000000000000000
0.0000000000000000
0.0000000000000000
0.0000000000000000
0.0000000000000000
0.0000000000000000
0.0000000000000000
0.0000000000000000
0.0000000000000000
0.0000000000000000
0.0000000000000000
0.0000000000000000
0.0000000000000000
0.0240070751738192
0.0634726807647851
0.0942012838122793
0.1133446451146442
0.1199651624089692
0.1140767415033092
0.0965992578312641
0.0693390627246352
0.0000000000000000
0.0000000000000000
0.0000000000000000
0.0000000000000000
0.0000000000000000
0.0000000000000000
0.0000000000000000
0.0000000000000000
0.0000000000000000
0.0000000000000000
0.0000000000000000
0.0000000000000000
0.0000000000000000
0.0000000000000000
0.0000000000000000
0.0000000000000000
0.0236166080243964
0.0633035596156862
0.0942120316257391
0.1135005174352760
0.1202421248882227
0.1144519258417733
0.0970475553985852
0.0698323973333357
0.0000000000000000
0.0000000000000000
0.0000000000000000
0.0000000000000000
0.0000000000000000
0.0000000000000000
0.0000000000000000
0.0000000000000000
0.0000000000000000
0.0000000000000000
0.0000000000000000
0.0000000000000000
0.0000000000000000
0.0000000000000000
0.0000000000000000
0.0000000000000000
0.0232190724431660
0.0631404548086279
0.0942350462197263
0.1136710699165854
0.1205342459936515
0.1148416292876558
0.0975090696058069
0.0703373142889699
0.0000000000000000
0.0000000000000000
0.0000000000000000
0.0000000000000000
0.0000000000000000
0.0000000000000000
0.0000000000000000
0.0000000000000000
0.0000000000000000
0.0000000000000000
0.0000000000000000
0.0000000000000000
0.0000000000000000
0.0000000000000000
0.0000000000000000
0.0000000000000000
0.0228139153819040
0.0629830853062069
0.0942701302734725
0.1138560743313992
0.1208412400444037
0.1152455115459511
0.0979834208602667
0.0708534161736463
0.0000000000000000
0.0000000000000000
0.0000000000000000
0.0000000000000000
0.0000000000000000
0.0000000000000000
0.0000000000000000
0.0000000000000000
0.0000000000000000
0.0000000000000000
0.0000000000000000
0.0000000000000000
0.0000000000000000
0.0000000000000000
0.0000000000000000
0.0000000000000000
0.0224005589250375
0.0628311475768701
0.0943170713090890
0.1140552895984418
0.1211628101539850
0.1156632229844641
0.0984702224026471
0.0713803007671810
0.0000000000000000
0.0000000000000000
0.0000000000000000
0.0000000000000000
0.0000000000000000
0.0000000000000000
0.0000000000000000
0.0000000000000000
0.0000000000000000
0.0000000000000000
0.0000000000000000
0.0000000000000000
0.0000000000000000
0.0000000000000000
0.0000000000000000
0.0000000000000000
0.0219784032717551
0.0626843152857550
0.0943756414911264
0.1142684616610511
0.1214986481983031
0.1160944047028013
0.0989690804809027
0.0719175612780800
0.0000000000000000
0.0000000000000000
0.0000000000000000
0.0000000000000000
0.0000000000000000
0.0000000000000000
0.0000000000000000
0.0000000000000000
0.0000000000000000
0.0000000000000000
0.0000000000000000
0.0000000000000000
0.0000000000000000
0.0000000000000000
0.0000000000000000
0.0000000000000000
0.0215468305204629
0.0625422390598528
0.0944455974156424
0.1144953232456985
0.1218484345917459
0.1165386883461008
0.0994795941925722
0.0724647862285207
0.0000000000000000
0.0000000000000000
0.0000000000000000
0.0000000000000000
0.0000000000000000
0.0000000000000000
0.0000000000000000
0.0000000000000000
0.0000000000000000
0.0000000000000000
0.0000000000000000
0.0000000000000000
0.0000000000000000
0.0000000000000000
0.0000000000000000
0.0000000000000000
0.0211052097729575
0.0624045466989333
0.0945266801275753
0.1147355936924439
0.1222118379568236
0.1169956956380804
0.1000013549125262
0.0730215587809810
0.0000000000000000
0.0000000000000000
0.0000000000000000
0.0000000000000000
0.0000000000000000
0.0000000000000000
0.0000000000000000
0.0000000000000000
0.0000000000000000
0.0000000000000000
0.0000000000000000
0.0000000000000000
0.0000000000000000
0.0000000000000000
0.0000000000000000
0.0000000000000000
0.0206529038505401
0.0622708440678955
0.0946186155994149
0.1149889789809556
0.1225885147541123
0.1174650376584527
0.1005339452526803
0.0735874554541232
0.0000000000000000
0.0000000000000000
0.0000000000000000
0.0000000000000000
0.0000000000000000
0.0000000000000000
0.0000000000000000
0.0000000000000000
0.0000000000000000
0.0000000000000000
0.0000000000000000
0.0000000000000000
0.0000000000000000
0.0000000000000000
0.0000000000000000
0.0000000000000000
0.0201892778227018
0.0621407166965892
0.0947211156082408
0.1152551719256870
0.1229781088427869
0.1179463138306097
0.1010769375667819
0.0741620442380840
0.0000000000000000
0.0000000000000000
0.0000000000000000
0.0000000000000000
0.0000000000000000
0.0000000000000000
0.0000000000000000
0.0000000000000000
0.0000000000000000
0.0000000000000000
0.0000000000000000
0.0000000000000000
0.0000000000000000
0.0000000000000000
0.0000000000000000
0.0000000000000000
0.0197137092962588
0.0620137318311749
0.0948338788023698
0.1155338523267469
0.1233802508330445
0.1184391105713115
0.1016298919996981
0.0747448822026986
0.0000000000000000
0.0000000000000000
0.0000000000000000
0.0000000000000000
0.0000000000000000
0.0000000000000000
0.0000000000000000
0.0000000000000000
0.0000000000000000
0.0000000000000000
0.0000000000000000
0.0000000000000000
0.0000000000000000
0.0000000000000000
0.0000000000000000
0.0000000000000000
0.0192256004316206
0.0618894407151274
0.0949565916790044
0.1158246869004190
0.1237945571234138
0.1189429995757598
0.1021923541735651
0.0753355127293188
0.0000000000000000
0.0000000000000000
0.0000000000000000
0.0000000000000000
0.0000000000000000
0.0000000000000000
0.0000000000000000
0.0000000000000000
0.0000000000000000
0.0000000000000000
0.0000000000000000
0.0000000000000000
0.0000000000000000
0.0000000000000000
0.0000000000000000
0.0000000000000000
0.0187243915784594
0.0617673809245759
0.0950889294667893
0.1161273290555596
0.1242206288120475
0.1194575360224036
0.1027638528328513
0.0759334627807425
0.0000000000000000
0.0000000000000000
0.0000000000000000
0.0000000000000000
0.0000000000000000
0.0000000000000000
0.0000000000000000
0.0000000000000000
0.0000000000000000
0.0000000000000000
0.0000000000000000
0.0000000000000000
0.0000000000000000
0.0000000000000000
0.0000000000000000
0.0000000000000000
0.0182095761982801
0.0616470787863528
0.0952305571686648
0.1164414190094039
0.1246580511009076
0.1199822574193466
0.1033438982612329
0.0765382409962489
0.0000000000000000
0.0000000000000000
0.0000000000000000
0.0000000000000000
0.0000000000000000
0.0000000000000000
0.0000000000000000
0.0000000000000000
0.0000000000000000
0.0000000000000000
0.0000000000000000
0.0000000000000000
0.0000000000000000
0.0000000000000000
0.0000000000000000
0.0000000000000000
0.0176807161856524
0.0615280516379500
0.0953811310500112
0.1167665848088782
0.1251063940095742
0.1205166840746841
0.1039319825443534
0.0771493377968839
0.0000000000000000
0.0000000000000000
0.0000000000000000
0.0000000000000000
0.0000000000000000
0.0000000000000000
0.0000000000000000
0.0000000000000000
0.0000000000000000
0.0000000000000000
0.0000000000000000
0.0000000000000000
0.0000000000000000
0.0000000000000000
0.0000000000000000
0.0000000000000000
0.0171374564597718
0.0614098092891541
0.0955403003917996
0.1171024444389566
0.1255652148094265
0.1210603217956269
0.1045275824493305
0.0777662283158599
0.0000000000000000
0.0000000000000000
0.0000000000000000
0.0000000000000000
0.0000000000000000
0.0000000000000000
0.0000000000000000
0.0000000000000000
0.0000000000000000
0.0000000000000000
0.0000000000000000
0.0000000000000000
0.0000000000000000
0.0000000000000000
0.0000000000000000
0.0000000000000000
0.0165795379692615
0.0612918538178703
0.0957077087747045
0.1174486083602455
0.1260340616585680
0.1216126664329117
0.1051301646431610
0.0783883780496800
0.0000000000000000
0.0000000000000000
0.0000000000000000
0.0000000000000000
0.0000000000000000
0.0000000000000000
0.0000000000000000
0.0000000000000000
0.0000000000000000
0.0000000000000000
0.0000000000000000
0.0000000000000000
0.0000000000000000
0.0000000000000000
0.0000000000000000
0.0000000000000000
0.0160068095765042
0.0611736770151251
0.0958829938166621
0.1178046812110723
0.1265124770323218
0.1221732087965513
0.1057391918078423
0.0790152497807373
0.0000000000000000
0.0000000000000000
0.0000000000000000
0.0000000000000000
0.0000000000000000
0.0000000000000000
0.0000000000000000
0.0000000000000000
0.0000000000000000
0.0000000000000000
0.0000000000000000
0.0000000000000000
0.0000000000000000
0.0000000000000000
0.0000000000000000
0.0000000000000000
0.0154192405067228
0.0610547557519833
0.0960657847939998
0.1181702615310507
0.1269999994370018
0.1227414381769512
0.1063541276698227
0.0796463097569059
0.0000000000000000
0.0000000000000000
0.0000000000000000
0.0000000000000000
0.0000000000000000
0.0000000000000000
0.0000000000000000
0.0000000000000000
0.0000000000000000
0.0000000000000000
0.0000000000000000
0.0000000000000000
0.0000000000000000
0.0000000000000000
0.0000000000000000
0.0000000000000000
0.0148169357143138
0.0609345463429861
0.0962556985000623
0.1185449393447958
0.1274961627920760
0.1233168434685188
0.1069744396936635
0.0802810316170829
0.0000000000000000
0.0000000000000000
0.0000000000000000
0.0000000000000000
0.0000000000000000
0.0000000000000000
0.0000000000000000
0.0000000000000000
0.0000000000000000
0.0000000000000000
0.0000000000000000
0.0000000000000000
0.0000000000000000
0.0000000000000000
0.0000000000000000
0.0000000000000000
0.0142001557023754
0.0608124794888837
0.0964523346430576
0.1189282926381049
0.1280004942351322
0.1238989123609043
0.1075995995600648
0.0809188979720018
0.0000000000000000
0.0000000000000000
0.0000000000000000
0.0000000000000000
0.0000000000000000
0.0000000000000000
0.0000000000000000
0.0000000000000000
0.0000000000000000
0.0000000000000000
0.0000000000000000
0.0000000000000000
0.0000000000000000
0.0000000000000000
0.0000000000000000
0.0000000000000000
0.0135693408799808
0.0606879569288456
0.0966552723678926
0.1193198844124619
0.1285125119829413
0.1244871300944468
0.1082290827909316
0.0815594007515047
0.0000000000000000
0.0000000000000000
0.0000000000000000
0.0000000000000000
0.0000000000000000
0.0000000000000000
0.0000000000000000
0.0000000000000000
0.0000000000000000
0.0000000000000000
0.0000000000000000
0.0000000000000000
0.0000000000000000
0.0000000000000000
0.0000000000000000
0.0000000000000000
0.0129251392888152
0.0605603501457952
0.0968640688392750
0.1197192615926738
0.1290317246752703
0.1250809792486756
0.1088623689228738
0.0822020416898809
0.0000000000000000
0.0000000000000000
0.0000000000000000
0.0000000000000000
0.0000000000000000
0.0000000000000000
0.0000000000000000
0.0000000000000000
0.0000000000000000
0.0000000000000000
0.0000000000000000
0.0000000000000000
0.0000000000000000
0.0000000000000000
0.0000000000000000
0.0000000000000000
0.0122684363886597
0.0604290006975416
0.0970782599243532
0.1201259560010300
0.1295576325468505
0.1256799410044531
0.1094989427611377
0.0828463334675899
0.0000000000000000
0.0000000000000000
0.0000000000000000
0.0000000000000000
0.0000000000000000
0.0000000000000000
0.0000000000000000
0.0000000000000000
0.0000000000000000
0.0000000000000000
0.0000000000000000
0.0000000000000000
0.0000000000000000
0.0000000000000000
0.0000000000000000
0.0000000000000000
0.0116003861550219
0.0602932215473143
0.0972973621757087
0.1205394866249448
0.1300897296887905
0.1262834972176959
0.1101382961372038
0.0834918011003040
0.0000000000000000
0.0000000000000000
0.0000000000000000
0.0000000000000000
0.0000000000000000
0.0000000000000000
0.0000000000000000
0.0000000000000000
0.0000000000000000
0.0000000000000000
0.0000000000000000
0.0000000000000000
0.0000000000000000
0.0000000000000000
0.0000000000000000
0.0000000000000000
0.0109224433720108
0.0601522988961501
0.0975208752516937
0.1209593620975202
0.1306275062926141
0.1268911322381719
0.1107799292127715
0.0841379826854497
0.0000000000000000
0.0000000000000000
0.0000000000000000
0.0000000000000000
0.0000000000000000
0.0000000000000000
0.0000000000000000
0.0000000000000000
0.0000000000000000
0.0000000000000000
0.0000000000000000
0.0000000000000000
0.0000000000000000
0.0000000000000000
0.0000000000000000
0.0000000000000000
0.0102363966328301
0.0600054943742313
0.0977482841988106
0.1213850827392021
0.1311704502045522
0.1275023338651421
0.1114233507903104
0.0847844291254588
0.0000000000000000
0.0000000000000000
0.0000000000000000
0.0000000000000000
0.0000000000000000
0.0000000000000000
0.0000000000000000
0.0000000000000000
0.0000000000000000
0.0000000000000000
0.0000000000000000
0.0000000000000000
