0.0000000000000000
0.0000000000000000
0.0000000000000000
0.0000000000000000
0.0878718718314641
0.1438490632778101
0.1552806861145781
0.1426949779352584
0.1149130038761287
0.0775481720033421
0.0000000000000000
0.0185225418310018
0.0352070734657929
0.0317081757004461
0.0267566917204193
0.0206231270011981
0.0135619989786661
0.0056146166072753
0.0000000000000000
0.0000000000000000
0.0000000000000000
0.0000000000000000
0.0000000000000000
0.0000000000000000
0.0000000000000000
0.0000000000000000
0.0000000000000000
0.0000000000000000
0.0866902061242900
0.1434580331612910
0.1552198043041981
0.1428003811515342
0.1151067168597532
0.0777788529420107
0.0000000000000000
0.0185183322039725
0.0352108921710822
0.0317217776409073
0.0267770314397776
0.0206468448034141
0.0135858361407935
0.0056355498982926
0.0000000000000000
0.0000000000000000
0.0000000000000000
0.0000000000000000
0.0000000000000000
0.0000000000000000
0.0000000000000000
0.0000000000000000
0.0000000000000000
0.0000000000000000
0.0854586451730250
0.1430467951534941
0.1551468002755000
0.1428950738954392
0.1152890118458866
0.0779967255401815
0.0000000000000000
0.0185130530587062
0.0352123402504717
0.0317327208444501
0.0267943773337701
0.0206671817273523
0.0136057905633085
0.0056517812212257
0.0000000000000000
0.0000000000000000
0.0000000000000000
0.0000000000000000
0.0000000000000000
0.0000000000000000
0.0000000000000000
0.0000000000000000
0.0000000000000000
0.0000000000000000
0.0841767305574298
0.1426151366059419
0.1550614954891979
0.1429788296246114
0.1154596275937415
0.0782015226392556
0.0000000000000000
0.0000000000000000
0.0352113926438213
0.0317409729489431
0.0268086928440730
0.0206841004105525
0.0136218276121163
0.0056632796759857
0.0000000000000000
0.0000000000000000
0.0000000000000000
0.0000000000000000
0.0000000000000000
0.0000000000000000
0.0000000000000000
0.0000000000000000
0.0000000000000000
0.0000000000000000
0.0828440095200773
0.1421628352344164
0.1549637093457534
0.1430514233553319
0.1156183076909371
0.0783929850653187
0.0000000000000000
0.0000000000000000
0.0352080242855220
0.0317465020098105
0.0268199422691955
0.0206975647449393
0.0136339141225234
0.0056700160710884
0.0000000000000000
0.0000000000000000
0.0000000000000000
0.0000000000000000
0.0000000000000000
0.0000000000000000
0.0000000000000000
0.0000000000000000
0.0000000000000000
0.0000000000000000
0.0814600450153106
0.1416896602768395
0.1548532591730654
0.1431126309142811
0.1157647993398905
0.0785708600927027
0.0000000000000000
0.0000000000000000
0.0352022100044739
0.0317492763446608
0.0268280905571093
0.0207075396287612
0.0136420181057000
0.0056719625555786
0.0000000000000000
0.0000000000000000
0.0000000000000000
0.0000000000000000
0.0000000000000000
0.0000000000000000
0.0000000000000000
0.0000000000000000
0.0000000000000000
0.0000000000000000
0.0800244252838303
0.1411953732347865
0.1547299603217899
0.1431622286477170
0.1158988527868404
0.0787349007214261
0.0000000000000000
0.0000000000000000
0.0351939244828256
0.0317492644660618
0.0268331032164218
0.0207139908516543
0.0136461086093294
0.0056690924279684
0.0000000000000000
0.0000000000000000
0.0000000000000000
0.0000000000000000
0.0000000000000000
0.0000000000000000
0.0000000000000000
0.0000000000000000
0.0000000000000000
0.0000000000000000
0.0785367733718761
0.1406797282908877
0.1545936263629609
0.1431999934972508
0.1160202213515494
0.0788848656389702
0.0000000000000000
0.0000000000000000
0.0351831422705432
0.0317464350956616
0.0268349463250443
0.0207168851006486
0.0136461557090030
0.0056613801138951
0.0000000000000000
0.0000000000000000
0.0000000000000000
0.0000000000000000
0.0000000000000000
0.0000000000000000
0.0000000000000000
0.0000000000000000
0.0000000000000000
0.0000000000000000
0.0769967572539175
0.1401424725678516
0.1544440693920675
0.1432257033720544
0.1161286618387124
0.0790205196801519
0.0000000000000000
0.0000000000000000
0.0351698378437989
0.0317407572354021
0.0268335866143199
0.0207161900473450
0.0136421306001456
0.0056488012623973
0.0000000000000000
0.0000000000000000
0.0000000000000000
0.0000000000000000
0.0000000000000000
0.0000000000000000
0.0000000000000000
0.0000000000000000
0.0000000000000000
0.0000000000000000
0.0754041015241666
0.1395833464793019
0.1542811004376064
0.1432391376586858
0.1162239351585752
0.0791416344910961
0.0000000000000000
0.0000000000000000
0.0351539856905106
0.0317322002726833
0.0268289915863578
0.0207118744782504
0.0136340057270556
0.0056313329055238
0.0000000000000000
0.0000000000000000
0.0000000000000000
0.0000000000000000
0.0000000000000000
0.0000000000000000
0.0000000000000000
0.0000000000000000
0.0000000000000000
0.0000000000000000
0.0737586014524947
0.1390020843948052
0.1541045299605122
0.1432400777155686
0.1163058068415666
0.0792479890852159
0.0000000000000000
0.0000000000000000
0.0351355603970717
0.0317207340740866
0.0268211296155138
0.0207039083959539
0.0136217548889732
0.0056089535950228
0.0000000000000000
0.0000000000000000
0.0000000000000000
0.0000000000000000
0.0000000000000000
0.0000000000000000
0.0000000000000000
0.0000000000000000
0.0000000000000000
0.0000000000000000
0.0720601405515289
0.1383984158963578
0.1539141684335207
0.1432283071669173
0.1163740471925070
0.0793393698950996
0.0000000000000000
0.0000000000000000
0.0351145367136710
0.0317063290359446
0.0268099699821432
0.0206922630426687
0.0136053532449933
0.0055816434444459
0.0000000000000000
0.0000000000000000
0.0000000000000000
0.0000000000000000
0.0000000000000000
0.0000000000000000
0.0000000000000000
0.0000000000000000
0.0000000000000000
0.0000000000000000
0.0703087123074913
0.1377720678202812
0.1537098270090548
0.1432036119092801
0.1164284309101294
0.0794155701882534
0.0000000000000000
0.0000000000000000
0.0350908895843196
0.0316889560709343
0.0267954828233525
0.0206769108163085
0.0135847772049836
0.0055493840481007
0.0000000000000000
0.0000000000000000
0.0000000000000000
0.0000000000000000
0.0000000000000000
0.0000000000000000
0.0000000000000000
0.0000000000000000
0.0000000000000000
0.0000000000000000
0.0685044466284859
0.1371227672025329
0.1534913183332042
0.1431657798826987
0.1164687362664130
0.0794763888866560
0.0000000000000000
0.0000000000000000
0.0350645941602683
0.0316685865552949
0.0267776390222911
0.0206578251192559
0.0135600042399030
0.0055121583378163
0.0000000000000000
0.0000000000000000
0.0000000000000000
0.0000000000000000
0.0000000000000000
0.0000000000000000
0.0000000000000000
0.0000000000000000
0.0000000000000000
0.0000000000000000
0.0666476410535167
0.1364502451197186
0.1532584576133721
0.1431146008273882
0.1164947441165725
0.0795216292005657
0.0000000000000000
0.0000000000000000
0.0350356258279308
0.0316451922833124
0.0267564101054307
0.0206349802092846
0.0135310127019603
0.0054699504687989
0.0000000000000000
0.0000000000000000
0.0000000000000000
0.0000000000000000
0.0000000000000000
0.0000000000000000
0.0000000000000000
0.0000000000000000
0.0000000000000000
0.0000000000000000
0.0647387967050992
0.1357542414255772
0.1530110640350836
0.1430498662153351
0.1165062370663595
0.0795510973852500
0.0000000000000000
0.0000000000000000
0.0350039602839367
0.0316187454702965
0.0267317681877368
0.0206083511104565
0.0134977817108623
0.0054227458157416
0.0000000000000000
0.0000000000000000
0.0000000000000000
0.0000000000000000
0.0000000000000000
0.0000000000000000
0.0000000000000000
0.0000000000000000
0.0000000000000000
0.0000000000000000
0.0627786582887889
0.1350345100725825
0.1527489624803508
0.1429713694494910
0.1165029988776029
0.0795646017863637
0.0000000000000000
0.0000000000000000
0.0349695736456115
0.0315892187972241
0.0267036859682309
0.0205779135712260
0.0134602910915916
0.0053705310360602
0.0000000000000000
0.0000000000000000
0.0000000000000000
0.0000000000000000
0.0000000000000000
0.0000000000000000
0.0000000000000000
0.0000000000000000
0.0000000000000000
0.0000000000000000
0.0607682561502403
0.1342908242938313
0.1524719852439165
0.1428789061774827
0.1164848140986349
0.0795619520846631
0.0000000000000000
0.0000000000000000
0.0349324425472552
0.0315565854472001
0.0266721367156182
0.0205436440125494
0.0134185212807118
0.0053132941081927
0.0000000000000000
0.0000000000000000
0.0000000000000000
0.0000000000000000
0.0000000000000000
0.0000000000000000
0.0000000000000000
0.0000000000000000
0.0000000000000000
0.0000000000000000
0.0587089465648586
0.1335229802349184
0.1521799732366116
0.1427722745845612
0.1164514678488419
0.0795429587764752
0.0000000000000000
0.0000000000000000
0.0348925441618190
0.0315208190870417
0.0266370942075851
0.0205055194171251
0.0133724531583182
0.0052510242705682
0.0000000000000000
0.0000000000000000
0.0000000000000000
0.0000000000000000
0.0000000000000000
0.0000000000000000
0.0000000000000000
0.0000000000000000
0.0000000000000000
0.0000000000000000
0.0566024462520065
0.1327307975078504
0.1518727762212569
0.1426512756603076
0.1164027460690562
0.0795074332614189
0.0000000000000000
0.0000000000000000
0.0348498561407972
0.0314818938117708
0.0265985326629610
0.0204635172304317
0.0133220678732385
0.0051837119660976
0.0000000000000000
0.0000000000000000
0.0000000000000000
0.0000000000000000
0.0000000000000000
0.0000000000000000
0.0000000000000000
0.0000000000000000
0.0000000000000000
0.0000000000000000
0.0544508590589748
0.1319141159951899
0.1515502520382105
0.1425157137612115
0.1163384367468329
0.0794551892948831
0.0000000000000000
0.0000000000000000
0.0348043565469538
0.0314397841604374
0.0265564268072063
0.0204176154336017
0.0132673468805933
0.0051113490577689
0.0000000000000000
0.0000000000000000
0.0000000000000000
0.0000000000000000
0.0000000000000000
0.0000000000000000
0.0000000000000000
0.0000000000000000
0.0000000000000000
0.0000000000000000
0.0522566974771406
0.1310727896981297
0.1512122653339854
0.1423653979135192
0.1162583326516292
0.0793860463752117
0.0000000000000000
0.0000000000000000
0.0347560239124213
0.0313944653434925
0.0265107522298431
0.0203677929837128
0.0132082724037036
0.0050339296161935
0.0000000000000000
0.0000000000000000
0.0000000000000000
0.0000000000000000
0.0000000000000000
0.0000000000000000
0.0000000000000000
0.0000000000000000
0.0000000000000000
0.0000000000000000
0.0500229050973244
0.1302066799005661
0.1508586866293718
0.1422001441384289
0.1161622355998545
0.0792998350949847
0.0000000000000000
0.0000000000000000
0.0347048375193498
0.0313459137619971
0.0264614860974504
0.0203140306732934
0.0131448284014400
0.0049514513836394
0.0000000000000000
0.0000000000000000
0.0000000000000000
0.0000000000000000
0.0000000000000000
0.0000000000000000
0.0000000000000000
0.0000000000000000
0.0000000000000000
0.0000000000000000
0.0477528867280246
0.1293156499274569
0.1504893923404367
0.1420197785934485
0.1160499616122472
0.0791964034934735
0.0000000000000000
0.0000000000000000
0.0346507778942966
0.0312941077476345
0.0264086081106657
0.0202563122644668
0.0130770018518501
0.0048639177176000
0.0000000000000000
0.0000000000000000
0.0000000000000000
0.0000000000000000
0.0000000000000000
0.0000000000000000
0.0000000000000000
0.0000000000000000
0.0000000000000000
0.0000000000000000
0.0454505489418399
0.1283995625981368
0.1501042657058009
0.1418241408588671
0.1159213458125081
0.0790756230169679
0.0000000000000000
0.0000000000000000
0.0345938273729053
0.0312390283309747
0.0263521014477744
0.0201946255850287
0.0130047839889779
0.0047713395613789
0.0000000000000000
0.0000000000000000
0.0000000000000000
0.0000000000000000
0.0000000000000000
0.0000000000000000
0.0000000000000000
0.0000000000000000
0.0000000000000000
0.0000000000000000
0.0431203488192878
0.1274582796194851
0.1497031979363098
0.1416130864816700
0.1157762459844323
0.0789373926972510
0.0000000000000000
0.0000000000000000
0.0345339705450750
0.0311806598005236
0.0262919534259156
0.0201289632700301
0.0129281711202471
0.0046737370130133
0.0000000000000000
0.0000000000000000
0.0000000000000000
0.0000000000000000
0.0000000000000000
0.0000000000000000
0.0000000000000000
0.0000000000000000
0.0000000000000000
0.0000000000000000
0.0407673456490202
0.1264916612835842
0.1492860887503370
0.1413864881807547
0.1156145441616579
0.0787816409374610
0.0000000000000000
0.0000000000000000
0.0344711944419728
0.0311189899198372
0.0262281557310216
0.0200593229958908
0.0128471648481248
0.0045711402762963
0.0000000000000000
0.0000000000000000
0.0000000000000000
0.0000000000000000
0.0000000000000000
0.0000000000000000
0.0000000000000000
0.0000000000000000
0.0000000000000000
0.0000000000000000
0.0383972513942696
0.1254995652887934
0.1488528459135218
0.1411442356454755
0.1154361464047902
0.0786083250899079
0.0000000000000000
0.0000000000000000
0.0344054884597476
0.0310540098129793
0.0261607042570098
0.0199857072560228
0.0127617717668190
0.0044635901220430
0.0000000000000000
0.0000000000000000
0.0000000000000000
0.0000000000000000
0.0000000000000000
0.0000000000000000
0.0000000000000000
0.0000000000000000
0.0000000000000000
0.0000000000000000
0.0360164785956578
0.1244818448702151
0.1484033840551279
0.1408862343566878
0.1152409813208832
0.0784174295958408
0.0000000000000000
0.0000000000000000
0.0343368441223955
0.0309857136541031
0.0260895987105186
0.0199081228784073
0.0126720028685109
0.0043511381642267
0.0000000000000000
0.0000000000000000
0.0000000000000000
0.0000000000000000
0.0000000000000000
0.0000000000000000
0.0000000000000000
0.0000000000000000
0.0000000000000000
0.0000000000000000
0.0336321863981003
0.1234383473061145
0.1479376234169249
0.1406124040547029
0.1150289980446450
0.0782089634788377
0.0000000000000000
0.0000000000000000
0.0342652548164480
0.0309140983107784
0.0260148421640700
0.0198265804819866
0.0125778728930310
0.0042338472697057
0.0000000000000000
0.0000000000000000
0.0000000000000000
0.0000000000000000
0.0000000000000000
0.0000000000000000
0.0000000000000000
0.0000000000000000
0.0000000000000000
0.0000000000000000
0.0312523237213414
0.1223689138143685
0.1474554890454415
0.1403226772843817
0.1148001641681238
0.0779829577658211
0.0000000000000000
0.0000000000000000
0.0341907155767155
0.0308391630331483
0.0259364406495191
0.0197410939859933
0.0124793997428403
0.0041117922748443
0.0000000000000000
0.0000000000000000
0.0000000000000000
0.0000000000000000
0.0000000000000000
0.0000000000000000
