0.0000000000000000
0.0000000000000000
0.0000000000000000
0.0000000000000000
0.0255083005494249
0.0642141474288325
0.0942843491967920
0.1128720382695446
0.1190141795715441
0.1127276277754427
0.0949455244317858
0.0674892750409940
0.0000000000000000
0.0000000000000000
0.0000000000000000
0.0000000000000000
0.0000000000000000
0.0000000000000000
0.0000000000000000
0.0000000000000000
0.0000000000000000
0.0000000000000000
0.0000000000000000
0.0000000000000000
0.0000000000000000
0.0000000000000000
0.0000000000000000
0.0000000000000000
0.0251411645044823
0.0640186082787102
0.0942443719938461
0.1129671767287799
0.1192278865793060
0.1130415310045777
0.0953373139423950
0.0679324130025587
0.0000000000000000
0.0000000000000000
0.0000000000000000
0.0000000000000000
0.0000000000000000
0.0000000000000000
0.0000000000000000
0.0000000000000000
0.0000000000000000
0.0000000000000000
0.0000000000000000
0.0000000000000000
0.0000000000000000
0.0000000000000000
0.0000000000000000
0.0000000000000000
0.0247688713708824
0.0638299785358691
0.0942172909941832
0.1130777719312717
0.1194577756889029
0.1133712145252980
0.0957437608131109
0.0683886694647579
0.0000000000000000
0.0000000000000000
0.0000000000000000
0.0000000000000000
0.0000000000000000
0.0000000000000000
0.0000000000000000
0.0000000000000000
0.0000000000000000
0.0000000000000000
0.0000000000000000
0.0000000000000000
0.0000000000000000
0.0000000000000000
0.0000000000000000
0.0000000000000000
0.0243909941048983
0.0636480716665171
0.0942029748346292
0.1132036517945413
0.1197036100686114
0.1137163787310498
0.0961645167819001
0.0688576683214142
0.0000000000000000
0.0000000000000000
0.0000000000000000
0.0000000000000000
0.0000000000000000
0.0000000000000000
0.0000000000000000
0.0000000000000000
0.0000000000000000
0.0000000000000000
0.0000000000000000
0.0000000000000000
0.0000000000000000
0.0000000000000000
0.0000000000000000
0.0000000000000000
0.0240070697329806
0.0634726756268365
0.0942012738974403
0.1133446288285248
0.1199651397558264
0.1140767133722392
0.0965992256879860
0.0693390284216802
0.0000000000000000
0.0000000000000000
0.0000000000000000
0.0000000000000000
0.0000000000000000
0.0000000000000000
0.0000000000000000
0.0000000000000000
0.0000000000000000
0.0000000000000000
0.0000000000000000
0.0000000000000000
0.0000000000000000
0.0000000000000000
0.0000000000000000
0.0000000000000000
0.0236166025630312
0.0633035545709774
0.0942120218296324
0.1135005012649814
0.1202421023383760
0.1144518977972583
0.0970475233231453
0.0698323630787693
0.0000000000000000
0.0000000000000000
0.0000000000000000
0.0000000000000000
0.0000000000000000
0.0000000000000000
0.0000000000000000
0.0000000000000000
0.0000000000000000
0.0000000000000000
0.0000000000000000
0.0000000000000000
0.0000000000000000
0.0000000000000000
0.0000000000000000
0.0000000000000000
0.0232190669610857
0.0631404498613060
0.0942350365468777
0.1136710538661946
0.1205342235507416
0.1148416013330340
0.0975090376013797
0.0703372800859205
0.0000000000000000
0.0000000000000000
0.0000000000000000
0.0000000000000000
0.0000000000000000
0.0000000000000000
0.0000000000000000
0.0000000000000000
0.0000000000000000
0.0000000000000000
0.0000000000000000
0.0000000000000000
0.0000000000000000
0.0000000000000000
0.0000000000000000
0.0000000000000000
0.0228139098789856
0.0629830804604379
0.0942701207284066
0.1138560584049753
0.1208412177120546
0.1152454836845508
0.0979833889300288
0.0708533820252577
0.0000000000000000
0.0000000000000000
0.0000000000000000
0.0000000000000000
0.0000000000000000
0.0000000000000000
0.0000000000000000
0.0000000000000000
0.0000000000000000
0.0000000000000000
0.0000000000000000
0.0000000000000000
0.0000000000000000
0.0000000000000000
0.0000000000000000
0.0000000000000000
0.0224005534012537
0.0628311428368464
0.0943170618963332
0.1140552738000342
0.1211627879358053
0.1156631952196062
0.0984701905497793
0.0713802666766133
0.0000000000000000
0.0000000000000000
0.0000000000000000
0.0000000000000000
0.0000000000000000
0.0000000000000000
0.0000000000000000
0.0000000000000000
0.0000000000000000
0.0000000000000000
0.0000000000000000
0.0000000000000000
0.0000000000000000
0.0000000000000000
0.0000000000000000
0.0000000000000000
0.0219783977272124
0.0626843106557045
0.0943756322152150
0.1142684459946981
0.1214986260978883
0.1160943770377997
0.0989690487085897
0.0719175272485110
0.0000000000000000
0.0000000000000000
0.0000000000000000
0.0000000000000000
0.0000000000000000
0.0000000000000000
0.0000000000000000
0.0000000000000000
0.0000000000000000
0.0000000000000000
0.0000000000000000
0.0000000000000000
0.0000000000000000
0.0000000000000000
0.0000000000000000
0.0000000000000000
0.0215468249554405
0.0625422345440470
0.0944455882811216
0.1144953077154297
0.1218484126126796
0.1165386607842645
0.0994795625040048
0.0724647522631459
0.0000000000000000
0.0000000000000000
0.0000000000000000
0.0000000000000000
0.0000000000000000
0.0000000000000000
0.0000000000000000
0.0000000000000000
0.0000000000000000
0.0000000000000000
0.0000000000000000
0.0000000000000000
0.0000000000000000
0.0000000000000000
0.0000000000000000
0.0000000000000000
0.0211052041879511
0.0624045423016971
0.0945266711390070
0.1147355783022821
0.1222118161026794
0.1169956681827143
0.1000013233109016
0.0730215248830149
0.0000000000000000
0.0000000000000000
0.0000000000000000
0.0000000000000000
0.0000000000000000
0.0000000000000000
0.0000000000000000
0.0000000000000000
0.0000000000000000
0.0000000000000000
0.0000000000000000
0.0000000000000000
0.0000000000000000
0.0000000000000000
0.0000000000000000
0.0000000000000000
0.0206528982463126
0.0622708397936163
0.0946186067613803
0.1149889637349194
0.1225884930284549
0.1174650103128585
0.1005339137412033
0.0735874216267994
0.0000000000000000
0.0000000000000000
0.0000000000000000
0.0000000000000000
0.0000000000000000
0.0000000000000000
0.0000000000000000
0.0000000000000000
0.0000000000000000
0.0000000000000000
0.0000000000000000
0.0000000000000000
0.0000000000000000
0.0000000000000000
0.0000000000000000
0.0000000000000000
0.0201892722003365
0.0621407125497262
0.0947211069253446
0.1152551568277920
0.1229780872491726
0.1179462865980865
0.1010769061486646
0.0741620104846554
0.0000000000000000
0.0000000000000000
0.0000000000000000
0.0000000000000000
0.0000000000000000
0.0000000000000000
0.0000000000000000
0.0000000000000000
0.0000000000000000
0.0000000000000000
0.0000000000000000
0.0000000000000000
0.0000000000000000
0.0000000000000000
0.0000000000000000
0.0000000000000000
0.0197137036572199
0.0620137278162685
0.0948338702792428
0.1155338373810056
0.1233802293750215
0.1184390834551556
0.1016298606781604
0.0747448485264371
0.0000000000000000
0.0000000000000000
0.0000000000000000
0.0000000000000000
0.0000000000000000
0.0000000000000000
0.0000000000000000
0.0000000000000000
0.0000000000000000
0.0000000000000000
0.0000000000000000
0.0000000000000000
0.0000000000000000
0.0000000000000000
0.0000000000000000
0.0000000000000000
0.0192255947778178
0.0618894368368083
0.0949565833203057
0.1158246721108418
0.1237945358045212
0.1189429725792640
0.1021923229518337
0.0753354791335153
0.0000000000000000
0.0000000000000000
0.0000000000000000
0.0000000000000000
0.0000000000000000
0.0000000000000000
0.0000000000000000
0.0000000000000000
0.0000000000000000
0.0000000000000000
0.0000000000000000
0.0000000000000000
0.0000000000000000
0.0000000000000000
0.0000000000000000
0.0000000000000000
0.0187243859123208
0.0617673771875749
0.0950889212772086
0.1161273144261536
0.1242206076358142
0.1194575091488557
0.1027638217141587
0.0759334292687054
0.0000000000000000
0.0000000000000000
0.0000000000000000
0.0000000000000000
0.0000000000000000
0.0000000000000000
0.0000000000000000
0.0000000000000000
0.0000000000000000
0.0000000000000000
0.0000000000000000
0.0000000000000000
0.0000000000000000
0.0000000000000000
0.0000000000000000
0.0000000000000000
0.0182095705228279
0.0616470751955107
0.0952305491529224
0.1164414045441708
0.1246580300708501
0.1199822306720277
0.1033438672488153
0.0765382075713028
0.0000000000000000
0.0000000000000000
0.0000000000000000
0.0000000000000000
0.0000000000000000
0.0000000000000000
0.0000000000000000
0.0000000000000000
0.0000000000000000
0.0000000000000000
0.0000000000000000
0.0000000000000000
0.0000000000000000
0.0000000000000000
0.0000000000000000
0.0000000000000000
0.0176807105045854
0.0615280481982253
0.0953811232128595
0.1167665705118135
0.1251063731291943
0.1205166574568662
0.1039319516414494
0.0771493044623685
0.0000000000000000
0.0000000000000000
0.0000000000000000
0.0000000000000000
0.0000000000000000
0.0000000000000000
0.0000000000000000
0.0000000000000000
0.0000000000000000
0.0000000000000000
0.0000000000000000
0.0000000000000000
0.0000000000000000
0.0000000000000000
0.0000000000000000
0.0000000000000000
0.0171374507775527
0.0614098060056351
0.0955402927380237
0.1171024303140473
0.1255651940822093
0.1210602953105711
0.1045275516591797
0.0777661950751285
0.0000000000000000
0.0000000000000000
0.0000000000000000
0.0000000000000000
0.0000000000000000
0.0000000000000000
0.0000000000000000
0.0000000000000000
0.0000000000000000
0.0000000000000000
0.0000000000000000
0.0000000000000000
0.0000000000000000
0.0000000000000000
0.0000000000000000
0.0000000000000000
0.0165795322912061
0.0612918506957866
0.0957077013091253
0.1174485944114699
0.1260340410879807
0.1216126400838673
0.1051301339690022
0.0783883449060986
0.0000000000000000
0.0000000000000000
0.0000000000000000
0.0000000000000000
0.0000000000000000
0.0000000000000000
0.0000000000000000
0.0000000000000000
0.0000000000000000
0.0000000000000000
0.0000000000000000
0.0000000000000000
0.0000000000000000
0.0000000000000000
0.0000000000000000
0.0000000000000000
0.0160068039088749
0.0611736740598619
0.0958829865441400
0.1178046674424015
0.1265124566218145
0.1221731825867558
0.1057391612529144
0.0790152167376847
0.0000000000000000
0.0000000000000000
0.0000000000000000
0.0000000000000000
0.0000000000000000
0.0000000000000000
0.0000000000000000
0.0000000000000000
0.0000000000000000
0.0000000000000000
0.0000000000000000
0.0000000000000000
0.0000000000000000
0.0000000000000000
0.0000000000000000
0.0000000000000000
0.0154192348568190
0.0610547529690954
0.0960657777194403
0.1181702479464514
0.1269999791900091
0.1227414121096315
0.1063540972373653
0.0796462768177737
0.0000000000000000
0.0000000000000000
0.0000000000000000
0.0000000000000000
0.0000000000000000
0.0000000000000000
0.0000000000000000
0.0000000000000000
0.0000000000000000
0.0000000000000000
0.0000000000000000
0.0000000000000000
0.0000000000000000
0.0000000000000000
0.0000000000000000
0.0000000000000000
0.0148169300905628
0.0609345437382144
0.0962556916284229
0.1185449259482336
0.1274961427120195
0.1233168175468931
0.1069744093869173
0.0802809987852759
0.0000000000000000
0.0000000000000000
0.0000000000000000
0.0000000000000000
0.0000000000000000
0.0000000000000000
0.0000000000000000
0.0000000000000000
0.0000000000000000
0.0000000000000000
0.0000000000000000
0.0000000000000000
0.0000000000000000
0.0000000000000000
0.0000000000000000
0.0000000000000000
0.0142001501144186
0.0608124770681702
0.0964523279793534
0.1189282794335477
0.1280004743254229
0.1238988865881841
0.1075995693822735
0.0809188652509377
0.0000000000000000
0.0000000000000000
0.0000000000000000
0.0000000000000000
0.0000000000000000
0.0000000000000000
0.0000000000000000
0.0000000000000000
0.0000000000000000
0.0000000000000000
0.0000000000000000
0.0000000000000000
0.0000000000000000
0.0000000000000000
0.0000000000000000
0.0000000000000000
0.0135693353387484
0.0606879546983487
0.0966552659172027
0.1193198714038840
0.1285124922469824
0.1244871044738379
0.1082290527453420
0.0815593681446146
0.0000000000000000
0.0000000000000000
0.0000000000000000
0.0000000000000000
0.0000000000000000
0.0000000000000000
0.0000000000000000
0.0000000000000000
0.0000000000000000
0.0000000000000000
0.0000000000000000
0.0000000000000000
0.0000000000000000
0.0000000000000000
0.0000000000000000
0.0000000000000000
0.0129251338065917
0.0605603481119054
0.0968640626067493
0.1197192487840585
0.1290317051164593
0.1250809537833805
0.1088623390127369
0.0822020092006077
0.0000000000000000
0.0000000000000000
0.0000000000000000
0.0000000000000000
0.0000000000000000
0.0000000000000000
0.0000000000000000
0.0000000000000000
0.0000000000000000
0.0000000000000000
0.0000000000000000
0.0000000000000000
0.0000000000000000
0.0000000000000000
0.0000000000000000
0.0000000000000000
0.0122684309791301
0.0604289988668953
0.0970782539152167
0.1201259433963739
0.1295576131685820
0.1256799156976723
0.1094989129897088
0.0828463010993884
0.0000000000000000
0.0000000000000000
0.0000000000000000
0.0000000000000000
0.0000000000000000
0.0000000000000000
0.0000000000000000
0.0000000000000000
0.0000000000000000
0.0000000000000000
0.0000000000000000
0.0000000000000000
0.0000000000000000
0.0000000000000000
0.0000000000000000
0.0000000000000000
0.0116003808332949
0.0602932199268110
0.0972973563952692
0.1205394742282612
0.1300897104944587
0.1262834720726300
0.1101382665077442
0.0834917688566409
0.0000000000000000
0.0000000000000000
0.0000000000000000
0.0000000000000000
0.0000000000000000
0.0000000000000000
0.0000000000000000
0.0000000000000000
0.0000000000000000
0.0000000000000000
0.0000000000000000
0.0000000000000000
0.0000000000000000
0.0000000000000000
0.0000000000000000
0.0000000000000000
0.0109224381546101
0.0601522974929675
0.0975208697053483
0.1209593499128426
0.1306274872856161
0.1268911072580236
0.1107798997285494
0.0841379505698036
0.0000000000000000
0.0000000000000000
0.0000000000000000
0.0000000000000000
0.0000000000000000
0.0000000000000000
0.0000000000000000
0.0000000000000000
0.0000000000000000
0.0000000000000000
0.0000000000000000
0.0000000000000000
0.0000000000000000
0.0000000000000000
0.0000000000000000
0.0000000000000000
0.0102363915376447
0.0600054931958441
0.0977482788920533
0.1213850707705895
0.1311704313882907
0.1275023090531185
0.1114233214546020
0.0847843971413203
0.0000000000000000
0.0000000000000000
0.0000000000000000
0.0000000000000000
0.0000000000000000
0.0000000000000000
0.0000000000000000
0.0000000000000000
0.0000000000000000
0.0000000000000000
0.0000000000000000
0.0000000000000000
