0.0000000000000000
0.0000000000000000
0.0000000000000000
0.0000000000000000
0.0255085070457558
0.0642143299162074
0.0942844968737635
0.1128721484565218
0.1190142500212707
0.1127276579383406
0.0949455162627251
0.0674892334018680
0.0000000000000000
0.0000000000000000
0.0000000000000000
0.0000000000000000
0.0000000000000000
0.0000000000000000
0.0000000000000000
0.0000000000000000
0.0000000000000000
0.0000000000000000
0.0000000000000000
0.0000000000000000
0.0000000000000000
0.0000000000000000
0.0000000000000000
0.0000000000000000
0.0251413716753216
0.0640187913230673
0.0942445200348420
0.1129672872023194
0.1192279572693136
0.1130415613606050
0.0953373059070498
0.0679323714224316
0.0000000000000000
0.0000000000000000
0.0000000000000000
0.0000000000000000
0.0000000000000000
0.0000000000000000
0.0000000000000000
0.0000000000000000
0.0000000000000000
0.0000000000000000
0.0000000000000000
0.0000000000000000
0.0000000000000000
0.0000000000000000
0.0000000000000000
0.0000000000000000
0.0247690792766781
0.0638301621653278
0.0942174394033592
0.1130778826854899
0.1194578466080849
0.1133712450601764
0.0957437528952315
0.0683886279264131
0.0000000000000000
0.0000000000000000
0.0000000000000000
0.0000000000000000
0.0000000000000000
0.0000000000000000
0.0000000000000000
0.0000000000000000
0.0000000000000000
0.0000000000000000
0.0000000000000000
0.0000000000000000
0.0000000000000000
0.0000000000000000
0.0000000000000000
0.0000000000000000
0.0243912028060388
0.0636482559099595
0.0942031236161422
0.1132037628233601
0.1197036812056261
0.1137164094302824
0.0961645089650636
0.0688576268075255
0.0000000000000000
0.0000000000000000
0.0000000000000000
0.0000000000000000
0.0000000000000000
0.0000000000000000
0.0000000000000000
0.0000000000000000
0.0000000000000000
0.0000000000000000
0.0000000000000000
0.0000000000000000
0.0000000000000000
0.0000000000000000
0.0000000000000000
0.0000000000000000
0.0240072792895233
0.0634728605139469
0.0942014230554545
0.1133447401256740
0.1199652110991021
0.1140767442211182
0.0965992179556062
0.0693389869148216
0.0000000000000000
0.0000000000000000
0.0000000000000000
0.0000000000000000
0.0000000000000000
0.0000000000000000
0.0000000000000000
0.0000000000000000
0.0000000000000000
0.0000000000000000
0.0000000000000000
0.0000000000000000
0.0000000000000000
0.0000000000000000
0.0000000000000000
0.0000000000000000
0.0236168130343680
0.0633037401322795
0.0942121713683230
0.1135006128239995
0.1202421738761139
0.1144519287808702
0.0970475156584792
0.0698323215614240
0.0000000000000000
0.0000000000000000
0.0000000000000000
0.0000000000000000
0.0000000000000000
0.0000000000000000
0.0000000000000000
0.0000000000000000
0.0000000000000000
0.0000000000000000
0.0000000000000000
0.0000000000000000
0.0000000000000000
0.0000000000000000
0.0000000000000000
0.0000000000000000
0.0232192784055404
0.0631406361282018
0.0942351864704357
0.1136711656804299
0.1205342952709180
0.1148416324362641
0.0975090299875351
0.0703372385404890
0.0000000000000000
0.0000000000000000
0.0000000000000000
0.0000000000000000
0.0000000000000000
0.0000000000000000
0.0000000000000000
0.0000000000000000
0.0000000000000000
0.0000000000000000
0.0000000000000000
0.0000000000000000
0.0000000000000000
0.0000000000000000
0.0000000000000000
0.0000000000000000
0.0228141223533284
0.0629832674652449
0.0942702710410405
0.1138561704675850
0.1208412896024232
0.1152455148920885
0.0979833813499703
0.0708533404340655
0.0000000000000000
0.0000000000000000
0.0000000000000000
0.0000000000000000
0.0000000000000000
0.0000000000000000
0.0000000000000000
0.0000000000000000
0.0000000000000000
0.0000000000000000
0.0000000000000000
0.0000000000000000
0.0000000000000000
0.0000000000000000
0.0000000000000000
0.0000000000000000
0.0224007669601211
0.0628313306128377
0.0943172126022742
0.1140553861039854
0.1211628599838994
0.1156632265159489
0.0984701829863355
0.0713802250219192
0.0000000000000000
0.0000000000000000
0.0000000000000000
0.0000000000000000
0.0000000000000000
0.0000000000000000
0.0000000000000000
0.0000000000000000
0.0000000000000000
0.0000000000000000
0.0000000000000000
0.0000000000000000
0.0000000000000000
0.0000000000000000
0.0000000000000000
0.0000000000000000
0.0219786124224142
0.0626844992371452
0.0943757833187194
0.1142685585327684
0.1214986982910240
0.1160944084072594
0.0989690411444604
0.0719174855125159
0.0000000000000000
0.0000000000000000
0.0000000000000000
0.0000000000000000
0.0000000000000000
0.0000000000000000
0.0000000000000000
0.0000000000000000
0.0000000000000000
0.0000000000000000
0.0000000000000000
0.0000000000000000
0.0000000000000000
0.0000000000000000
0.0000000000000000
0.0000000000000000
0.0215470408351423
0.0625424239662342
0.0944457397864741
0.1144954204802082
0.1218484849379593
0.1165386922109731
0.0994795549217694
0.0724647104280020
0.0000000000000000
0.0000000000000000
0.0000000000000000
0.0000000000000000
0.0000000000000000
0.0000000000000000
0.0000000000000000
0.0000000000000000
0.0000000000000000
0.0000000000000000
0.0000000000000000
0.0000000000000000
0.0000000000000000
0.0000000000000000
0.0000000000000000
0.0000000000000000
0.0211054212957094
0.0624047326009949
0.0945268230505238
0.1147356912861698
0.1222118885469949
0.1169956996506299
0.1000013156930269
0.0730214829308352
0.0000000000000000
0.0000000000000000
0.0000000000000000
0.0000000000000000
0.0000000000000000
0.0000000000000000
0.0000000000000000
0.0000000000000000
0.0000000000000000
0.0000000000000000
0.0000000000000000
0.0000000000000000
0.0000000000000000
0.0000000000000000
0.0000000000000000
0.0000000000000000
0.0206531166199436
0.0622710310074907
0.0946187590834099
0.1149890769301289
0.1225885655784903
0.1174650418057715
0.1005339060700516
0.0735873795396671
0.0000000000000000
0.0000000000000000
0.0000000000000000
0.0000000000000000
0.0000000000000000
0.0000000000000000
0.0000000000000000
0.0000000000000000
0.0000000000000000
0.0000000000000000
0.0000000000000000
0.0000000000000000
0.0000000000000000
0.0000000000000000
0.0000000000000000
0.0000000000000000
0.0201894918705977
0.0621409047167751
0.0947212596622670
0.1152552702263459
0.1229781598914056
0.1179463180996232
0.1010768984065008
0.0741619682446323
0.0000000000000000
0.0000000000000000
0.0000000000000000
0.0000000000000000
0.0000000000000000
0.0000000000000000
0.0000000000000000
0.0000000000000000
0.0000000000000000
0.0000000000000000
0.0000000000000000
0.0000000000000000
0.0000000000000000
0.0000000000000000
0.0000000000000000
0.0000000000000000
0.0197139246462812
0.0620139209762466
0.0948340234354650
0.1155339509747323
0.1233803020957233
0.1184391149487819
0.1016298528471569
0.0747448061155717
0.0000000000000000
0.0000000000000000
0.0000000000000000
0.0000000000000000
0.0000000000000000
0.0000000000000000
0.0000000000000000
0.0000000000000000
0.0000000000000000
0.0000000000000000
0.0000000000000000
0.0000000000000000
0.0000000000000000
0.0000000000000000
0.0000000000000000
0.0000000000000000
0.0192258170974942
0.0618896310306454
0.0949567369002547
0.1158247858913700
0.1237946085897546
0.1189430040482868
0.1021923150140759
0.0753354365338500
0.0000000000000000
0.0000000000000000
0.0000000000000000
0.0000000000000000
0.0000000000000000
0.0000000000000000
0.0000000000000000
0.0000000000000000
0.0000000000000000
0.0000000000000000
0.0000000000000000
0.0000000000000000
0.0000000000000000
0.0000000000000000
0.0000000000000000
0.0000000000000000
0.0187246095620420
0.0617675724573866
0.0950890752853205
0.1161274283849038
0.1242206804714304
0.1194575405764243
0.1027638136516493
0.0759333864622844
0.0000000000000000
0.0000000000000000
0.0000000000000000
0.0000000000000000
0.0000000000000000
0.0000000000000000
0.0000000000000000
0.0000000000000000
0.0000000000000000
0.0000000000000000
0.0000000000000000
0.0000000000000000
0.0000000000000000
0.0000000000000000
0.0000000000000000
0.0000000000000000
0.0182097954873224
0.0616472715845994
0.0952307035936286
0.1164415186723463
0.1246581029424848
0.1199822620411336
0.1033438590434784
0.0765381645401790
0.0000000000000000
0.0000000000000000
0.0000000000000000
0.0000000000000000
0.0000000000000000
0.0000000000000000
0.0000000000000000
0.0000000000000000
0.0000000000000000
0.0000000000000000
0.0000000000000000
0.0000000000000000
0.0000000000000000
0.0000000000000000
0.0000000000000000
0.0000000000000000
0.0176809367512553
0.0615282457510770
0.0953812780905700
0.1167666848003893
0.1251064460222623
0.1205166887503428
0.1039319432751327
0.0771492611886097
0.0000000000000000
0.0000000000000000
0.0000000000000000
0.0000000000000000
0.0000000000000000
0.0000000000000000
0.0000000000000000
0.0000000000000000
0.0000000000000000
0.0000000000000000
0.0000000000000000
0.0000000000000000
0.0000000000000000
0.0000000000000000
0.0000000000000000
0.0000000000000000
0.0171376782535227
0.0614100047679127
0.0955404480571110
0.1171025447537594
0.1255652669819000
0.1210603265110922
0.1045275431136575
0.0777661515408229
0.0000000000000000
0.0000000000000000
0.0000000000000000
0.0000000000000000
0.0000000000000000
0.0000000000000000
0.0000000000000000
0.0000000000000000
0.0000000000000000
0.0000000000000000
0.0000000000000000
0.0000000000000000
0.0000000000000000
0.0000000000000000
0.0000000000000000
0.0000000000000000
0.0165797609200266
0.0612920507143257
0.0957078570739106
0.1174487089928074
0.1260341139792542
0.1216126711739476
0.1051301252259776
0.0783883010933587
0.0000000000000000
0.0000000000000000
0.0000000000000000
0.0000000000000000
0.0000000000000000
0.0000000000000000
0.0000000000000000
0.0000000000000000
0.0000000000000000
0.0000000000000000
0.0000000000000000
0.0000000000000000
0.0000000000000000
0.0000000000000000
0.0000000000000000
0.0000000000000000
0.0160070335868521
0.0611738753826751
0.0958831427588851
0.1178047821556019
0.1265125294894013
0.1221732135487531
0.1057391522940237
0.0790151726286532
0.0000000000000000
0.0000000000000000
0.0000000000000000
0.0000000000000000
0.0000000000000000
0.0000000000000000
0.0000000000000000
0.0000000000000000
0.0000000000000000
0.0000000000000000
0.0000000000000000
0.0000000000000000
0.0000000000000000
0.0000000000000000
0.0000000000000000
0.0000000000000000
0.0154194654489458
0.0610549556453818
0.0960659343883451
0.1181703627815016
0.1270000520184163
0.1227414429257549
0.1063540880441864
0.0796462323946321
0.0000000000000000
0.0000000000000000
0.0000000000000000
0.0000000000000000
0.0000000000000000
0.0000000000000000
0.0000000000000000
0.0000000000000000
0.0000000000000000
0.0000000000000000
0.0000000000000000
0.0000000000000000
0.0000000000000000
0.0000000000000000
0.0000000000000000
0.0000000000000000
0.0148171614260279
0.0609347478183720
0.0962558487556282
0.1185450408948780
0.1274962154855420
0.1233168481992173
0.1069743999409859
0.0802809540302589
0.0000000000000000
0.0000000000000000
0.0000000000000000
0.0000000000000000
0.0000000000000000
0.0000000000000000
0.0000000000000000
0.0000000000000000
0.0000000000000000
0.0000000000000000
0.0000000000000000
0.0000000000000000
0.0000000000000000
0.0000000000000000
0.0000000000000000
0.0000000000000000
0.0142003819816884
0.0608126826038087
0.0964524855689490
0.1189283944813009
0.1280005470281620
0.1238989170586702
0.1075995596651034
0.0809188201463531
0.0000000000000000
0.0000000000000000
0.0000000000000000
0.0000000000000000
0.0000000000000000
0.0000000000000000
0.0000000000000000
0.0000000000000000
0.0000000000000000
0.0000000000000000
0.0000000000000000
0.0000000000000000
0.0000000000000000
0.0000000000000000
0.0000000000000000
0.0000000000000000
0.0135695674802491
0.0606881617422953
0.0966554239732361
0.1193199865420475
0.1285125648628682
0.1244871347443591
0.1082290427384516
0.0815593226728669
0.0000000000000000
0.0000000000000000
0.0000000000000000
0.0000000000000000
0.0000000000000000
0.0000000000000000
0.0000000000000000
0.0000000000000000
0.0000000000000000
0.0000000000000000
0.0000000000000000
0.0000000000000000
0.0000000000000000
0.0000000000000000
0.0000000000000000
0.0000000000000000
0.0129253659130453
0.0605605567182082
0.0968642211332359
0.1197193640017390
0.1290317776292756
0.1250809838357494
0.1088623286976766
0.0822019633442242
0.0000000000000000
0.0000000000000000
0.0000000000000000
0.0000000000000000
0.0000000000000000
0.0000000000000000
0.0000000000000000
0.0000000000000000
0.0000000000000000
0.0000000000000000
0.0000000000000000
0.0000000000000000
0.0000000000000000
0.0000000000000000
0.0000000000000000
0.0000000000000000
0.0122686626836369
0.0604292090908265
0.0970784129161516
0.1201260586825023
0.1295576855619902
0.1256799455136679
0.1094989023480881
0.0828462548410432
0.0000000000000000
0.0000000000000000
0.0000000000000000
0.0000000000000000
0.0000000000000000
0.0000000000000000
0.0000000000000000
0.0000000000000000
0.0000000000000000
0.0000000000000000
0.0000000000000000
0.0000000000000000
0.0000000000000000
0.0000000000000000
0.0000000000000000
0.0000000000000000
0.0116006117053025
0.0602934318248668
0.0972975158746390
0.1205395895716111
0.1300897827520216
0.1262835016340229
0.1101382555212558
0.0834917221791772
0.0000000000000000
0.0000000000000000
0.0000000000000000
0.0000000000000000
0.0000000000000000
0.0000000000000000
0.0000000000000000
0.0000000000000000
0.0000000000000000
0.0000000000000000
0.0000000000000000
0.0000000000000000
0.0000000000000000
0.0000000000000000
0.0000000000000000
0.0000000000000000
0.0109226676939607
0.0601525111228715
0.0975210296671430
0.1209594653020471
0.1306275593908184
0.1268911365465981
0.1107798883789912
0.0841379034562518
0.0000000000000000
0.0000000000000000
0.0000000000000000
0.0000000000000000
0.0000000000000000
0.0000000000000000
0.0000000000000000
0.0000000000000000
0.0000000000000000
0.0000000000000000
0.0000000000000000
0.0000000000000000
0.0000000000000000
0.0000000000000000
0.0000000000000000
0.0000000000000000
0.0102366191689748
0.0600057086165447
0.0977484393402773
0.1213851861941562
0.1311705033245577
0.1275023380506926
0.1114233097238954
0.0847843495749146
0.0000000000000000
0.0000000000000000
0.0000000000000000
0.0000000000000000
0.0000000000000000
0.0000000000000000
0.0000000000000000
0.0000000000000000
0.0000000000000000
0.0000000000000000
0.0000000000000000
0.0000000000000000
