0.0000000000000000
0.0000000000000000
0.0000000000000000
0.0000000000000000
0.0439356086636709
0.0000000000000000
0.0000000000000000
0.0000000000000000
0.0000000000000000
0.0775484587309033
0.0371092523232342
0.0370451040012156
0.0352070983818689
0.0317082027619219
0.0267567180770593
0.0206231499102985
0.0135620159785751
0.0056146250341797
0.0000000000000000
0.0000000000000000
0.0000000000000000
0.0000000000000000
0.0000000000000000
0.0000000000000000
0.0000000000000000
0.0000000000000000
0.0000000000000000
0.0000000000000000
0.0433447716626181
0.0000000000000000
0.0000000000000000
0.0000000000000000
0.0000000000000000
0.0777791395664995
0.0370869181947222
0.0370366847850097
0.0352109171466460
0.0317218047864245
0.0267770579038307
0.0206468678414770
0.0135858532913608
0.0056355585095499
0.0000000000000000
0.0000000000000000
0.0000000000000000
0.0000000000000000
0.0000000000000000
0.0000000000000000
0.0000000000000000
0.0000000000000000
0.0000000000000000
0.0000000000000000
0.0427289869391818
0.0000000000000000
0.0000000000000000
0.0000000000000000
0.0000000000000000
0.0779970120697380
0.0370626080674054
0.0370261265399558
0.0352123652929900
0.0317327480813620
0.0267944039124234
0.0206672049014451
0.0136058078717403
0.0056517900240765
0.0000000000000000
0.0000000000000000
0.0000000000000000
0.0000000000000000
0.0000000000000000
0.0000000000000000
0.0000000000000000
0.0000000000000000
0.0000000000000000
0.0000000000000000
0.0420880252887240
0.0000000000000000
0.0000000000000000
0.0000000000000000
0.0000000000000000
0.0782018090820006
0.0370363187260116
0.0370134141393275
0.0352114177607230
0.0317410002845436
0.0268087195444357
0.0206841237276499
0.0136218450855199
0.0056632886775801
0.0000000000000000
0.0000000000000000
0.0000000000000000
0.0000000000000000
0.0000000000000000
0.0000000000000000
0.0000000000000000
0.0000000000000000
0.0000000000000000
0.0000000000000000
0.0414216603389627
0.0000000000000000
0.0000000000000000
0.0000000000000000
0.0000000000000000
0.0783932714293327
0.0370080462785493
0.0369985320777906
0.0352080494841939
0.0317465294513307
0.0268199690982957
0.0206975882119213
0.0136339317679076
0.0056700252784849
0.0000000000000000
0.0000000000000000
0.0000000000000000
0.0000000000000000
0.0000000000000000
0.0000000000000000
0.0000000000000000
0.0000000000000000
0.0000000000000000
0.0000000000000000
0.0407296735746039
0.0000000000000000
0.0000000000000000
0.0000000000000000
0.0000000000000000
0.0785711463860042
0.0369777861729650
0.0369814644291261
0.0352022352922568
0.0317493038992652
0.0268281175218911
0.0207075632524112
0.0136420359299753
0.0056719719757432
0.0000000000000000
0.0000000000000000
0.0000000000000000
0.0000000000000000
0.0000000000000000
0.0000000000000000
0.0000000000000000
0.0000000000000000
0.0000000000000000
0.0000000000000000
0.0400118591247968
0.0000000000000000
0.0000000000000000
0.0000000000000000
0.0000000000000000
0.0787351869519521
0.0369455332089158
0.0369621948321548
0.0351939498670110
0.0317492921408455
0.0268331303237428
0.0207140146386578
0.0136461266193083
0.0056691020677729
0.0000000000000000
0.0000000000000000
0.0000000000000000
0.0000000000000000
0.0000000000000000
0.0000000000000000
0.0000000000000000
0.0000000000000000
0.0000000000000000
0.0000000000000000
0.0392680285229033
0.0000000000000000
0.0000000000000000
0.0000000000000000
0.0000000000000000
0.0788851518145563
0.0369112815500399
0.0369407065045027
0.0351831677583692
0.0317464628976468
0.0268349735816729
0.0207169090575911
0.0136461739114009
0.0056613899801153
0.0000000000000000
0.0000000000000000
0.0000000000000000
0.0000000000000000
0.0000000000000000
0.0000000000000000
0.0000000000000000
0.0000000000000000
0.0000000000000000
0.0000000000000000
0.0384980157680366
0.0000000000000000
0.0000000000000000
0.0000000000000000
0.0000000000000000
0.0790208058085135
0.0368750247477039
0.0369169822847370
0.0351698634424474
0.0317407851715349
0.0268336140269327
0.0207162141807111
0.0136421490015815
0.0056488113617109
0.0000000000000000
0.0000000000000000
0.0000000000000000
0.0000000000000000
0.0000000000000000
0.0000000000000000
0.0000000000000000
0.0000000000000000
0.0000000000000000
0.0000000000000000
0.0377016831710394
0.0000000000000000
0.0000000000000000
0.0000000000000000
0.0000000000000000
0.0791419205798073
0.0368367557824932
0.0368910046963016
0.0351540114071033
0.0317322283498308
0.0268290191615371
0.0207118987944221
0.0136340243340525
0.0056313432445073
0.0000000000000000
0.0000000000000000
0.0000000000000000
0.0000000000000000
0.0000000000000000
0.0000000000000000
0.0000000000000000
0.0000000000000000
0.0000000000000000
0.0000000000000000
0.0000000000000000
0.0000000000000000
0.0000000000000000
0.0000000000000000
0.0000000000000000
0.0792482751416902
0.0369016644955494
0.0368627560249620
0.0351355862386665
0.0317207622990332
0.0268211573597450
0.0207039329012088
0.0136217737079594
0.0056089641801475
0.0000000000000000
0.0000000000000000
0.0000000000000000
0.0000000000000000
0.0000000000000000
0.0000000000000000
0.0000000000000000
0.0000000000000000
0.0000000000000000
0.0000000000000000
0.0000000000000000
0.0000000000000000
0.0000000000000000
0.0000000000000000
0.0000000000000000
0.0793396559265697
0.0369765349188150
0.0368322183980294
0.0351145626872578
0.0317063574153888
0.0268099979018120
0.0206922877431785
0.0136053722823022
0.0055816542820730
0.0000000000000000
0.0000000000000000
0.0000000000000000
0.0000000000000000
0.0000000000000000
0.0000000000000000
0.0000000000000000
0.0000000000000000
0.0000000000000000
0.0000000000000000
0.0000000000000000
0.0000000000000000
0.0000000000000000
0.0000000000000000
0.0000000000000000
0.0794158562017521
0.0370351373002822
0.0367993738615960
0.0350909156968166
0.0316889846114846
0.0267955109247411
0.0206769357181364
0.0135847964668542
0.0055493951444738
0.0000000000000000
0.0000000000000000
0.0000000000000000
0.0000000000000000
0.0000000000000000
0.0000000000000000
0.0000000000000000
0.0000000000000000
0.0000000000000000
0.0000000000000000
0.0000000000000000
0.0000000000000000
0.0000000000000000
0.0000000000000000
0.0000000000000000
0.0794766748889987
0.0370773194853010
0.0367642044646556
0.0350646204185177
0.0316686152634662
0.0267776673115752
0.0206578502283545
0.0135600237324791
0.0055121696990519
0.0000000000000000
0.0000000000000000
0.0000000000000000
0.0000000000000000
0.0000000000000000
0.0000000000000000
0.0000000000000000
0.0000000000000000
0.0000000000000000
0.0000000000000000
0.0000000000000000
0.0000000000000000
0.0000000000000000
0.0000000000000000
0.0000000000000000
0.0795219151983333
0.0371029357254292
0.0367266923721196
0.0350356522386943
0.0316452211655213
0.0267564385886753
0.0206350055314918
0.0135310324312890
0.0054699621008743
0.0000000000000000
0.0000000000000000
0.0000000000000000
0.0000000000000000
0.0000000000000000
0.0000000000000000
0.0000000000000000
0.0000000000000000
0.0000000000000000
0.0000000000000000
0.0000000000000000
0.0000000000000000
0.0000000000000000
0.0000000000000000
0.0000000000000000
0.0795513833847744
0.0371118453454708
0.0366868200228788
0.0350039868538910
0.0316187745328565
0.0267317968708914
0.0206083766514920
0.0134978016828921
0.0054227577244796
0.0000000000000000
0.0000000000000000
0.0000000000000000
0.0000000000000000
0.0000000000000000
0.0000000000000000
0.0000000000000000
0.0000000000000000
0.0000000000000000
0.0000000000000000
0.0000000000000000
0.0000000000000000
0.0000000000000000
0.0000000000000000
0.0000000000000000
0.0795648877937145
0.0371039116698320
0.0366445703190166
0.0349696003813429
0.0315892480463405
0.0267037148571240
0.0205779393366861
0.0134603113121693
0.0053705432271096
0.0000000000000000
0.0000000000000000
0.0000000000000000
0.0000000000000000
0.0000000000000000
0.0000000000000000
0.0000000000000000
0.0000000000000000
0.0000000000000000
0.0000000000000000
0.0000000000000000
0.0000000000000000
0.0000000000000000
0.0000000000000000
0.0000000000000000
0.0795622381056352
0.0370790011251838
0.0365999267880398
0.0349324694552546
0.0315566148889639
0.0266721658159517
0.0205436700079015
0.0134185417555786
0.0053133065870058
0.0000000000000000
0.0000000000000000
0.0000000000000000
0.0000000000000000
0.0000000000000000
0.0000000000000000
0.0000000000000000
0.0000000000000000
0.0000000000000000
0.0000000000000000
0.0000000000000000
0.0000000000000000
0.0000000000000000
0.0000000000000000
0.0000000000000000
0.0795432448165781
0.0370369824882857
0.0365528736438720
0.0348925712484766
0.0315208487274244
0.0266371235249285
0.0205055456477028
0.0133724738931068
0.0052510370423746
0.0000000000000000
0.0000000000000000
0.0000000000000000
0.0000000000000000
0.0000000000000000
0.0000000000000000
0.0000000000000000
0.0000000000000000
0.0000000000000000
0.0000000000000000
0.0000000000000000
0.0000000000000000
0.0000000000000000
0.0000000000000000
0.0000000000000000
0.0795077193258678
0.0369777267346044
0.0365033957069192
0.0348498834123983
0.0314819236566199
0.0265985622027472
0.0204635437014309
0.0133220888734715
0.0051837250358764
0.0000000000000000
0.0000000000000000
0.0000000000000000
0.0000000000000000
0.0000000000000000
0.0000000000000000
0.0000000000000000
0.0000000000000000
0.0000000000000000
0.0000000000000000
0.0000000000000000
0.0000000000000000
0.0000000000000000
0.0000000000000000
0.0000000000000000
0.0794554753885902
0.0369011083115719
0.0364514782302307
0.0348043840096760
0.0314398142154738
0.0265564565747291
0.0204176421500791
0.0132673681516837
0.0051113624302176
0.0000000000000000
0.0000000000000000
0.0000000000000000
0.0000000000000000
0.0000000000000000
0.0000000000000000
0.0000000000000000
0.0000000000000000
0.0000000000000000
0.0000000000000000
0.0000000000000000
0.0000000000000000
0.0000000000000000
0.0000000000000000
0.0000000000000000
0.0793863325027746
0.0368070086242502
0.0363971067547473
0.0347560515723325
0.0313944956143084
0.0265107822302560
0.0203678199505857
0.0132082939509582
0.0050339432956945
0.0000000000000000
0.0000000000000000
0.0000000000000000
0.0000000000000000
0.0000000000000000
0.0000000000000000
0.0000000000000000
0.0000000000000000
0.0000000000000000
0.0000000000000000
0.0000000000000000
0.0000000000000000
0.0000000000000000
0.0000000000000000
0.0000000000000000
0.0793001212606731
0.0366953216987527
0.0363402671253131
0.0347048653824061
0.0313459442540551
0.0264615163357662
0.0203140578953413
0.0131448502300639
0.0049514653742218
0.0000000000000000
0.0000000000000000
0.0000000000000000
0.0000000000000000
0.0000000000000000
0.0000000000000000
0.0000000000000000
0.0000000000000000
0.0000000000000000
0.0000000000000000
0.0000000000000000
0.0000000000000000
0.0000000000000000
0.0000000000000000
0.0000000000000000
0.0791966897012087
0.0365659610939103
0.0362809457137011
0.0346508059663394
0.0312941384662658
0.0264086385917570
0.0202563397463333
0.0130770239669520
0.0048639320228943
0.0000000000000000
0.0000000000000000
0.0000000000000000
0.0000000000000000
0.0000000000000000
0.0000000000000000
0.0000000000000000
0.0000000000000000
0.0000000000000000
0.0000000000000000
0.0000000000000000
0.0000000000000000
0.0000000000000000
0.0000000000000000
0.0000000000000000
0.0790759092702998
0.0364188663373376
0.0362191297691931
0.0345938556596572
0.0312390592813761
0.0263521321763714
0.0201946533312220
0.0130048063955751
0.0047713541845617
0.0000000000000000
0.0000000000000000
0.0000000000000000
0.0000000000000000
0.0000000000000000
0.0000000000000000
0.0000000000000000
0.0000000000000000
0.0000000000000000
0.0000000000000000
0.0000000000000000
0.0000000000000000
0.0000000000000000
0.0000000000000000
0.0000000000000000
0.0789376789993315
0.0362540074137988
0.0361548077361992
0.0345339990521339
0.0311806909877540
0.0262919844066052
0.0201289912849239
0.0129281938232701
0.0046737519567409
0.0000000000000000
0.0000000000000000
0.0000000000000000
0.0000000000000000
0.0000000000000000
0.0000000000000000
0.0000000000000000
0.0000000000000000
0.0000000000000000
0.0000000000000000
0.0000000000000000
0.0000000000000000
0.0000000000000000
0.0000000000000000
0.0000000000000000
0.0787819272910155
0.0360713865256013
0.0360879694025512
0.0344712231748064
0.0311190213488135
0.0262281869682448
0.0200593512837251
0.0128471878524216
0.0045711555426256
0.0000000000000000
0.0000000000000000
0.0000000000000000
0.0000000000000000
0.0000000000000000
0.0000000000000000
0.0000000000000000
0.0000000000000000
0.0000000000000000
0.0000000000000000
0.0000000000000000
0.0000000000000000
0.0000000000000000
0.0000000000000000
0.0000000000000000
0.0786086114972103
0.0358710374198514
0.0360186058470002
0.0344055174236886
0.0310540414884732
0.0261607357550607
0.0199857358209043
0.0127617950771605
0.0044636057123370
0.0000000000000000
0.0000000000000000
0.0000000000000000
0.0000000000000000
0.0000000000000000
0.0000000000000000
0.0000000000000000
0.0000000000000000
0.0000000000000000
0.0000000000000000
0.0000000000000000
0.0000000000000000
0.0000000000000000
0.0000000000000000
0.0000000000000000
0.0784177160586880
0.0357177977687900
0.0359467092648929
0.0343368733226368
0.0309857455807383
0.0260896304735439
0.0199081517243124
0.0126720264895976
0.0043511540790433
0.0000000000000000
0.0000000000000000
0.0000000000000000
0.0000000000000000
0.0000000000000000
0.0000000000000000
0.0000000000000000
0.0000000000000000
0.0000000000000000
0.0000000000000000
0.0000000000000000
0.0000000000000000
0.0000000000000000
0.0000000000000000
0.0000000000000000
0.0782092499985292
0.0356379001332420
0.0358722727860516
0.0342652842580404
0.0309141304930298
0.0260148741960697
0.0198266096127636
0.0125778968294993
0.0042338635086650
0.0000000000000000
0.0000000000000000
0.0000000000000000
0.0000000000000000
0.0000000000000000
0.0000000000000000
0.0000000000000000
0.0000000000000000
0.0000000000000000
0.0000000000000000
0.0000000000000000
0.0000000000000000
0.0000000000000000
0.0000000000000000
0.0000000000000000
0.0779832443431406
0.0355558724339179
0.0357952903580187
0.0341907452645647
0.0308391954753410
0.0259364729543470
0.0197411234053658
0.0124794239992700
0.0041118088364704
0.0000000000000000
0.0000000000000000
0.0000000000000000
0.0000000000000000
0.0000000000000000
0.0000000000000000
