0.0000000000000000
0.0000000000000000
0.0000000000000000
0.0000000000000000
0.0878719960560275
0.1438491201691499
0.1552806959843262
0.1426949556824472
0.1149129598271017
0.0775481148343312
0.0000000000000000
0.0000000000000000
0.0000000000000000
0.0000000000000000
0.0133783391817588
0.0206231072936996
0.0135619729353592
0.0056145826033639
0.0000000000000000
0.0000000000000000
0.0000000000000000
0.0000000000000000
0.0000000000000000
0.0000000000000000
0.0000000000000000
0.0000000000000000
0.0000000000000000
0.0000000000000000
0.0866903318876421
0.1434580909366110
0.1552198146369251
0.1428003591519671
0.1151066729334130
0.0777787957996404
0.0000000000000000
0.0000000000000000
0.0000000000000000
0.0000000000000000
0.0133885090745938
0.0206468251597779
0.0135858101573340
0.0056355159492475
0.0000000000000000
0.0000000000000000
0.0000000000000000
0.0000000000000000
0.0000000000000000
0.0000000000000000
0.0000000000000000
0.0000000000000000
0.0000000000000000
0.0000000000000000
0.0854587725699516
0.1430468538570157
0.1551468110864255
0.1428950521531386
0.1152889680413523
0.0779966684213581
0.0000000000000000
0.0000000000000000
0.0000000000000000
0.0000000000000000
0.0133971820554455
0.0206671621487451
0.0136057646400547
0.0056517473264618
0.0000000000000000
0.0000000000000000
0.0000000000000000
0.0000000000000000
0.0000000000000000
0.0000000000000000
0.0000000000000000
0.0000000000000000
0.0000000000000000
0.0000000000000000
0.0841768596830153
0.1426151962828257
0.1550615067937097
0.1429788081436074
0.1154595839101319
0.0782014655409161
0.0000000000000000
0.0000000000000000
0.0000000000000000
0.0000000000000000
0.0134043398451308
0.0206840808981048
0.0136218017494035
0.0056632458348567
0.0000000000000000
0.0000000000000000
0.0000000000000000
0.0000000000000000
0.0000000000000000
0.0000000000000000
0.0000000000000000
0.0000000000000000
0.0000000000000000
0.0000000000000000
0.0828441404694560
0.1421628959308164
0.1549637211594213
0.1430514021396690
0.1156182641273758
0.0783929279844363
0.0000000000000000
0.0000000000000000
0.0000000000000000
0.0000000000000000
0.0134099645928830
0.0206975452997464
0.0136338883206643
0.0056699822829010
0.0000000000000000
0.0000000000000000
0.0000000000000000
0.0000000000000000
0.0000000000000000
0.0000000000000000
0.0000000000000000
0.0000000000000000
0.0000000000000000
0.0000000000000000
0.0814601778833558
0.1416897220399577
0.1548532715116541
0.1431126099680238
0.1157647558955102
0.0785708030262896
0.0000000000000000
0.0000000000000000
0.0000000000000000
0.0000000000000000
0.0134140387726670
0.0207075202518838
0.0136419923649843
0.0056719288196057
0.0000000000000000
0.0000000000000000
0.0000000000000000
0.0000000000000000
0.0000000000000000
0.0000000000000000
0.0000000000000000
0.0000000000000000
0.0000000000000000
0.0000000000000000
0.0800245601647669
0.1411954361129258
0.1547299732012708
0.1431622079749540
0.1158988094607857
0.0787348436665367
0.0000000000000000
0.0000000000000000
0.0000000000000000
0.0000000000000000
0.0134165451387660
0.0207139715441187
0.0136460829300239
0.0056690587434620
0.0000000000000000
0.0000000000000000
0.0000000000000000
0.0000000000000000
0.0000000000000000
0.0000000000000000
0.0000000000000000
0.0000000000000000
0.0000000000000000
0.0000000000000000
0.0785369103588118
0.1406797923335058
0.1545936397995236
0.1431999731020996
0.1160201781429809
0.0788848085927053
0.0000000000000000
0.0000000000000000
0.0000000000000000
0.0000000000000000
0.0134174667301152
0.0207168658634476
0.0136461300913514
0.0056613464800994
0.0000000000000000
0.0000000000000000
0.0000000000000000
0.0000000000000000
0.0000000000000000
0.0000000000000000
0.0000000000000000
0.0000000000000000
0.0000000000000000
0.0000000000000000
0.0769968964382779
0.1401425378256153
0.1544440834021313
0.1432256832586658
0.1161286187468100
0.0790204626396607
0.0000000000000000
0.0000000000000000
0.0000000000000000
0.0000000000000000
0.0134167869123658
0.0207161708814384
0.0136421050443686
0.0056487676785618
0.0000000000000000
0.0000000000000000
0.0000000000000000
0.0000000000000000
0.0000000000000000
0.0000000000000000
0.0000000000000000
0.0000000000000000
0.0000000000000000
0.0000000000000000
0.0754042429950154
0.1395834130041415
0.1542811150378313
0.1432391178312477
0.1162238921825415
0.0791415774535803
0.0000000000000000
0.0000000000000000
0.0000000000000000
0.0000000000000000
0.0134144894365527
0.0207118553845657
0.0136339802333503
0.0056312993709170
0.0000000000000000
0.0000000000000000
0.0000000000000000
0.0000000000000000
0.0000000000000000
0.0000000000000000
0.0000000000000000
0.0000000000000000
0.0000000000000000
0.0000000000000000
0.0737587452957259
0.1390021522399675
0.1541045451678101
0.1432400581783108
0.1163057639806303
0.0792479320479325
0.0000000000000000
0.0000000000000000
0.0000000000000000
0.0000000000000000
0.0134105584898342
0.0207038893753865
0.0136217294575135
0.0056089201089468
0.0000000000000000
0.0000000000000000
0.0000000000000000
0.0000000000000000
0.0000000000000000
0.0000000000000000
0.0000000000000000
0.0000000000000000
0.0000000000000000
0.0000000000000000
0.0720602868489073
0.1383984851164588
0.1539141842650647
0.1432282879241141
0.1163740044459260
0.0793393128553635
0.0000000000000000
0.0000000000000000
0.0000000000000000
0.0000000000000000
0.0134049787123685
0.0206922440960828
0.0136053278759292
0.0055816100062520
0.0000000000000000
0.0000000000000000
0.0000000000000000
0.0000000000000000
0.0000000000000000
0.0000000000000000
0.0000000000000000
0.0000000000000000
0.0000000000000000
0.0000000000000000
0.0703088611355221
0.1377721384713532
0.1537098434822870
0.1432035929652539
0.1164283882771934
0.0794155131434416
0.0000000000000000
0.0000000000000000
0.0000000000000000
0.0000000000000000
0.0133977351726895
0.0206768919445370
0.0135847518984408
0.0055493506572060
0.0000000000000000
0.0000000000000000
0.0000000000000000
0.0000000000000000
0.0000000000000000
0.0000000000000000
0.0000000000000000
0.0000000000000000
0.0000000000000000
0.0000000000000000
0.0685045980570889
0.1371228393420673
0.1534913354658399
0.1431657612418194
0.1164686937464451
0.0794763318342092
0.0000000000000000
0.0000000000000000
0.0000000000000000
0.0000000000000000
0.0133888133123525
0.0206578063231003
0.0135599789959819
0.0055121249937214
0.0000000000000000
0.0000000000000000
0.0000000000000000
0.0000000000000000
0.0000000000000000
0.0000000000000000
0.0000000000000000
0.0000000000000000
0.0000000000000000
0.0000000000000000
0.0666477951444750
0.1364503188067000
0.1532584754234007
0.1431145824940725
0.1164947017089294
0.0795215721379900
0.0000000000000000
0.0000000000000000
0.0000000000000000
0.0000000000000000
0.0133781988945735
0.0206349614895142
0.0135309875207343
0.0054699171711080
0.0000000000000000
0.0000000000000000
0.0000000000000000
0.0000000000000000
0.0000000000000000
0.0000000000000000
0.0000000000000000
0.0000000000000000
0.0000000000000000
0.0000000000000000
0.0647389535102618
0.1357543167205089
0.1530110825407638
0.1430498481940420
0.1165061947704313
0.0795510403101192
0.0000000000000000
0.0000000000000000
0.0000000000000000
0.0000000000000000
0.0133658779768151
0.0206083324678073
0.0134977565923757
0.0054227125641840
0.0000000000000000
0.0000000000000000
0.0000000000000000
0.0000000000000000
0.0000000000000000
0.0000000000000000
0.0000000000000000
0.0000000000000000
0.0000000000000000
0.0000000000000000
0.0627788178479941
0.1350345870374978
0.1527489817002017
0.1429713517447152
0.1165029566928102
0.0795645446963199
0.0000000000000000
0.0000000000000000
0.0000000000000000
0.0000000000000000
0.0000000000000000
0.0205778950063994
0.0134602660358579
0.0053704978305149
0.0000000000000000
0.0000000000000000
0.0000000000000000
0.0000000000000000
0.0000000000000000
0.0000000000000000
0.0000000000000000
0.0000000000000000
0.0000000000000000
0.0000000000000000
0.0607684184889375
0.1342909029922957
0.1524720051967026
0.1428788887937460
0.1164847720244257
0.0795618949774174
0.0000000000000000
0.0000000000000000
0.0000000000000000
0.0000000000000000
0.0000000000000000
0.0205436255262095
0.0134184962877099
0.0053132609487165
0.0000000000000000
0.0000000000000000
0.0000000000000000
0.0000000000000000
0.0000000000000000
0.0000000000000000
0.0000000000000000
0.0000000000000000
0.0000000000000000
0.0000000000000000
0.0587091116914114
0.1335230607320216
0.1521799939413253
0.1427722575264009
0.1164514258846873
0.0795429016498073
0.0000000000000000
0.0000000000000000
0.0000000000000000
0.0000000000000000
0.0000000000000000
0.0205055010098975
0.0133724282279900
0.0052509911574276
0.0000000000000000
0.0000000000000000
0.0000000000000000
0.0000000000000000
0.0000000000000000
0.0000000000000000
0.0000000000000000
0.0000000000000000
0.0000000000000000
0.0000000000000000
0.0566026141546597
0.1327308798701964
0.1518727976971007
0.1426512589322663
0.1164027042144460
0.0795073761131766
0.0000000000000000
0.0000000000000000
0.0000000000000000
0.0000000000000000
0.0000000000000000
0.0204634989029013
0.0133220430054859
0.0051836788998070
0.0000000000000000
0.0000000000000000
0.0000000000000000
0.0000000000000000
0.0000000000000000
0.0000000000000000
0.0000000000000000
0.0000000000000000
0.0000000000000000
0.0000000000000000
0.0544510297024814
0.1319142002908953
0.1515502743045832
0.1425156973678286
0.1163383950012720
0.0794551321229819
0.0000000000000000
0.0000000000000000
0.0000000000000000
0.0000000000000000
0.0000000000000000
0.0204175971863116
0.0132673220752761
0.0051113160391345
0.0000000000000000
0.0000000000000000
0.0000000000000000
0.0000000000000000
0.0000000000000000
0.0000000000000000
0.0000000000000000
0.0000000000000000
0.0000000000000000
0.0000000000000000
0.0522568707990149
0.1310728759968317
0.1512122884104750
0.1423653818593260
0.1162582910146352
0.0793859891776343
0.0000000000000000
0.0000000000000000
0.0000000000000000
0.0000000000000000
0.0000000000000000
0.0203677748171649
0.0132082476606382
0.0050338966463661
0.0000000000000000
0.0000000000000000
0.0000000000000000
0.0000000000000000
0.0000000000000000
0.0000000000000000
0.0000000000000000
0.0000000000000000
0.0000000000000000
0.0000000000000000
0.0500230810037088
0.1302067682734453
0.1508587105357568
0.1422001284279482
0.1161621940709590
0.0792997778697816
0.0000000000000000
0.0000000000000000
0.0000000000000000
0.0000000000000000
0.0000000000000000
0.0203140125879489
0.0131448037203993
0.0049514184641769
0.0000000000000000
0.0000000000000000
0.0000000000000000
0.0000000000000000
0.0000000000000000
0.0000000000000000
0.0000000000000000
0.0000000000000000
0.0000000000000000
0.0000000000000000
0.0477530650891299
0.1293157404472673
0.1504894170966928
0.1420197632311996
0.1160499201910001
0.0791963462387656
0.0000000000000000
0.0000000000000000
0.0000000000000000
0.0000000000000000
0.0000000000000000
0.0202562942607485
0.0130769772325641
0.0048638848505404
0.0000000000000000
0.0000000000000000
0.0000000000000000
0.0000000000000000
0.0000000000000000
0.0000000000000000
0.0000000000000000
0.0000000000000000
0.0000000000000000
0.0000000000000000
0.0454507295869572
0.1283996553392359
0.1501042913321117
0.1418241258493722
0.1159213044984830
0.0790755657309513
0.0000000000000000
0.0000000000000000
0.0000000000000000
0.0000000000000000
0.0000000000000000
0.0201946076633228
0.0130047594311352
0.0047713067493254
0.0000000000000000
0.0000000000000000
0.0000000000000000
0.0000000000000000
0.0000000000000000
0.0000000000000000
0.0000000000000000
0.0000000000000000
0.0000000000000000
0.0000000000000000
0.0431205315313824
0.1274583746578615
0.1497032244530779
0.1416130718294633
0.1157762047772343
0.0789373353782018
0.0000000000000000
0.0000000000000000
0.0000000000000000
0.0000000000000000
0.0000000000000000
0.0201289454306891
0.0129281466234961
0.0046737042592329
0.0000000000000000
0.0000000000000000
0.0000000000000000
0.0000000000000000
0.0000000000000000
0.0000000000000000
0.0000000000000000
0.0000000000000000
0.0000000000000000
0.0000000000000000
0.0407675301589606
0.1264917586968802
0.1492861161781964
0.1413864738903926
0.1156145030609330
0.0787815835837414
0.0000000000000000
0.0000000000000000
0.0000000000000000
0.0000000000000000
0.0000000000000000
0.0200593052392358
0.0128471404120759
0.0045711075848334
0.0000000000000000
0.0000000000000000
0.0000000000000000
0.0000000000000000
0.0000000000000000
0.0000000000000000
0.0000000000000000
0.0000000000000000
0.0000000000000000
0.0000000000000000
0.0383974373747806
0.1254996651563287
0.1488528742733511
0.1411442217215466
0.1154361054102332
0.0786082676999723
0.0000000000000000
0.0000000000000000
0.0000000000000000
0.0000000000000000
0.0000000000000000
0.0199856895823460
0.0127617473910456
0.0044635574978502
0.0000000000000000
0.0000000000000000
0.0000000000000000
0.0000000000000000
0.0000000000000000
0.0000000000000000
0.0000000000000000
0.0000000000000000
0.0000000000000000
0.0000000000000000
0.0360166656551281
0.1244819472730113
0.1484034133680649
0.1408862208038230
0.1152409404322456
0.0784173721682401
0.0000000000000000
0.0000000000000000
0.0000000000000000
0.0000000000000000
0.0000000000000000
0.0199081052879749
0.0126719785525518
0.0043511056133161
0.0000000000000000
0.0000000000000000
0.0000000000000000
0.0000000000000000
0.0000000000000000
0.0000000000000000
0.0000000000000000
0.0000000000000000
0.0000000000000000
0.0000000000000000
0.0336323740744304
0.1234384523269219
0.1479376537043831
0.1406123908775862
0.1150289572617435
0.0782089060122247
0.0000000000000000
0.0000000000000000
0.0000000000000000
0.0000000000000000
0.0000000000000000
0.0198265629750410
0.0125778486363911
0.0042338147993235
0.0000000000000000
0.0000000000000000
0.0000000000000000
0.0000000000000000
0.0000000000000000
0.0000000000000000
0.0000000000000000
0.0000000000000000
0.0000000000000000
0.0000000000000000
0.0312525114760932
0.1223690215376895
0.1474555203291259
0.1403226644877598
0.1148001234908465
0.0779829002589535
0.0000000000000000
0.0000000000000000
0.0000000000000000
0.0000000000000000
0.0000000000000000
0.0197410765627554
0.0124793755449918
0.0041117598936726
0.0000000000000000
0.0000000000000000
0.0000000000000000
0.0000000000000000
0.0000000000000000
0.0000000000000000
