0.0000000000000000
0.0000000000000000
0.0000000000000000
0.0000000000000000
0.0878718505029035
0.1438490684600143
0.1552806953862236
0.1426949872270948
0.1149130125632008
0.0775481801580292
0.0000000000000000
0.0000000000000000
0.0352070756551273
0.0317081756872316
0.0267566891451372
0.0206231215969050
0.0135619904006897
0.0056146039174797
0.0000000000000000
0.0000000000000000
0.0000000000000000
0.0000000000000000
0.0000000000000000
0.0000000000000000
0.0000000000000000
0.0000000000000000
0.0000000000000000
0.0000000000000000
0.0866901845110540
0.1434580383798289
0.1552198136258772
0.1428003904731154
0.1151067255589459
0.0777788610961982
0.0000000000000000
0.0000000000000000
0.0352108943971567
0.0317217776663801
0.0267770289039641
0.0206468394386194
0.0135858276030569
0.0056355372503900
0.0000000000000000
0.0000000000000000
0.0000000000000000
0.0000000000000000
0.0000000000000000
0.0000000000000000
0.0000000000000000
0.0000000000000000
0.0000000000000000
0.0000000000000000
0.0854586232914593
0.1430468004201608
0.1551468096532292
0.1428950832493849
0.1152890205579462
0.0779967336935128
0.0000000000000000
0.0000000000000000
0.0352123425149194
0.0317327209101215
0.0267943748388092
0.0206671764032872
0.0136057820667347
0.0056517686157655
0.0000000000000000
0.0000000000000000
0.0000000000000000
0.0000000000000000
0.0000000000000000
0.0000000000000000
0.0000000000000000
0.0000000000000000
0.0000000000000000
0.0000000000000000
0.0841767084251974
0.1426151419329489
0.1550615049291451
0.1429788390135982
0.1154596363194374
0.0782015307913832
0.0000000000000000
0.0000000000000000
0.0352113949482492
0.0317409730562970
0.0268086903913222
0.0206840951284239
0.0136218191576084
0.0056632671134831
0.0000000000000000
0.0000000000000000
0.0000000000000000
0.0000000000000000
0.0000000000000000
0.0000000000000000
0.0000000000000000
0.0000000000000000
0.0000000000000000
0.0000000000000000
0.0828439871562666
0.1421628406344122
0.1549637188542422
0.1430514327820944
0.1156183164310622
0.0783929932159064
0.0000000000000000
0.0000000000000000
0.0352080266315103
0.0317465021603038
0.0268199398599857
0.0206975595059298
0.0136339057109648
0.0056700035520297
0.0000000000000000
0.0000000000000000
0.0000000000000000
0.0000000000000000
0.0000000000000000
0.0000000000000000
0.0000000000000000
0.0000000000000000
0.0000000000000000
0.0000000000000000
0.0814600224405493
0.1416896657629314
0.1548532687565798
0.1431126403816118
0.1157648080952601
0.0785708682414226
0.0000000000000000
0.0000000000000000
0.0352022123935759
0.0317492765397225
0.0268280881927446
0.0207075344340289
0.0136420097379544
0.0056719500804266
0.0000000000000000
0.0000000000000000
0.0000000000000000
0.0000000000000000
0.0000000000000000
0.0000000000000000
0.0000000000000000
0.0000000000000000
0.0000000000000000
0.0000000000000000
0.0800244025204064
0.1411953788205625
0.1547299699869784
0.1431622381584668
0.1158988615582912
0.0787349088679585
0.0000000000000000
0.0000000000000000
0.0351939269165669
0.0317492647070934
0.0268331008981798
0.0207139857023332
0.0136461002862405
0.0056690799971675
0.0000000000000000
0.0000000000000000
0.0000000000000000
0.0000000000000000
0.0000000000000000
0.0000000000000000
0.0000000000000000
0.0000000000000000
0.0000000000000000
0.0000000000000000
0.0785367504438634
0.1406797339904394
0.1545936361166412
0.1432000030543292
0.1160202301399399
0.0788848737830029
0.0000000000000000
0.0000000000000000
0.0351831447504213
0.0317464353840363
0.0268349440541754
0.0207168799978483
0.0136461474313949
0.0056613677278760
0.0000000000000000
0.0000000000000000
0.0000000000000000
0.0000000000000000
0.0000000000000000
0.0000000000000000
0.0000000000000000
0.0000000000000000
0.0000000000000000
0.0000000000000000
0.0769967341873048
0.1401424783957974
0.1544440792412304
0.1432257129784298
0.1161286706449213
0.0790205278213791
0.0000000000000000
0.0000000000000000
0.0351698403712834
0.0317407575724649
0.0268335843920477
0.0207161849921510
0.0136421223688227
0.0056487889215823
0.0000000000000000
0.0000000000000000
0.0000000000000000
0.0000000000000000
0.0000000000000000
0.0000000000000000
0.0000000000000000
0.0000000000000000
0.0000000000000000
0.0000000000000000
0.0754040783469897
0.1395833524508097
0.1542811103894204
0.1432391473173851
0.1162239439835009
0.0791416426292179
0.0000000000000000
0.0000000000000000
0.0351539882670420
0.0317322006597504
0.0268289894138789
0.0207118694717243
0.0136339975428026
0.0056313206103320
0.0000000000000000
0.0000000000000000
0.0000000000000000
0.0000000000000000
0.0000000000000000
0.0000000000000000
0.0000000000000000
0.0000000000000000
0.0000000000000000
0.0000000000000000
0.0737585781949687
0.1390020905256163
0.1541045400223271
0.1432400874296775
0.1163058156861266
0.0792479972199368
0.0000000000000000
0.0000000000000000
0.0351355630240614
0.0317207345124456
0.0268211274939977
0.0207039034391329
0.0136217467525551
0.0056089413458750
0.0000000000000000
0.0000000000000000
0.0000000000000000
0.0000000000000000
0.0000000000000000
0.0000000000000000
0.0000000000000000
0.0000000000000000
0.0000000000000000
0.0000000000000000
0.0720601172461814
0.1383984222028099
0.1539141786128709
0.1432283169395798
0.1163740560576368
0.0793393780261284
0.0000000000000000
0.0000000000000000
0.0351145393925008
0.0317063295268540
0.0268099679127322
0.0206922581365664
0.0136053451571553
0.0055816312417711
0.0000000000000000
0.0000000000000000
0.0000000000000000
0.0000000000000000
0.0000000000000000
0.0000000000000000
0.0000000000000000
0.0000000000000000
0.0000000000000000
0.0000000000000000
0.0703086889892961
0.1377720743193318
0.1537098373136631
0.1432036217436981
0.1164284397967815
0.0794155783153010
0.0000000000000000
0.0000000000000000
0.0350908923163411
0.0316889566156229
0.0267954808071611
0.0206769059619141
0.0135847691664511
0.0055493718923412
0.0000000000000000
0.0000000000000000
0.0000000000000000
0.0000000000000000
0.0000000000000000
0.0000000000000000
0.0000000000000000
0.0000000000000000
0.0000000000000000
0.0000000000000000
0.0685044233349939
0.1371227739117833
0.1534913287709842
0.1431657897821309
0.1164687451755561
0.0794763970094360
0.0000000000000000
0.0000000000000000
0.0350645969468021
0.0316685871549615
0.0267776370604061
0.0206578203175339
0.0135599962513810
0.0055121462294341
0.0000000000000000
0.0000000000000000
0.0000000000000000
0.0000000000000000
0.0000000000000000
0.0000000000000000
0.0000000000000000
0.0000000000000000
0.0000000000000000
0.0000000000000000
0.0666476178249819
0.1364502520574360
0.1532584681924304
0.1431146107951495
0.1164947530491892
0.0795216373187924
0.0000000000000000
0.0000000000000000
0.0350356286702655
0.0316451929391245
0.0267564081989099
0.0206349754611745
0.0135310047641323
0.0054699384082823
0.0000000000000000
0.0000000000000000
0.0000000000000000
0.0000000000000000
0.0000000000000000
0.0000000000000000
0.0000000000000000
0.0000000000000000
0.0000000000000000
0.0000000000000000
0.0647387735845956
0.1357542486107191
0.1530110747637212
0.1430498762547943
0.1165062460234463
0.0795511054986378
0.0000000000000000
0.0000000000000000
0.0350039631833278
0.0316187461833895
0.0267317663376084
0.0206083464168716
0.0134977738243897
0.0054227338036125
0.0000000000000000
0.0000000000000000
0.0000000000000000
0.0000000000000000
0.0000000000000000
0.0000000000000000
0.0000000000000000
0.0000000000000000
0.0000000000000000
0.0000000000000000
0.0627786353223135
0.1350345175248175
0.1527489733670639
0.1429713795640691
0.1165030078601676
0.0795646098946262
0.0000000000000000
0.0000000000000000
0.0349695766032798
0.0315892195687001
0.0267036841754920
0.0205779089330523
0.0134602832571124
0.0053705190728813
0.0000000000000000
0.0000000000000000
0.0000000000000000
0.0000000000000000
0.0000000000000000
0.0000000000000000
0.0000000000000000
0.0000000000000000
0.0000000000000000
0.0000000000000000
0.0607682333867955
0.1342908320335607
0.1524719962973956
0.1428789163706505
0.1164848231076947
0.0795619601875113
0.0000000000000000
0.0000000000000000
0.0349324455643854
0.0315565862781257
0.0266721349812333
0.0205436394306440
0.0134185134988387
0.0053132821945766
0.0000000000000000
0.0000000000000000
0.0000000000000000
0.0000000000000000
0.0000000000000000
0.0000000000000000
0.0000000000000000
0.0000000000000000
0.0000000000000000
0.0000000000000000
0.0587089240565034
0.1335229882832959
0.1521799844657406
0.1427722848598359
0.1164514768854217
0.0795429668736171
0.0000000000000000
0.0000000000000000
0.0348925472395580
0.0315208199784474
0.0266370925324850
0.0205055148923155
0.0133724454296374
0.0052510124071874
0.0000000000000000
0.0000000000000000
0.0000000000000000
0.0000000000000000
0.0000000000000000
0.0000000000000000
0.0000000000000000
0.0000000000000000
0.0000000000000000
0.0000000000000000
0.0566024240538708
0.1327308058868018
0.1518727876351115
0.1426512860212497
0.1164027551341861
0.0795074413525575
0.0000000000000000
0.0000000000000000
0.0348498592802526
0.0314818947646488
0.0265985310480412
0.0204635127635139
0.0133220601983083
0.0051837001536965
0.0000000000000000
0.0000000000000000
0.0000000000000000
0.0000000000000000
0.0000000000000000
0.0000000000000000
0.0000000000000000
0.0000000000000000
0.0000000000000000
0.0000000000000000
0.0544508372292286
0.1319141247274349
0.1515502636460578
0.1425157242114226
0.1163384458415469
0.0794551973797158
0.0000000000000000
0.0000000000000000
0.0348043597491935
0.0314397851757416
0.0265564252533266
0.0204176110253401
0.0132673392599433
0.0051113372971783
0.0000000000000000
0.0000000000000000
0.0000000000000000
0.0000000000000000
0.0000000000000000
0.0000000000000000
0.0000000000000000
0.0000000000000000
0.0000000000000000
0.0000000000000000
0.0522566760768965
0.1310727988072021
0.1512122771452838
0.1423654084566395
0.1162583417769629
0.0793860544534292
0.0000000000000000
0.0000000000000000
0.0347560271784729
0.0313944664221379
0.0265107507378276
0.0203677886348402
0.0132082648378346
0.0050339179083478
0.0000000000000000
0.0000000000000000
0.0000000000000000
0.0000000000000000
0.0000000000000000
0.0000000000000000
0.0000000000000000
0.0000000000000000
0.0000000000000000
0.0000000000000000
0.0500228841904682
0.1302066894108356
0.1508586986537709
0.1422001547781354
0.1161622447568430
0.0792998431662687
0.0000000000000000
0.0000000000000000
0.0347048408502009
0.0313459149048604
0.0264614846680878
0.0203140263845114
0.0131448208908243
0.0049514397295977
0.0000000000000000
0.0000000000000000
0.0000000000000000
0.0000000000000000
0.0000000000000000
0.0000000000000000
0.0000000000000000
0.0000000000000000
0.0000000000000000
0.0000000000000000
0.0477528663809474
0.1293156598641469
0.1504894045877780
0.1420197893334532
0.1160499708019250
0.0791964115574968
0.0000000000000000
0.0000000000000000
0.0346507812908952
0.0312941089555547
0.0264086067447105
0.0202563080364469
0.0130769943969324
0.0048639061185703
0.0000000000000000
0.0000000000000000
0.0000000000000000
0.0000000000000000
0.0000000000000000
0.0000000000000000
0.0000000000000000
0.0000000000000000
0.0000000000000000
0.0000000000000000
0.0454505292230621
0.1283995729873401
0.1501042781861164
0.1418241517029143
0.1159213550359068
0.0395378151765471
0.0000000000000000
0.0000000000000000
0.0345938308361605
0.0312390296047535
0.0263521001459471
0.0201946214184132
0.0130047765901765
0.0047713280187462
0.0000000000000000
0.0000000000000000
0.0000000000000000
0.0000000000000000
0.0000000000000000
0.0000000000000000
0.0000000000000000
0.0000000000000000
0.0000000000000000
0.0000000000000000
0.0431203297989519
0.1274582904881743
0.1497032106598198
0.1416130974335345
0.1157762552425788
0.0394687000130191
0.0000000000000000
0.0000000000000000
0.0345339740758567
0.0311806611409266
0.0262919521889044
0.0201289591654333
0.0129281637779549
0.0046737255283717
0.0000000000000000
0.0000000000000000
0.0000000000000000
0.0000000000000000
0.0000000000000000
0.0000000000000000
0.0000000000000000
0.0000000000000000
0.0000000000000000
0.0000000000000000
0.0407673273982464
0.1264916726596210
0.1492861017274476
0.1413864992442393
0.1156145534555744
0.0393908241292885
0.0000000000000000
0.0000000000000000
0.0344711980411126
0.0311189913275939
0.0262281545594825
0.0200593189538998
0.0128471575627105
0.0045711288514862
0.0000000000000000
0.0000000000000000
0.0000000000000000
0.0000000000000000
0.0000000000000000
0.0000000000000000
0.0000000000000000
0.0000000000000000
0.0000000000000000
0.0000000000000000
0.0383972339843472
0.1254995772009359
0.1488528591548225
0.1411442468244083
0.1154361557354917
0.0393041662015054
0.0000000000000000
0.0000000000000000
0.0344054921280389
0.0310540112887843
0.0261607031515681
0.0199857032771989
0.0127617645386281
0.0044635787591928
0.0000000000000000
0.0000000000000000
0.0000000000000000
0.0000000000000000
0.0000000000000000
0.0000000000000000
0.0000000000000000
0.0000000000000000
0.0000000000000000
0.0000000000000000
0.0360164620970695
0.1244818573481273
0.1484033975713894
0.1408862456549207
0.1152409906893771
0.0392087184502882
0.0000000000000000
0.0000000000000000
0.0343368478605941
0.0309857151986165
0.0260895976717698
0.0199081189632871
0.0126719956978675
0.0043511268658016
0.0000000000000000
0.0000000000000000
0.0000000000000000
0.0000000000000000
0.0000000000000000
0.0000000000000000
0.0000000000000000
0.0000000000000000
0.0000000000000000
0.0000000000000000
0.0336321708793470
0.1234383603803759
0.1479376372190987
0.1406124154761091
0.1150290074519302
0.0391044853874200
0.0000000000000000
0.0000000000000000
0.0342652586252732
0.0309140999246275
0.0260148411925810
0.0198265766310835
0.0125778657802388
0.0042338360385630
0.0000000000000000
0.0000000000000000
0.0000000000000000
0.0000000000000000
0.0000000000000000
0.0000000000000000
0.0000000000000000
0.0000000000000000
0.0000000000000000
0.0000000000000000
0.0312523092475649
0.1223689275164845
0.1474555031446592
0.1403226888328558
0.1148001736151895
0.0389914825263556
0.0000000000000000
0.0000000000000000
0.0341907194568504
0.0308391647169279
0.0259364397458293
0.0197410901997986
0.0124793926881836
0.0041117811142971
0.0000000000000000
0.0000000000000000
0.0000000000000000
0.0000000000000000
0.0000000000000000
0.0000000000000000
