0.0000000000000000
0.0000000000000000
0.0000000000000000
0.0000000000000000
0.0878721528710876
0.1438491694446627
0.1552806919216824
0.1426949193663964
0.1149129025576740
0.0775480452035603
0.0371092504643543
0.0370450868233194
0.0000000000000000
0.0000000000000000
0.0000000000000000
0.0206230956717903
0.0135619597435442
0.0056145676264761
0.0000000000000000
0.0000000000000000
0.0000000000000000
0.0000000000000000
0.0000000000000000
0.0000000000000000
0.0000000000000000
0.0000000000000000
0.0000000000000000
0.0000000000000000
0.0866904906760652
0.1434581410442533
0.1552198109633623
0.1428003230452014
0.1151066157688987
0.0777787261964873
0.0370869164198162
0.0370366676706072
0.0000000000000000
0.0000000000000000
0.0000000000000000
0.0206468135423660
0.0135857969648695
0.0056355009642187
0.0000000000000000
0.0000000000000000
0.0000000000000000
0.0000000000000000
0.0000000000000000
0.0000000000000000
0.0000000000000000
0.0000000000000000
0.0000000000000000
0.0000000000000000
0.0854589334021911
0.1430469048233723
0.1551468078081470
0.1428950162557513
0.1152889109797515
0.0779965988432662
0.0370626063715712
0.0370261094836292
0.0000000000000000
0.0000000000000000
0.0000000000000000
0.0206671505351438
0.0136057514459081
0.0056517323318762
0.0000000000000000
0.0000000000000000
0.0000000000000000
0.0000000000000000
0.0000000000000000
0.0000000000000000
0.0000000000000000
0.0000000000000000
0.0000000000000000
0.0000000000000000
0.0841770226278356
0.1426152481347950
0.1550615039168591
0.1429787724556131
0.1154595269494087
0.0782013959853446
0.0370363171042647
0.0370133971355990
0.0000000000000000
0.0000000000000000
0.0000000000000000
0.0206840692876281
0.0136217885525489
0.0056632308292889
0.0000000000000000
0.0000000000000000
0.0000000000000000
0.0000000000000000
0.0000000000000000
0.0000000000000000
0.0000000000000000
0.0000000000000000
0.0000000000000000
0.0000000000000000
0.0828443055935230
0.1421629486956346
0.1549637186900899
0.1430513666610103
0.1156182072654643
0.0783928584488650
0.0370080447258273
0.0369985151211268
0.0000000000000000
0.0000000000000000
0.0000000000000000
0.0206975336917096
0.0136338751200828
0.0056699672649216
0.0000000000000000
0.0000000000000000
0.0000000000000000
0.0000000000000000
0.0000000000000000
0.0000000000000000
0.0000000000000000
0.0000000000000000
0.0000000000000000
0.0000000000000000
0.0814603452507498
0.1416897757452201
0.1548532694558871
0.1431125746985749
0.1157646991303192
0.0785707335082238
0.0369777846841305
0.0369814475139419
0.0000000000000000
0.0000000000000000
0.0000000000000000
0.0207075086456039
0.0136419791596641
0.0056719137877869
0.0000000000000000
0.0000000000000000
0.0000000000000000
0.0000000000000000
0.0000000000000000
0.0000000000000000
0.0000000000000000
0.0000000000000000
0.0000000000000000
0.0000000000000000
0.0800247298364138
0.1411954907866071
0.1547299715650722
0.1431621729145258
0.1158987527902034
0.0787347741635123
0.0369455317787596
0.0369621779528172
0.0000000000000000
0.0000000000000000
0.0000000000000000
0.0207139599389152
0.0136460697189597
0.0056690436963833
0.0000000000000000
0.0000000000000000
0.0000000000000000
0.0000000000000000
0.0000000000000000
0.0000000000000000
0.0000000000000000
0.0000000000000000
0.0000000000000000
0.0000000000000000
0.0785370823918232
0.1406798480039799
0.1545936385888614
0.1431999382504434
0.1160201215648795
0.0788847391022923
0.0369112801732845
0.0369406896553346
0.0000000000000000
0.0000000000000000
0.0000000000000000
0.0207168542586429
0.0136461168735449
0.0056613314163525
0.0000000000000000
0.0000000000000000
0.0000000000000000
0.0000000000000000
0.0000000000000000
0.0000000000000000
0.0000000000000000
0.0000000000000000
0.0000000000000000
0.0000000000000000
0.0769970708851874
0.1401425945216747
0.1544440826229420
0.1432256486154771
0.1161285622590497
0.0790203931594689
0.0368750234190061
0.0369169654600206
0.0000000000000000
0.0000000000000000
0.0000000000000000
0.0207161592763580
0.0136420918188276
0.0056487525967567
0.0000000000000000
0.0000000000000000
0.0000000000000000
0.0000000000000000
0.0000000000000000
0.0000000000000000
0.0000000000000000
0.0000000000000000
0.0000000000000000
0.0000000000000000
0.0754044199029002
0.1395834707550163
0.1542811146960258
0.1432390833961711
0.1162238357829752
0.0791415079812628
0.0368367544964480
0.0368909878902823
0.0000000000000000
0.0000000000000000
0.0000000000000000
0.0207118437785390
0.0136339669990892
0.0056312842696878
0.0000000000000000
0.0000000000000000
0.0000000000000000
0.0000000000000000
0.0000000000000000
0.0000000000000000
0.0000000000000000
0.0000000000000000
0.0000000000000000
0.0000000000000000
0.0737589247051950
0.1390022110753452
0.1541045452692778
0.1432400239509436
0.1163057076671088
0.0792478625811905
0.0369012232905531
0.0368627392318528
0.0000000000000000
0.0000000000000000
0.0000000000000000
0.0207038777677472
0.0136217162135526
0.0056089049869581
0.0000000000000000
0.0000000000000000
0.0000000000000000
0.0000000000000000
0.0000000000000000
0.0000000000000000
0.0000000000000000
0.0000000000000000
0.0000000000000000
0.0000000000000000
0.0720604687929374
0.1383985450664997
0.1539141848156785
0.1432282539040111
0.1163739482163017
0.0793392433919513
0.0369760934406769
0.0368322016120149
0.0000000000000000
0.0000000000000000
0.0000000000000000
0.0206922324861693
0.0136053146212949
0.0055815948622063
0.0000000000000000
0.0000000000000000
0.0000000000000000
0.0000000000000000
0.0000000000000000
0.0000000000000000
0.0000000000000000
0.0000000000000000
0.0000000000000000
0.0000000000000000
0.0703090456381237
0.1377721995667042
0.1537098444879056
0.1432035591519298
0.1164283321293251
0.0794154436811701
0.0370346955429033
0.0367993570768361
0.0000000000000000
0.0000000000000000
0.0000000000000000
0.0206768803316929
0.0135847386321652
0.0055493354898511
0.0000000000000000
0.0000000000000000
0.0000000000000000
0.0000000000000000
0.0000000000000000
0.0000000000000000
0.0000000000000000
0.0000000000000000
0.0000000000000000
0.0000000000000000
0.0685047851317760
0.1371229016138685
0.1534913369323085
0.1431657276347513
0.1164686376782009
0.0794762623709504
0.0370768774431877
0.0367641876752891
0.0000000000000000
0.0000000000000000
0.0000000000000000
0.0206577947066746
0.0135599657171024
0.0055121098018593
0.0000000000000000
0.0000000000000000
0.0000000000000000
0.0000000000000000
0.0000000000000000
0.0000000000000000
0.0000000000000000
0.0000000000000000
0.0000000000000000
0.0000000000000000
0.0666479847925221
0.1364503822865839
0.1532584773565475
0.1431145490926996
0.1164946457181888
0.0795215026716804
0.0371024933937176
0.0367266755722667
0.0000000000000000
0.0000000000000000
0.0000000000000000
0.0206349498688619
0.0135309742282932
0.0054699019536048
0.0000000000000000
0.0000000000000000
0.0000000000000000
0.0000000000000000
0.0000000000000000
0.0000000000000000
0.0000000000000000
0.0000000000000000
0.0000000000000000
0.0000000000000000
0.0647391457187201
0.1357543814405906
0.1530110849463944
0.1430498149977641
0.1165061388550872
0.0795509708387625
0.0371114027199513
0.0366868032066438
0.0000000000000000
0.0000000000000000
0.0000000000000000
0.0206083208422895
0.0134977432854202
0.0054226973199812
0.0000000000000000
0.0000000000000000
0.0000000000000000
0.0000000000000000
0.0000000000000000
0.0000000000000000
0.0000000000000000
0.0000000000000000
0.0000000000000000
0.0000000000000000
0.0627790125874542
0.1350346530303554
0.1527489845840882
0.1429713187528893
0.1165029008507686
0.0795644752179897
0.0371034687469719
0.0366445534804899
0.0000000000000000
0.0000000000000000
0.0000000000000000
0.0205778833753830
0.0134602527134389
0.0053704825586422
0.0000000000000000
0.0000000000000000
0.0000000000000000
0.0000000000000000
0.0000000000000000
0.0000000000000000
0.0000000000000000
0.0000000000000000
0.0000000000000000
0.0000000000000000
0.0607686157110204
0.1342909702909388
0.1524720085645700
0.1428788560056807
0.1164847162536055
0.0795618254902598
0.0370785579021511
0.0365999099212994
0.0000000000000000
0.0000000000000000
0.0000000000000000
0.0205436138890681
0.0134184829488821
0.0053132456483067
0.0000000000000000
0.0000000000000000
0.0000000000000000
0.0000000000000000
0.0000000000000000
0.0000000000000000
0.0000000000000000
0.0000000000000000
0.0000000000000000
0.0000000000000000
0.0587093113259836
0.1335231293698542
0.1521799977988358
0.1427722249413510
0.1164513701830194
0.0795428321520420
0.0370365389629700
0.0365528567429850
0.0000000000000000
0.0000000000000000
0.0000000000000000
0.0205054893660107
0.0133724148718108
0.0052509758277340
0.0000000000000000
0.0000000000000000
0.0000000000000000
0.0000000000000000
0.0000000000000000
0.0000000000000000
0.0000000000000000
0.0000000000000000
0.0000000000000000
0.0000000000000000
0.0566028161067688
0.1327309498809765
0.1518728020498373
0.1426512265494256
0.1164026485798712
0.0795073066030985
0.0369772829056353
0.0365033787659429
0.0000000000000000
0.0000000000000000
0.0000000000000000
0.0204634872516550
0.0133220296310146
0.0051836635402226
0.0000000000000000
0.0000000000000000
0.0000000000000000
0.0000000000000000
0.0000000000000000
0.0000000000000000
0.0000000000000000
0.0000000000000000
0.0000000000000000
0.0000000000000000
0.0544512338490180
0.1319142717087014
0.1515502791580372
0.1425156651863257
0.1163383394317406
0.0794550625989621
0.0369006641783325
0.0364514612432137
0.0000000000000000
0.0000000000000000
0.0000000000000000
0.0204175855270980
0.0132673086815734
0.0051113006492152
0.0000000000000000
0.0000000000000000
0.0000000000000000
0.0000000000000000
0.0000000000000000
0.0000000000000000
0.0000000000000000
0.0000000000000000
0.0000000000000000
0.0000000000000000
0.0522570769851009
0.1310729488560392
0.1512122937700391
0.1423653498782229
0.1162582355081083
0.0793859196381217
0.0368065641868900
0.0363970897157320
0.0000000000000000
0.0000000000000000
0.0000000000000000
0.0101838817538496
0.0132082342467645
0.0050338812258571
0.0000000000000000
0.0000000000000000
0.0000000000000000
0.0000000000000000
0.0000000000000000
0.0000000000000000
0.0000000000000000
0.0000000000000000
0.0000000000000000
0.0000000000000000
0.0500232890388046
0.1302068426087179
0.1508587164067255
0.1422000966462433
0.1161621386254110
0.0792997083133059
0.0366948769581984
0.0363402500283398
0.0000000000000000
0.0000000000000000
0.0000000000000000
0.0101570006321361
0.0131447902854142
0.0049514030130437
0.0000000000000000
0.0000000000000000
0.0000000000000000
0.0000000000000000
0.0000000000000000
0.0000000000000000
0.0000000000000000
0.0000000000000000
0.0000000000000000
0.0000000000000000
0.0477532747428658
0.1293158162935582
0.1504894234842695
0.1420197316478343
0.1160498648044250
0.0791962766639414
0.0365655160518784
0.0362809285528146
0.0000000000000000
0.0000000000000000
0.0000000000000000
0.0101281414611076
0.0130769637755259
0.0048638693690058
0.0000000000000000
0.0000000000000000
0.0000000000000000
0.0000000000000000
0.0000000000000000
0.0000000000000000
0.0000000000000000
0.0000000000000000
0.0000000000000000
0.0000000000000000
0.0454509405846938
0.1283997327317970
0.1501042982414207
0.1418240944632416
0.1159212491689032
0.0790754961364828
0.0364184209963497
0.0362191125384514
0.0000000000000000
0.0000000000000000
0.0000000000000000
0.0100972981546488
0.0130047459511003
0.0047712912379124
0.0000000000000000
0.0000000000000000
0.0000000000000000
0.0000000000000000
0.0000000000000000
0.0000000000000000
0.0000000000000000
0.0000000000000000
0.0000000000000000
0.0000000000000000
0.0431207435495502
0.1274584536322526
0.1497032318891789
0.1416130406394290
0.1157761495027101
0.0789372657628908
0.0362535617771982
0.0361547904296840
0.0000000000000000
0.0000000000000000
0.0000000000000000
0.0100644670302736
0.0129281331195194
0.0046736887188147
0.0000000000000000
0.0000000000000000
0.0000000000000000
0.0000000000000000
0.0000000000000000
0.0000000000000000
0.0000000000000000
0.0000000000000000
0.0000000000000000
0.0000000000000000
0.0407677428202465
0.1264918392889798
0.1492861241461008
0.1413864428952959
0.1156144478395730
0.0787815139464934
0.0360709405975701
0.0360879520143789
0.0000000000000000
0.0000000000000000
0.0000000000000000
0.0100296469261821
0.0128471268832102
0.0045710920166921
0.0000000000000000
0.0000000000000000
0.0000000000000000
0.0000000000000000
0.0000000000000000
0.0000000000000000
0.0000000000000000
0.0000000000000000
0.0000000000000000
0.0000000000000000
0.0383976502432735
0.1254997474023452
0.1488528827780390
0.1411441909202221
0.1154360502402050
0.0786081980398026
0.0358705912054247
0.0360185883713322
0.0000000000000000
0.0000000000000000
0.0000000000000000
0.0099928390890720
0.0127617338363417
0.0044635419037445
0.0000000000000000
0.0000000000000000
0.0000000000000000
0.0000000000000000
0.0000000000000000
0.0000000000000000
0.0000000000000000
0.0000000000000000
0.0000000000000000
0.0000000000000000
0.0360168782315855
0.1244820312094946
0.1484034224145027
0.1408861901951127
0.1152408853117857
0.0784173024842809
0.0357177962033911
0.0359466916959456
0.0000000000000000
0.0000000000000000
0.0000000000000000
0.0099540469329273
0.0126719649710580
0.0043510899955600
0.0000000000000000
0.0000000000000000
0.0000000000000000
0.0000000000000000
0.0000000000000000
0.0000000000000000
0.0000000000000000
0.0000000000000000
0.0000000000000000
0.0000000000000000
0.0336325857918706
0.1234385379907745
0.1479376632975412
0.1406123604603518
0.1150289021891662
0.0782088363037291
0.0356378984936129
0.0358722551181049
0.0000000000000000
0.0000000000000000
0.0000000000000000
0.0099132757672140
0.0125778350271528
0.0042337991608775
0.0000000000000000
0.0000000000000000
0.0000000000000000
0.0000000000000000
0.0000000000000000
0.0000000000000000
0.0000000000000000
0.0000000000000000
0.0000000000000000
0.0000000000000000
0.0312527216960062
0.1223691089661754
0.1474555304739949
0.1403226342608946
0.1148000684645518
0.0779828305253011
0.0355558707141231
0.0357952725854234
0.0000000000000000
0.0000000000000000
0.0000000000000000
0.0098705325515443
0.0124793619070503
0.0041117442382504
0.0000000000000000
0.0000000000000000
0.0000000000000000
0.0000000000000000
0.0000000000000000
0.0000000000000000
