0.0000000000000000
0.0000000000000000
0.0000000000000000
0.0000000000000000
0.0000000000000000
0.0000000000000000
0.0000000000000000
0.0000000000000000
0.0000000000000000
0.0353942418927469
0.0388922076540981
0.0815256440487639
0.1169726101846919
0.1415641342427860
0.1520764891373520
0.1454083324659728
0.1173044824733283
0.0582958005389335
0.0000000000000000
0.0000000000000000
0.0000000000000000
0.0000000000000000
0.0000000000000000
0.0000000000000000
0.0000000000000000
0.0000000000000000
0.0000000000000000
0.0000000000000000
0.0000000000000000
0.0000000000000000
0.0000000000000000
0.0000000000000000
0.0000000000000000
0.0353572002292326
0.0386203609745910
0.0813187919443700
0.1168548449096589
0.1415509694312047
0.1521739232465659
0.1456113733887440
0.1175927522563406
0.0586017402200771
0.0000000000000000
0.0000000000000000
0.0000000000000000
0.0000000000000000
0.0000000000000000
0.0000000000000000
0.0000000000000000
0.0000000000000000
0.0000000000000000
0.0000000000000000
0.0000000000000000
0.0000000000000000
0.0000000000000000
0.0000000000000000
0.0000000000000000
0.0353182665810352
0.0383588133569328
0.0811230205102913
0.1167481620619599
0.1415478019254222
0.1522787060856400
0.1458164932511166
0.1178721175325225
0.0588728360013951
0.0000000000000000
0.0000000000000000
0.0000000000000000
0.0000000000000000
0.0000000000000000
0.0000000000000000
0.0000000000000000
0.0000000000000000
0.0000000000000000
0.0000000000000000
0.0000000000000000
0.0000000000000000
0.0000000000000000
0.0000000000000000
0.0000000000000000
0.0352774508289784
0.0381078019472476
0.0809384932398757
0.1166526342712459
0.1415546040717435
0.1523907087759858
0.1460234695771640
0.1181422740090911
0.0591086306052501
0.0000000000000000
0.0000000000000000
0.0000000000000000
0.0000000000000000
0.0000000000000000
0.0000000000000000
0.0000000000000000
0.0000000000000000
0.0000000000000000
0.0000000000000000
0.0000000000000000
0.0000000000000000
0.0000000000000000
0.0000000000000000
0.0000000000000000
0.0352347619747967
0.0378675517520671
0.0807653597950019
0.1165683194628467
0.1415713333390331
0.1525097876556701
0.1462320639032953
0.1184028927388256
0.0593086129437058
0.0000000000000000
0.0000000000000000
0.0000000000000000
0.0000000000000000
0.0000000000000000
0.0000000000000000
0.0000000000000000
0.0000000000000000
0.0000000000000000
0.0000000000000000
0.0000000000000000
0.0000000000000000
0.0000000000000000
0.0000000000000000
0.0000000000000000
0.0351902082142154
0.0376382773357066
0.0806037576064214
0.1164952621782010
0.1415979332467316
0.1526357846718271
0.1464420214455375
0.1186536186658777
0.0594722143065037
0.0000000000000000
0.0000000000000000
0.0000000000000000
0.0000000000000000
0.0000000000000000
0.0000000000000000
0.0000000000000000
0.0000000000000000
0.0000000000000000
0.0000000000000000
0.0000000000000000
0.0000000000000000
0.0000000000000000
0.0000000000000000
0.0000000000000000
0.0351437969716579
0.0374201836817759
0.0804538126793564
0.1164334943000379
0.1416343339191138
0.1527685276829144
0.1466530710343378
0.1188940699295647
0.0595988061298626
0.0000000000000000
0.0000000000000000
0.0000000000000000
0.0000000000000000
0.0000000000000000
0.0000000000000000
0.0000000000000000
0.0000000000000000
0.0000000000000000
0.0000000000000000
0.0000000000000000
0.0000000000000000
0.0000000000000000
0.0000000000000000
0.0000000000000000
0.0350955349103879
0.0372134662777640
0.0803156397528647
0.1163830352226275
0.1416804522684593
0.1529078306357693
0.1468649252288834
0.1191238377344219
0.0596876992296658
0.0000000000000000
0.0000000000000000
0.0000000000000000
0.0000000000000000
0.0000000000000000
0.0000000000000000
0.0000000000000000
0.0000000000000000
0.0000000000000000
0.0000000000000000
0.0000000000000000
0.0000000000000000
0.0000000000000000
0.0000000000000000
0.0000000000000000
0.0350454279367782
0.0370183107264298
0.0801893419508715
0.1163438916252171
0.1417361918981426
0.1530534935980382
0.1470772804752196
0.1193424865813432
0.0597381440142611
0.0000000000000000
0.0000000000000000
0.0000000000000000
0.0000000000000000
0.0000000000000000
0.0000000000000000
0.0000000000000000
0.0000000000000000
0.0000000000000000
0.0000000000000000
0.0000000000000000
0.0000000000000000
0.0000000000000000
0.0000000000000000
0.0000000000000000
0.0349934812198954
0.0368351590918153
0.0800750102675245
0.1163160570544538
0.1418014428306950
0.1532053026708585
0.1472898172196675
0.1195495545195407
0.0597493311787025
0.0000000000000000
0.0000000000000000
0.0000000000000000
0.0000000000000000
0.0000000000000000
0.0000000000000000
0.0000000000000000
0.0000000000000000
0.0000000000000000
0.0000000000000000
0.0000000000000000
0.0000000000000000
0.0000000000000000
0.0000000000000000
0.0000000000000000
0.0349396992437265
0.0367948732980101
0.0799727231842981
0.1162995116219908
0.1418760812811342
0.1533630298404061
0.1475021998436730
0.1197445531347806
0.0597203921095979
0.0000000000000000
0.0000000000000000
0.0000000000000000
0.0000000000000000
0.0000000000000000
0.0000000000000000
0.0000000000000000
0.0000000000000000
0.0000000000000000
0.0000000000000000
0.0000000000000000
0.0000000000000000
0.0000000000000000
0.0000000000000000
0.0000000000000000
0.0348840859124059
0.0367525600165590
0.0798825468222396
0.1162942220821057
0.1419599696444947
0.1535264328422097
0.1477140763576411
0.1199269668994516
0.0596503983609539
0.0000000000000000
0.0000000000000000
0.0000000000000000
0.0000000000000000
0.0000000000000000
0.0000000000000000
0.0000000000000000
0.0000000000000000
0.0000000000000000
0.0000000000000000
0.0000000000000000
0.0000000000000000
0.0000000000000000
0.0000000000000000
0.0000000000000000
0.0348266447145121
0.0367082110218651
0.0798045357793924
0.1163001424716388
0.1420529568153023
0.1536952550740292
0.1479250778075936
0.1200962518296014
0.0595383599304012
0.0000000000000000
0.0000000000000000
0.0000000000000000
0.0000000000000000
0.0000000000000000
0.0000000000000000
0.0000000000000000
0.0000000000000000
0.0000000000000000
0.0000000000000000
0.0000000000000000
0.0000000000000000
0.0000000000000000
0.0000000000000000
0.0000000000000000
0.0347673789523232
0.0366618179566080
0.0797387345552368
0.1163172151555935
0.1421548787388693
0.1538692255230682
0.1481348174447501
0.1202518335662503
0.0593832228636817
0.0000000000000000
0.0000000000000000
0.0000000000000000
0.0000000000000000
0.0000000000000000
0.0000000000000000
0.0000000000000000
0.0000000000000000
0.0000000000000000
0.0000000000000000
0.0000000000000000
0.0000000000000000
0.0000000000000000
0.0000000000000000
0.0000000000000000
0.0347062920294910
0.0366133725333000
0.0796851791910445
0.1163453720243404
0.1422655589842305
0.1540480586055402
0.1483428897257025
0.1203931052599005
0.0591838669922921
0.0000000000000000
0.0000000000000000
0.0000000000000000
0.0000000000000000
0.0000000000000000
0.0000000000000000
0.0000000000000000
0.0000000000000000
0.0000000000000000
0.0000000000000000
0.0000000000000000
0.0000000000000000
0.0000000000000000
0.0000000000000000
0.0000000000000000
0.0346433877923114
0.0365628667829777
0.0796438988143432
0.1163845355305467
0.1423848091636117
0.1542314538782380
0.1485488692537454
0.1205194255415754
0.0589391046126081
0.0000000000000000
0.0000000000000000
0.0000000000000000
0.0000000000000000
0.0000000000000000
0.0000000000000000
0.0000000000000000
0.0000000000000000
0.0000000000000000
0.0000000000000000
0.0000000000000000
0.0000000000000000
0.0000000000000000
0.0000000000000000
0.0000000000000000
0.0345786708910073
0.0365102933296043
0.0796149169583642
0.1164346195855759
0.1425124292702051
0.1544190957568079
0.1487523098363877
0.1206301167432670
0.0586476799184530
0.0000000000000000
0.0000000000000000
0.0000000000000000
0.0000000000000000
0.0000000000000000
0.0000000000000000
0.0000000000000000
0.0000000000000000
0.0000000000000000
0.0000000000000000
0.0000000000000000
0.0000000000000000
0.0000000000000000
0.0000000000000000
0.0000000000000000
0.0345121470850572
0.0364556456233356
0.0795982527863741
0.1164955304753863
0.1426482082119908
0.1546106535837799
0.1489527439878675
0.1207244634385042
0.0583082686957777
0.0000000000000000
0.0000000000000000
0.0000000000000000
0.0000000000000000
0.0000000000000000
0.0000000000000000
0.0000000000000000
0.0000000000000000
0.0000000000000000
0.0000000000000000
0.0000000000000000
0.0000000000000000
0.0000000000000000
0.0000000000000000
0.0000000000000000
0.0344438233734583
0.0363989180377313
0.0795939220954513
0.1165671678879290
0.1427919247572528
0.1548057823824987
0.1491496832506687
0.1208017116073016
0.0579194779124014
0.0000000000000000
0.0000000000000000
0.0000000000000000
0.0000000000000000
0.0000000000000000
0.0000000000000000
0.0000000000000000
0.0000000000000000
0.0000000000000000
0.0000000000000000
0.0000000000000000
0.0000000000000000
0.0000000000000000
0.0000000000000000
0.0000000000000000
0.0343737078484223
0.0363401057600293
0.0796019376700857
0.1166494256803519
0.1429433487154988
0.1550041243249384
0.1493426196198838
0.1208610689107729
0.0574798462704318
0.0000000000000000
0.0000000000000000
0.0000000000000000
0.0000000000000000
0.0000000000000000
0.0000000000000000
0.0000000000000000
0.0000000000000000
0.0000000000000000
0.0000000000000000
0.0000000000000000
0.0000000000000000
0.0000000000000000
0.0000000000000000
0.0000000000000000
0.0343018092620980
0.0362792044926377
0.0796223080992298
0.1167421916244292
0.1431022416848282
0.1552053104559890
0.1495310279416240
0.1209017067159790
0.0569878479758846
0.0000000000000000
0.0000000000000000
0.0000000000000000
0.0000000000000000
0.0000000000000000
0.0000000000000000
0.0000000000000000
0.0000000000000000
0.0000000000000000
0.0000000000000000
0.0000000000000000
0.0000000000000000
0.0000000000000000
0.0000000000000000
0.0000000000000000
0.0342281364355987
0.0362162100874684
0.0796550344635736
0.1168453453538251
0.1432683565739398
0.1554089619203188
0.1497143687986527
0.1209227640172394
0.0564419021976587
0.0000000000000000
0.0000000000000000
0.0000000000000000
0.0000000000000000
0.0000000000000000
0.0000000000000000
0.0000000000000000
0.0000000000000000
0.0000000000000000
0.0000000000000000
0.0000000000000000
0.0000000000000000
0.0000000000000000
0.0000000000000000
0.0000000000000000
0.0341526977145996
0.0361511182821307
0.0797001049780620
0.1169587544300318
0.1434414355127422
0.1556146901098052
0.1498920911891058
0.1209233528667642
0.0558403890602745
0.0000000000000000
0.0000000000000000
0.0000000000000000
0.0000000000000000
0.0000000000000000
0.0000000000000000
0.0000000000000000
0.0000000000000000
0.0000000000000000
0.0000000000000000
0.0000000000000000
0.0000000000000000
0.0000000000000000
0.0000000000000000
0.0000000000000000
0.0340755006466100
0.0360839246449638
0.0797574886672087
0.1170822692722245
0.1436212066159804
0.1558220957499076
0.1500636345420072
0.1209025642179558
0.0551816706139720
0.0000000000000000
0.0000000000000000
0.0000000000000000
0.0000000000000000
0.0000000000000000
0.0000000000000000
0.0000000000000000
0.0000000000000000
0.0000000000000000
0.0000000000000000
0.0000000000000000
0.0000000000000000
0.0000000000000000
0.0000000000000000
0.0000000000000000
0.0339965519064145
0.0360146247084945
0.0798271296313189
0.1172157184131814
0.1438073806815738
0.1560307675790309
0.1502284300231952
0.1208594729775107
0.0544641131100002
0.0000000000000000
0.0000000000000000
0.0000000000000000
0.0000000000000000
0.0000000000000000
0.0000000000000000
0.0000000000000000
0.0000000000000000
0.0000000000000000
0.0000000000000000
0.0000000000000000
0.0000000000000000
0.0000000000000000
0.0000000000000000
0.0000000000000000
0.0339158573619803
0.0359432141575455
0.0799089432723943
0.1173589053590535
0.1439996490381190
0.1562402814933188
0.1503859014136900
0.1207931413100724
0.0536861070916065
0.0000000000000000
0.0000000000000000
0.0000000000000000
0.0000000000000000
0.0000000000000000
0.0000000000000000
0.0000000000000000
0.0000000000000000
0.0000000000000000
0.0000000000000000
0.0000000000000000
0.0000000000000000
0.0000000000000000
0.0000000000000000
0.0000000000000000
0.0338334221248549
0.0358696889304928
0.0800028149849727
0.1175116076948839
0.1441976831291449
0.1564502007006424
0.1505354658756299
0.1207026198787660
0.0528460834252202
0.0000000000000000
0.0000000000000000
0.0000000000000000
0.0000000000000000
0.0000000000000000
0.0000000000000000
0.0000000000000000
0.0000000000000000
0.0000000000000000
0.0000000000000000
0.0000000000000000
0.0000000000000000
0.0000000000000000
0.0000000000000000
0.0000000000000000
0.0337492505080012
0.0357940451781588
0.0801086010240789
0.1176735781357301
0.1444011356732891
0.1566600768109020
0.1506765346619475
0.1205869472509801
0.0519425263090602
0.0000000000000000
0.0000000000000000
0.0000000000000000
0.0000000000000000
0.0000000000000000
0.0000000000000000
0.0000000000000000
0.0000000000000000
0.0000000000000000
0.0000000000000000
0.0000000000000000
0.0000000000000000
0.0000000000000000
0.0000000000000000
0.0000000000000000
0.0336633459273935
0.0357556920018357
0.0802261306750049
0.1178445467419314
0.1446096426763928
0.1568694513536188
0.1508085136273488
0.1204451480315560
0.0509739858665471
0.0000000000000000
0.0000000000000000
0.0000000000000000
0.0000000000000000
0.0000000000000000
0.0000000000000000
0.0000000000000000
0.0000000000000000
0.0000000000000000
0.0000000000000000
0.0000000000000000
0.0000000000000000
0.0000000000000000
0.0000000000000000
0.0000000000000000
0.0335757108457268
0.0358315615313008
0.0803552090066641
0.1180242234966876
0.1448228255902404
0.1570778571819829
0.1509308033537839
0.1202762302966409
0.0499390933224487
0.0000000000000000
0.0000000000000000
0.0000000000000000
0.0000000000000000
0.0000000000000000
0.0000000000000000
0.0000000000000000
0.0000000000000000
0.0000000000000000
0.0000000000000000
0.0000000000000000
0.0000000000000000
0.0000000000000000
0.0000000000000000
0.0000000000000000
0.0334863468195384
0.0359206356452556
0.0804956196725586
0.1182123008142736
0.1450402932356172
0.1572848195307026
0.1510427988848462
0.1200791827230557
0.0488365807222393
0.0000000000000000
0.0000000000000000
0.0000000000000000
0.0000000000000000
0.0000000000000000
0.0000000000000000
